  0.297785676149534     
  6.521485769873436E-003
 -3.017384635521569E-002
 -2.295592069459751E-002
 -3.359045278681538E-002
 -0.149852215741665     
  1.356264663270323E-002
 -1.697140814659015E-002
 -1.931102758609171E-002
  5.750745234658439E-002
 -8.970944745907961E-002
 -5.741627114860837E-002
 -6.434177250310213E-002
  0.196715922704689     
 -0.242014727452381     
 -0.150920729678909     
 -0.217412096113957     
  5.502305574213562E-002
 -1.996947228312784E-002
 -3.874130784012486E-002
  2.277009524871154E-002
 -7.627262194887674E-002
  0.126816946782552     
 -0.247330532811355     
 -9.531959712147664E-002
 -0.167060041055700     
  3.473058855040634E-002
 -9.037528320847699E-003
 -3.343710632774677E-002
  4.321584369482645E-002
 -7.873613332145180E-002
 -5.769433471797747E-002
 -0.101169299748427     
 -0.204010321076963     
  9.087320716918423E-003
 -8.313156046204639E-004
 -3.938416308930925E-002
  5.536862889697236E-003
 -6.816681822095649E-002
  0.149206737121499     
 -0.238231328960020     
 -3.156861410266298E-002
  0.232365739573814     
 -0.263909084639394     
 -0.146789356700005     
  1.317072833689492E-002
  5.757056674917482E-002
 -5.838678044403967E-002
 -2.603156961279574E-002
 -0.104223001190634     
 -6.716020399441813E-002
 -6.554659698562393E-002
 -7.885782835985911E-002
 -1.712195419168960E-002
 -9.839762745201597E-002
 -7.114200620190037E-002
 -6.588009737930278E-002
 -6.959057291154291E-002
 -3.790045828885358E-002
 -0.108281696888500     
 -6.808058088594660E-002
 -6.912014385356979E-002
 -6.641684345935861E-002
 -1.944163854107117E-002
 -0.114196602971130     
 -0.104194735759463     
  4.770158076530717E-002
  5.872956321383227E-002
  5.250435698993894E-002
  5.359617350572354E-002
  4.729811559822272E-002
  4.060265080568226E-002
  4.249447519981864E-002
  3.287308658687382E-002
  3.935875175797954E-002
  4.297067450755898E-002
  5.163276531547378E-002
  3.825231800291362E-002
  5.609891106132570E-002
  4.530063574429222E-002
  5.044862237602921E-002
  4.425316202944385E-002
  4.136368010642855E-002
  4.359683707079387E-002
  5.069365933164705E-002
  4.449076303460686E-002
  4.522149604267267E-002
  3.980408613669284E-002
  3.853359771993736E-002
  3.416413705464005E-002
  4.463598554676806E-002
  4.117371801308045E-002
  2.311935959500444E-002
  4.966204482623360E-002
  4.257386202385716E-002
  4.882328462905372E-002
  5.141138523015087E-002
  5.953787048195036E-002
  4.368585368545508E-002
  5.934150271639893E-002
  4.267808144192031E-002
  4.111434962906468E-002
  7.767194091181773E-002
  3.517261955330619E-002
  4.879414267949111E-002
  3.762244116626601E-002
  3.503716280560010E-002
  2.886384215858739E-002
  4.129902320605372E-002
  2.860971297877446E-002
  4.144828092814112E-002
  2.707561028252181E-002
  4.061084354761113E-002
  4.336957342187719E-002
  3.019972081933675E-002
  3.902192513622249E-002
  3.348925139789483E-002
  3.585644432062240E-002
  3.704340103779680E-002
  3.314998553900739E-002
  3.789768391917059E-002
  2.947033137115262E-002
  2.721399527179391E-002
  3.594095910878603E-002
  3.416854395451463E-002
  2.794699586043747E-002
  3.935070253001938E-002
  4.267295309862840E-002
  2.847404571811973E-002
  3.281983278776468E-002
  3.274959526834631E-002
  3.773093093922852E-002
  3.531116235200160E-002
  3.578148021352667E-002
  3.560316611550918E-002
  2.601855618415272E-002
  3.397151402252163E-002
  3.132679216858303E-002
  3.532009742082975E-002
  3.686550594699822E-002
