 excitation energies, transition moments and TDA amplitudes
 state    eV      nm       fL        Rv(corr)
    1    2.209   561.3     0.8222    -2.5701     0.88( 144-> 145) -0.36( 143-> 147) -0.14( 143-> 148)
    2    2.407   515.2     0.1526    -4.4602     0.85( 143-> 145)  0.39( 144-> 147)  0.19( 144-> 148)
    3    3.168   391.4     0.0046    -2.0437     0.94( 142-> 145)  0.20( 141-> 145) -0.14( 144-> 147)
    4    3.525   351.7     0.0125     4.2488     0.91( 144-> 146) -0.20( 143-> 146) -0.17( 141-> 145)
    5    3.618   342.7     0.0003     1.7773    -0.71( 141-> 145) -0.49( 144-> 147)  0.30( 139-> 145)
    6    3.802   326.1     0.0132     4.2819    -0.68( 138-> 145) -0.56( 137-> 145) -0.30( 139-> 145)
    7    3.844   322.6     0.2790     4.8016     0.59( 144-> 147) -0.41( 141-> 145) -0.34( 144-> 148)
    8    3.970   312.3     0.0652   -29.6031    -0.78( 143-> 146)  0.34( 139-> 145) -0.22( 144-> 148)
    9    4.104   302.1     0.4604    31.2336     0.64( 144-> 149) -0.44( 144-> 148)  0.41( 143-> 147)
