           6           1  0.380067658686604     
           7           2   1.50824055661994     
           7           6   1.12854019885496     
           8           7  0.941259883337267     
           9           8  0.940318297419874     
          10           3   1.36868662442190     
          10           6   1.33652020865715     
          10           9  0.925219249795232     
          11           9  0.968608581989786     
          12           8  0.944042878635955     
          13          12  0.988709718601480     
          14          13  0.879670346043199     
          15          14   1.86036098947417     
          16          14   1.08103053772396     
          17           1  0.587138190497970     
          18           3   1.27310416604581     
          18          17   1.16005420770255     
          19          18   1.23520824673488     
          20          19   1.32355740271771     
          21           4   1.23978244470470     
          21          17   1.11582228946620     
          21          20   1.17412590403254     
          22          19  0.983028823662386     
          23          20   1.05915542294427     
          24          23   1.79142159515270     
          25          23  0.943830412615216     
          26           1  0.345980182362741     
          27           4   1.46782593377414     
          27          26   1.24114872094617     
          28          27  0.886280223239539     
          29          28  0.969153652474889     
          30           5   1.44745125793617     
          30          26   1.25728702839246     
          30          29  0.919608228477309     
          31          28  0.985373252751959     
          32          29  0.944711527723937     
          33          32   1.00487039855888     
          34           1  0.525119905413799     
          35           5   1.28704044325617     
          35          34   1.11990325961106     
          36          35   1.17171951504415     
          37          36   1.40511231506829     
          38           2   1.18236067391342     
          38          34   1.23150263937836     
          38          37   1.14009887900534     
          39          36   1.00519670460666     
          40          37   1.08493210596490     
          41          40   1.79439511885169     
          42           2  0.926631764209394     
          42          40  0.868425892235960     
          43          42  0.926924628867097     
          44          43   1.82706143274498     
          45          43   1.07185620008077     
          46          45  0.974142141162775     
          47          16  0.939373218884730     
          48          47   1.02370218780370     
          49          48   1.88326849082770     
          50          49  0.962567412404044     
          51          49  0.976951488731187     
          52          51  0.961902455491705     
          53          52  0.988831735739163     
          54          53  0.942152758096510     
          55          54   1.01708442070947     
          56          54  0.959512810990006     
          57          56  0.961121714403411     
          58          57  0.996456889066342     
          59          58  0.955133559898880     
          60          59  0.982673440989656     
          61          59  0.962012776507378     
          62          61  0.986057287935721     
          63          62  0.987081003491836     
          64          63  0.966333104216382     
          65          64  0.991883719742220     
          66          64  0.977725115742257     
          67           3  0.934569983249339     
          68           4  0.929214599431256     
          69           5  0.927470142158537     
          70           8  0.934306420217786     
          71           9  0.944009721926693     
          72          11  0.977739593571020     
          73          11  0.973460149508261     
          74          11  0.980724780231458     
          75          12  0.958713012400666     
          76          12  0.955163517227021     
          77          13  0.952393593423924     
          78          13  0.960190767331808     
          79          22  0.974259356667243     
          80          22  0.965203240661306     
          81          22  0.967193247972205     
          82          25  0.963500224441592     
          83          25  0.964765100478923     
          84          25  0.975547125537172     
          85          28  0.943760087145622     
          86          29  0.938248130461403     
          87          31  0.978642635258505     
          88          31  0.972524630549879     
          89          31  0.978506935203111     
          90          32  0.971105375401565     
          91          32  0.964430738597835     
          92          33  0.980789173974664     
          93          33  0.978292497703927     
          94          33  0.979580972170304     
          95          39  0.974877061932704     
          96          39  0.965818677754165     
          97          39  0.960058121009143     
          98          42  0.927659046762090     
          99          46  0.989228378562865     
         100          46  0.976920004327639     
         101          46  0.986617149117760     
         102          47  0.963641299503711     
         103          47  0.937877956044063     
         104          48  0.931366845884415     
         105          50  0.974770866293563     
         106          50  0.975516167963351     
         107          50  0.980305013467712     
         108          51  0.958494974286418     
         109          51  0.952760013893200     
         110          52  0.964390203119542     
         111          52  0.965869654915544     
         112          53  0.966371834867981     
         113          53  0.960934744897554     
         114          54  0.946585287112607     
         115          55  0.967816309389531     
         116          55  0.965176960329194     
         117          55  0.975193090736317     
         118          56  0.965743175773097     
         119          56  0.969669913195478     
         120          57  0.972685694874367     
         121          57  0.968409585187596     
         122          58  0.966640584545782     
         123          58  0.967273881537362     
         124          59  0.954471979596097     
         125          60  0.976555811463148     
         126          60  0.978223036667052     
         127          60  0.980529583767390     
         128          61  0.955895783558930     
         129          61  0.965117374600672     
         130          62  0.957526977711687     
         131          62  0.961498915302249     
         132          63  0.964316039121276     
         133          63  0.960748027359355     
         134          64  0.956949486862578     
         135          65  0.973149136594459     
         136          65  0.974214359152814     
         137          65  0.979208129369707     
         138          66  0.982861272404659     
         139          66  0.977898397961483     
         140          66  0.977451025037691     
