  0.288808382522150     
  3.041818054395851E-003
 -2.224611927254916E-002
 -5.556154486777931E-002
 -2.844630746047550E-002
 -0.146583866341596     
  2.455819656387837E-002
 -2.643893691701482E-002
 -2.191444763792294E-002
  5.067286984298747E-002
 -8.713133583539268E-002
 -5.381094774422923E-002
 -6.340989198241065E-002
  0.208682608794441     
 -0.268303134639809     
 -0.171013494647965     
 -0.204032915037920     
  1.354210960748281E-002
 -4.026330065253880E-003
 -6.072442609210160E-002
  2.450260900412449E-002
 -7.447133992298038E-002
  0.151814989452310     
 -0.257544655542122     
 -7.931172814056886E-002
 -0.162373322029643     
  4.253437642255475E-002
 -8.225080403360785E-003
 -4.366926191880616E-002
  3.145552682473607E-002
 -8.036573124403468E-002
 -5.044414433201094E-002
 -9.738856046513611E-002
 -0.210677964038703     
  1.659293268292172E-002
 -3.047670244223433E-002
 -7.971748601468143E-002
  1.954778272296753E-002
 -5.850901701500000E-002
  0.144207371913508     
 -0.239163744108152     
 -1.123254431733400E-002
  0.237146397529285     
 -0.245105080351325     
 -0.162746023476215     
  6.825123728821936E-003
  4.223627123823226E-002
 -6.614870213412161E-002
 -2.170285152444951E-002
 -7.991245966161298E-002
 -5.665255303635952E-002
 -6.620256231133759E-002
 -7.591722022682923E-002
 -2.803101327371849E-002
 -9.566937490423211E-002
 -6.986064299288763E-002
 -6.503572192298623E-002
 -7.745278430928249E-002
 -3.835670730590213E-002
 -0.100443194525756     
 -8.208929388400410E-002
 -4.992543902245838E-002
 -6.974494560081901E-002
 -3.843363806354372E-002
 -0.112083818660923     
 -8.493102205281211E-002
  5.559733517270204E-002
  4.938408834639640E-002
  5.506863684664109E-002
  4.744697561017464E-002
  4.707777594602081E-002
  2.873744777736054E-002
  5.586340622249353E-002
  4.500357332230820E-002
  3.505057104689147E-002
  4.443134988433062E-002
  4.837433982939265E-002
  4.214208363627903E-002
  4.759643471855590E-002
  4.635307381924503E-002
  5.233027169876481E-002
  5.319717115501865E-002
  5.058704254687751E-002
  5.336065254016975E-002
  5.932912809822855E-002
  4.256298560436322E-002
  3.757861780211347E-002
  4.513270071389397E-002
  4.297378180562628E-002
  3.617694448760655E-002
  4.077616883630575E-002
  3.831010486654773E-002
  3.145531607803520E-002
  2.431061898064235E-002
  5.943678087621018E-002
  5.129250052676138E-002
  5.316913292728076E-002
  7.158367499470697E-002
  6.174347166949723E-002
  5.593020136175930E-002
  4.847156551764009E-002
  5.519745658803554E-002
  6.627017347853159E-002
  4.426315948134130E-002
  4.940253807916961E-002
  4.126649710501851E-002
  4.205318139953940E-002
  4.465943823185947E-002
  3.957114265601980E-002
  2.682132258436365E-002
  3.674010873887301E-002
  3.354130454254356E-002
  3.102018650034077E-002
  3.088520333384948E-002
  3.365448809102400E-002
  3.387017405560788E-002
  4.533999773114494E-002
  3.871650093037915E-002
  2.866431465186625E-002
  3.585355632414200E-002
  3.654099629893792E-002
  4.001451520162025E-002
  3.137541324172466E-002
  3.458778205584490E-002
  2.939994939451673E-002
  3.899399610210730E-002
  4.089907041564533E-002
  2.925775234386796E-002
  1.876839039732725E-002
  2.331552220418986E-002
  3.597151439800417E-002
  2.626123770604993E-002
  2.660487372628306E-002
  2.588201504550502E-002
  3.652381613101474E-002
  2.813064038800051E-002
  3.923237714968475E-002
  3.849222664399199E-002
  4.032697896862336E-002
  4.128492523053318E-002
