 excitation energies, transition moments and TDA amplitudes
 state    eV      nm       fL        Rv(corr)
    1    2.176   569.7     0.7592    -8.4685    -0.87( 143-> 144) -0.33( 142-> 146) -0.25( 142-> 145)
    2    2.401   516.4     0.1087    -1.5921    -0.81( 142-> 144)  0.37( 143-> 146)  0.31( 143-> 145)
    3    2.959   419.0     0.0313    -9.0755     0.90( 141-> 144)  0.26( 140-> 144)  0.15( 142-> 144)
    4    3.467   357.6     0.0113     4.8194     0.81( 140-> 144)  0.32( 143-> 146) -0.31( 138-> 144)
    5    3.638   340.8     0.0751   -16.7781    -0.75( 143-> 145) -0.36( 143-> 149)  0.34( 143-> 147)
    6    3.721   333.2     0.0365    15.0144     0.49( 143-> 146) -0.48( 143-> 147)  0.43( 143-> 149)
    7    3.959   313.2     0.0581   -12.1242    -0.60( 142-> 145)  0.32( 138-> 144)  0.25( 143-> 149)
    8    4.033   307.4     0.0400   -38.8808     0.56( 137-> 144)  0.49( 136-> 144)  0.35( 142-> 145)
    9    4.088   303.3     0.7790    10.2284     0.52( 142-> 147)  0.37( 143-> 146) -0.29( 142-> 149)
