           6           1  0.388967837643859     
           7           2   1.46789608695480     
           7           6   1.18187256778996     
           8           7  0.940756303509676     
           9           8  0.937333135019777     
          10           3   1.42258047839393     
          10           6   1.26317511912471     
          10           9  0.946385853270510     
          11           9  0.964293430258615     
          12           8  0.946884322543939     
          13          12  0.983307562503378     
          14          13  0.917819858817209     
          15          14   1.83982157728206     
          16          14   1.08147718094501     
          17           1  0.574634964559561     
          18           3   1.27489567841889     
          18          17   1.07750572724828     
          19          18   1.22194063954455     
          20          19   1.42329882439560     
          21           4   1.28656724069749     
          21          17   1.21161635686395     
          21          20   1.10136600638726     
          22          19  0.956062600078125     
          23          20  0.985319884884407     
          24          23   1.79777064453492     
          25          23   1.01014040696497     
          26           1  0.367835829374775     
          27           4   1.37694158158109     
          27          26   1.32329989242030     
          28          27  0.906118146246932     
          29          28  0.948066915374865     
          30           5   1.42227761475017     
          30          26   1.18844585739446     
          30          29  0.952383540954211     
          31          28  0.984562187584533     
          32          29  0.944458853015906     
          33          32   1.00815760677583     
          34           1  0.518439292378423     
          35           5   1.32551205952837     
          35          34   1.11700266764106     
          36          35   1.15652614153402     
          37          36   1.32308653786036     
          38           2   1.19383868640513     
          38          34   1.20856500658861     
          38          37   1.19680809937751     
          39          36   1.01257571524809     
          40          37   1.03384401291826     
          41          40   1.80965663518448     
          42           2  0.920274970854231     
          42          40  0.899465565247427     
          43          42  0.914901972233068     
          44          43   1.84070272278794     
          45          43   1.07150113008399     
          46          45  0.962032111170635     
          47          16  0.910796581217654     
          48          47   1.02523473810369     
          49          48   1.85266722765217     
          50          49  0.977220161678425     
          51          49  0.984791554390261     
          52          51  0.968207345322459     
          53          52  0.975062117429865     
          54          53  0.966456258057083     
          55          54  0.977267020619049     
          56          54  0.977319588636297     
          57          56  0.996361293985223     
          58          57  0.972285796755417     
          59          58  0.969351528695511     
          60          59  0.971905908653256     
          61          59  0.959700117827517     
          62          61  0.981224544796924     
          63          62  0.999488788489626     
          64          63  0.966671505200724     
          65          64  0.985407918109592     
          66          64  0.975123527719267     
          67           3  0.929602354062472     
          68           4  0.936992375545229     
          69           5  0.931115779216029     
          70           8  0.938347570517258     
          71           9  0.943998054718321     
          72          11  0.979881520398562     
          73          11  0.967889479199530     
          74          11  0.977804783517410     
          75          12  0.959298071526082     
          76          12  0.957523934429018     
          77          13  0.952641070506136     
          78          13  0.957164920546158     
          79          22  0.973179097123339     
          80          22  0.980175819266283     
          81          22  0.973256613122205     
          82          25  0.964824443138125     
          83          25  0.952388821256724     
          84          25  0.941208900046529     
          85          28  0.942907019359411     
          86          29  0.927728688656849     
          87          31  0.975775499495793     
          88          31  0.976051330797728     
          89          31  0.970527449149896     
          90          32  0.968787187774384     
          91          32  0.964485991536027     
          92          33  0.981225401550536     
          93          33  0.982053026295979     
          94          33  0.977047735789586     
          95          39  0.972495300119131     
          96          39  0.954264299521888     
          97          39  0.965323659015501     
          98          42  0.915949423099281     
          99          46  0.979604275084608     
         100          46  0.988204538271625     
         101          46  0.989059467189754     
         102          47  0.967801732419545     
         103          47  0.960339358271613     
         104          48  0.940925082199298     
         105          50  0.971672311601110     
         106          50  0.977365057326701     
         107          50  0.974199529958041     
         108          51  0.961097615490060     
         109          51  0.960507240167347     
         110          52  0.969018947856005     
         111          52  0.966539962063699     
         112          53  0.961298339303278     
         113          53  0.969566694341377     
         114          54  0.955821064877892     
         115          55  0.984426551481884     
         116          55  0.981244263378812     
         117          55  0.977009278073671     
         118          56  0.958808240300693     
         119          56  0.957141416405036     
         120          57  0.963705719271358     
         121          57  0.963124901109397     
         122          58  0.958758826487121     
         123          58  0.966850903266678     
         124          59  0.954544749435578     
         125          60  0.982885380974829     
         126          60  0.980506224835188     
         127          60  0.976164863236133     
         128          61  0.961963302316371     
         129          61  0.965991961723623     
         130          62  0.967510486502036     
         131          62  0.961045194864430     
         132          63  0.958872380097739     
         133          63  0.960936977259314     
         134          64  0.961162199201603     
         135          65  0.977323611245703     
         136          65  0.981424634581486     
         137          65  0.980190418350174     
         138          66  0.984670643320285     
         139          66  0.980475968280810     
         140          66  0.980140249403703     
