  0.318619682549639     
  1.572211667560497E-002
 -4.123263190950777E-002
 -3.459248548893612E-002
 -3.630219235932053E-002
 -0.144966989882230     
  5.384843739167611E-002
 -1.992500871289682E-002
 -1.686719770812051E-002
  2.703547139174223E-002
 -7.817224910908127E-002
 -5.486204647467385E-002
 -4.870722150182427E-002
  0.206383860393247     
 -0.280872722498571     
 -0.157433302731082     
 -0.207381550193340     
  3.507182260499508E-002
 -4.197174951575811E-002
 -6.518197894916433E-002
  3.842194907250907E-002
 -7.585727833437961E-002
  0.167562050491826     
 -0.249611775937778     
 -8.117078440290637E-002
 -0.179930628743286     
  3.598872364496764E-002
 -1.769594396234986E-002
 -2.791126616420758E-002
  4.780900547866240E-002
 -9.227421894836585E-002
 -6.613210859204877E-002
 -9.271478334250727E-002
 -0.232854276360467     
  5.240022541804645E-002
 -3.695814879475012E-002
 -4.862176455411760E-002
  6.908162397719408E-003
 -5.841789455655100E-002
  0.173805248480744     
 -0.231666797547179     
 -4.007146760690361E-002
  0.189226833663688     
 -0.258859872682149     
 -0.144490408384046     
  5.088252438629315E-003
  4.724378589811762E-002
 -7.599832663806527E-002
 -1.346866474810682E-002
 -0.107144789881703     
 -5.048037397162641E-002
 -5.970767746718852E-002
 -7.058176828536578E-002
 -3.029420506290936E-002
 -0.113021607493928     
 -4.519943023524675E-002
 -5.494788641702009E-002
 -6.416767743868501E-002
 -4.153355131130798E-002
 -0.117844418487906     
 -7.022211224906894E-002
 -5.591928031788740E-002
 -4.911051272716449E-002
 -2.214139318090691E-002
 -0.111790054522023     
 -0.122863750006069     
  5.429319263343291E-002
  6.196877115925215E-002
  5.072316824554901E-002
  4.922761595422576E-002
  4.531052880421949E-002
  3.779390463722843E-002
  4.583801176041158E-002
  4.184801168960584E-002
  5.334794309769342E-002
  4.088691961687840E-002
  4.956594173932005E-002
  5.133591392134096E-002
  5.446953517785258E-002
  5.096593721172227E-002
  4.215747894439448E-002
  5.715856883996995E-002
  4.732223971750116E-002
  4.728014918194712E-002
  5.578740055247511E-002
  5.819690984666914E-002
  3.681547352200332E-002
  4.178294903622826E-002
  3.473429528505767E-002
  4.122943781795152E-002
  2.899445077043383E-002
  3.759345533891234E-002
  2.601537266585163E-002
  3.922479927045563E-002
  5.923576844468859E-002
  5.678683401842721E-002
  5.289395042299361E-002
  5.760891708273463E-002
  3.518732324982599E-002
  5.337715409093435E-002
  3.802512919442147E-002
  6.020349036175254E-002
  5.733084854873172E-002
  3.644154649897513E-002
  3.845291607573276E-002
  4.014144069599590E-002
  3.662850729543832E-002
  3.892197871636349E-002
  3.757758155516966E-002
  4.208343201455067E-002
  2.679747410712496E-002
  2.746017405851153E-002
  4.155676693400612E-002
  3.188011085675280E-002
  3.401630741324435E-002
  2.588852937612884E-002
  3.158153747924930E-002
  3.052579795035226E-002
  4.275616382500103E-002
  4.082374572010083E-002
  3.519759377705289E-002
  3.142337664228878E-002
  3.855092699572560E-002
  2.375430275366308E-002
  3.148683284505172E-002
  2.821213260763511E-002
  3.073959678804905E-002
  4.345624776889634E-002
  2.315800121803302E-002
  3.640546121110022E-002
  3.484603985468515E-002
  4.172884551352440E-002
  3.371492998733683E-002
  4.075063588363637E-002
  3.205530817725744E-002
  3.023150105784467E-002
  3.229413600076336E-002
  3.666005492196400E-002
  2.232797525138974E-002
  3.596489671716285E-002
