  0.322022355619547     
  4.704297568925764E-003
 -2.458176104308940E-002
 -5.257953922633085E-002
 -2.982058054723691E-002
 -0.173022522931078     
  3.261633755758808E-002
 -6.534390666393719E-003
 -1.843495417262009E-002
  3.033689533254513E-002
 -0.101320817027605     
 -3.795660568450732E-002
 -3.096330771591660E-002
  0.198606284235523     
 -0.282411436425367     
 -0.162030365823864     
 -0.211606289113758     
  3.597816164767220E-002
 -3.649084775380107E-002
 -7.347094497980855E-002
  3.685143690394943E-002
 -7.919261249722531E-002
  0.170989042761025     
 -0.231160221306401     
 -9.224997428024295E-002
 -0.163006350088542     
  1.630135007179678E-003
 -1.544210229605536E-002
 -3.425448109486151E-002
  4.059701776402092E-002
 -7.291385325877631E-002
 -4.797845996234074E-002
 -0.104237234292781     
 -0.203813305302796     
  3.411931353729258E-002
 -5.172206754977537E-003
 -7.031776225250042E-002
  1.145356429945599E-002
 -6.440256328758132E-002
  0.154291703893499     
 -0.197769977474174     
 -3.917365018206453E-002
  0.196564653522332     
 -0.272398814823434     
 -0.139481076000808     
  1.372226457842185E-002
  4.246105633238084E-002
 -7.553228151384506E-002
 -4.933997284137615E-002
 -8.787775966779776E-002
 -6.503465040911660E-002
 -4.930269759757966E-002
 -6.976511752883763E-002
 -4.016995877758145E-002
 -0.105257037064540     
 -7.344524376492334E-002
 -6.839160262097632E-002
 -7.349208002735796E-002
 -1.779120471009055E-002
 -0.109810944453862     
 -6.811265166083924E-002
 -6.712792715671778E-002
 -7.258892523966676E-002
 -2.876805608710864E-002
 -0.104802822177443     
 -0.111240997736570     
  5.681090683926215E-002
  5.536222255720624E-002
  4.916673463967958E-002
  6.385133862008463E-002
  4.597641137024977E-002
  3.968940379837183E-002
  3.617353971124104E-002
  3.336838044148371E-002
  4.818902754286669E-002
  4.285795956540805E-002
  6.131428691762619E-002
  5.855983449162561E-002
  4.771240772433427E-002
  4.058994060784238E-002
  4.774101122784491E-002
  4.250719664758962E-002
  5.537557166187845E-002
  4.770212286388165E-002
  5.378404988877361E-002
  4.673602076103778E-002
  4.495308183449354E-002
  3.992218485869881E-002
  4.529942119928054E-002
  4.076039157545375E-002
  4.423539824936229E-002
  3.425816901501766E-002
  3.049634577541660E-002
  3.667106246233320E-002
  4.439407196979173E-002
  4.885293101770605E-002
  4.997189996501472E-002
  6.954960067404148E-002
  4.834786534367030E-002
  5.174815421690970E-002
  4.142186925522395E-002
  5.950784895302597E-002
  5.572245198335624E-002
  3.787537688776610E-002
  4.176110992537696E-002
  4.447545062370561E-002
  4.659088654753030E-002
  4.102401851162873E-002
  4.015092890270577E-002
  4.475493120762519E-002
  3.722367910473878E-002
  4.648139853161593E-002
  3.039212754869336E-002
  3.801578714455778E-002
  3.444041774887441E-002
  3.927858967054243E-002
  3.143710140603595E-002
  2.838605188422216E-002
  3.078829409633521E-002
  4.528321913633437E-002
  2.756665836284156E-002
  3.354440468161513E-002
  3.707170425241801E-002
  4.032798571691276E-002
  3.688586946451788E-002
  2.484575312773918E-002
  2.802303616886259E-002
  3.084851592702831E-002
  3.786997224496924E-002
  3.333716821303712E-002
  3.706196692732489E-002
  3.153679921746211E-002
  3.867399683551975E-002
  3.870858730797055E-002
  3.261826870187789E-002
  3.351390074738170E-002
  3.280694347718927E-002
  3.443886379279182E-002
  2.930574717642498E-002
  2.816979129256303E-002
