 excitation energies, transition moments and TDA amplitudes
 state    eV      nm       fL        Rv(corr)
    1    2.190   566.2     0.6713    -0.5617     0.87( 143-> 144) -0.39( 142-> 146) -0.13( 142-> 145)
    2    2.286   542.3     0.1480     0.0523     0.84( 142-> 144)  0.40( 143-> 146)  0.17( 143-> 145)
    3    3.157   392.8     0.0072    -5.4106     0.95( 140-> 144) -0.11( 143-> 146) -0.10( 143-> 145)
    4    3.502   354.0     0.0362    -7.6646    -0.85( 143-> 147) -0.45( 143-> 145) -0.13( 142-> 147)
    5    3.621   342.4     0.0197    -1.1738     0.76( 139-> 144) -0.49( 143-> 146)  0.20( 142-> 145)
    6    3.709   334.3     0.0652   -12.3292    -0.55( 143-> 145)  0.41( 139-> 144) -0.40( 142-> 145)
    7    3.831   323.6     0.0236     8.4113    -0.78( 142-> 147)  0.34( 143-> 145) -0.32( 142-> 145)
    8    3.977   311.8     0.1339    28.6879    -0.61( 142-> 145)  0.44( 142-> 146)  0.37( 142-> 147)
    9    4.052   306.0     0.1383     0.4507    -0.71( 138-> 144) -0.30( 143-> 146)  0.29( 142-> 148)
