           6           1  0.302241141494346     
           7           2   1.45220129315162     
           7           6   1.23989399930249     
           8           7  0.933801811653382     
           9           8  0.942889927324643     
          10           3   1.37403092304264     
          10           6   1.29776433227959     
          10           9  0.941007821046902     
          11           9  0.965855291721487     
          12           8  0.956901113038162     
          13          12  0.983905834674414     
          14          13  0.952157860424206     
          15          14   1.82213267884297     
          16          14   1.05092775206699     
          17           1  0.532867440139037     
          18           3   1.30517428241409     
          18          17   1.14000422374867     
          19          18   1.17168884641175     
          20          19   1.41472710321184     
          21           4   1.28007752468697     
          21          17   1.21378424736964     
          21          20   1.10900290271116     
          22          19  0.965069968709938     
          23          20  0.972622218217303     
          24          23   1.86210068930110     
          25          23  0.960521749719473     
          26           1  0.401918883233431     
          27           4   1.38661973074900     
          27          26   1.22718260374650     
          28          27  0.914996342129196     
          29          28  0.950134868678099     
          30           5   1.47710367149587     
          30          26   1.24422024118153     
          30          29  0.897917480396520     
          31          28  0.957685332764168     
          32          29  0.950427936295060     
          33          32  0.988521453361509     
          34           1  0.539379729481154     
          35           5   1.24937130393683     
          35          34   1.15826170126330     
          36          35   1.18998647993076     
          37          36   1.37539434298100     
          38           2   1.19118991872052     
          38          34   1.19238763319589     
          38          37   1.17164555854744     
          39          36  0.993876085596984     
          40          37   1.00949271460016     
          41          40   1.88060608663895     
          42           2  0.950835478374606     
          42          40  0.839762177938896     
          43          42  0.934898259427232     
          44          43   1.79500351367211     
          45          43   1.07442285570284     
          46          45  0.981592408370152     
          47          16  0.964285435990387     
          48          47   1.00389262447964     
          49          48   1.88350131591009     
          50          49  0.969403361892425     
          51          49  0.981989353970682     
          52          51  0.963719783390715     
          53          52  0.995487738957961     
          54          53  0.950219595101966     
          55          54  0.996745024042233     
          56          54  0.966782415187939     
          57          56  0.998818929993326     
          58          57  0.963587300279920     
          59          58  0.975486418604795     
          60          59  0.999181885284301     
          61          59  0.976310289477436     
          62          61  0.970569298837652     
          63          62  0.989285211969885     
          64          63  0.967620710597072     
          65          64  0.990474503407667     
          66          64  0.986628148255922     
          67           3  0.936809647816480     
          68           4  0.935283538004587     
          69           5  0.933113876249797     
          70           8  0.934349601843754     
          71           9  0.945472850714328     
          72          11  0.969874386926551     
          73          11  0.979013426685459     
          74          11  0.976229667367227     
          75          12  0.957782059889548     
          76          12  0.960725872181616     
          77          13  0.937785316813176     
          78          13  0.952274081620740     
          79          22  0.969476544334008     
          80          22  0.977865449647416     
          81          22  0.977896181682143     
          82          25  0.971914411768053     
          83          25  0.957693512816800     
          84          25  0.962712455033599     
          85          28  0.943551382551603     
          86          29  0.946327012516360     
          87          31  0.981056911546024     
          88          31  0.983937227783066     
          89          31  0.979992972496970     
          90          32  0.972719313054648     
          91          32  0.968599618517314     
          92          33  0.984716478282821     
          93          33  0.985153293443313     
          94          33  0.978621572692674     
          95          39  0.969378591623775     
          96          39  0.966164017713953     
          97          39  0.978024371477533     
          98          42  0.914214201121016     
          99          46  0.986683887278227     
         100          46  0.979794642675135     
         101          46  0.983462907290998     
         102          47  0.955215977775695     
         103          47  0.950045920920934     
         104          48  0.937184855690112     
         105          50  0.976835684954732     
         106          50  0.979139649827228     
         107          50  0.971906009016558     
         108          51  0.959974370105622     
         109          51  0.955590604436951     
         110          52  0.962092257773019     
         111          52  0.965728409492247     
         112          53  0.955645962953988     
         113          53  0.967150360533605     
         114          54  0.948691456382555     
         115          55  0.976462996121511     
         116          55  0.979566517835115     
         117          55  0.978410964087444     
         118          56  0.960557221105613     
         119          56  0.961753368739571     
         120          57  0.961929368122475     
         121          57  0.966325841069460     
         122          58  0.966421401073358     
         123          58  0.960563471696406     
         124          59  0.947548083899795     
         125          60  0.978207869214416     
         126          60  0.976463504031025     
         127          60  0.973498215420102     
         128          61  0.965299489578920     
         129          61  0.960580421685597     
         130          62  0.965804949313482     
         131          62  0.965248062979105     
         132          63  0.964741133912176     
         133          63  0.960069614907971     
         134          64  0.955308904153520     
         135          65  0.980904421427518     
         136          65  0.976562722625352     
         137          65  0.978943220165535     
         138          66  0.976835892411946     
         139          66  0.978548773751515     
         140          66  0.982655243602345     
