  0.314029848242074     
  1.244007647332035E-002
 -3.079420850932735E-002
 -2.893239476840748E-002
 -2.472651525113445E-002
 -0.135502831843796     
  2.852497752228667E-002
 -2.289746916552993E-002
 -2.476316836390868E-002
  2.339917359483001E-002
 -8.647723456547496E-002
 -3.647666173264152E-002
 -4.621794799349033E-002
  0.189439464316347     
 -0.276279756916940     
 -0.139021180944590     
 -0.217434913720965     
  3.776718412441760E-002
 -4.601740268724441E-002
 -7.974910072240959E-002
  2.714489955072130E-002
 -8.616170721456307E-002
  0.136151876117511     
 -0.225182360087673     
 -7.726737632803360E-002
 -0.187140786463858     
  3.393607252803621E-002
 -5.327959417529726E-003
 -3.943719639234278E-002
  6.223993388048710E-002
 -8.231027279125680E-002
 -6.293097980007989E-002
 -8.979381849844614E-002
 -0.207788214926842     
  1.865288965953882E-002
  9.368661269664624E-003
 -2.886412644110958E-002
  2.265366406648850E-002
 -6.210845333997117E-002
  0.157018640950020     
 -0.247119028657772     
 -4.628982841204810E-002
  0.198960812215658     
 -0.288347038660127     
 -0.145964516623893     
  1.954930313098346E-002
  5.859158111038365E-002
 -8.583275244308641E-002
 -3.551737733833438E-002
 -8.432868106434910E-002
 -6.777185872439695E-002
 -5.447856611207946E-002
 -7.905689599983479E-002
 -2.704219551727327E-002
 -0.111756253070216     
 -5.939489777363072E-002
 -6.202246720266213E-002
 -8.590944429471392E-002
 -4.530175352916821E-002
 -0.109927403479748     
 -6.635782441404725E-002
 -6.640339995621325E-002
 -7.516199575115845E-002
 -2.128892851620900E-002
 -9.559855979409626E-002
 -0.125303964070348     
  5.432237750329683E-002
  6.633893196881335E-002
  5.943888085353366E-002
  5.200602775225316E-002
  3.434496563886125E-002
  3.360324216009858E-002
  3.918609744163537E-002
  4.228068940537622E-002
  4.391385316298935E-002
  4.991253155593545E-002
  5.433655873442733E-002
  3.645379296791340E-002
  5.108991115398931E-002
  4.136706711447280E-002
  4.387204735256178E-002
  5.826581944269216E-002
  5.351775958350713E-002
  4.591263374244103E-002
  5.342904643865387E-002
  4.413148296957548E-002
  3.630173638127809E-002
  3.706235405419966E-002
  4.687050740431675E-002
  3.831054198700323E-002
  3.488213376559035E-002
  3.224447473514147E-002
  3.744690090010128E-002
  3.129263546790795E-002
  5.463076657595511E-002
  5.083776862903155E-002
  6.033305549883283E-002
  5.235418777589329E-002
  4.052647047954494E-002
  5.282364786678428E-002
  5.558694117667029E-002
  6.216485831987084E-002
  6.863596466508692E-002
  2.377841619422771E-002
  5.113704770745309E-002
  4.281305996236917E-002
  4.207094029397462E-002
  4.326512375624658E-002
  3.677030639555812E-002
  3.690292491701797E-002
  3.609407309888990E-002
  3.394345344958871E-002
  3.581492389229635E-002
  4.274559351452223E-002
  3.326386108580570E-002
  3.019159086004786E-002
  3.178906594724340E-002
  4.142514728437785E-002
  3.889192913658845E-002
  3.440522248945610E-002
  2.864581656022569E-002
  3.726913417404110E-002
  2.611600239212175E-002
  3.829323585968469E-002
  3.562737524226489E-002
  3.420878372852254E-002
  2.784845519191281E-002
  4.289606180376926E-002
  4.426570792065576E-002
  3.497776432823618E-002
  3.680448850645246E-002
  3.182666697141756E-002
  4.427170668369940E-002
  3.370085894548247E-002
  3.944763649135119E-002
  2.649952325175708E-002
  4.020169270033858E-002
  3.684178166708507E-002
  2.732157560525128E-002
  3.351500090397919E-002
