 excitation energies, transition moments and TDA amplitudes
 state    eV      nm       fL        Rv(corr)
    1    2.219   558.7     0.7219     0.7606    -0.84( 143-> 144)  0.38( 142-> 146)  0.25( 142-> 144)
    2    2.319   534.6     0.1980    -0.2858     0.83( 142-> 144)  0.40( 143-> 146)  0.23( 143-> 144)
    3    3.144   394.3     0.0205     6.1497    -0.94( 141-> 144)  0.14( 141-> 145) -0.13( 140-> 144)
    4    3.557   348.6     0.0162    -3.9742    -0.57( 140-> 144)  0.45( 143-> 146)  0.44( 143-> 145)
    5    3.670   337.8     0.0168    11.4174     0.72( 143-> 145)  0.39( 140-> 144)  0.35( 143-> 147)
    6    3.763   329.5     0.0249    14.4654    -0.71( 143-> 147)  0.49( 143-> 148)  0.37( 143-> 145)
    7    3.889   318.8     0.1845   -19.9706     0.71( 142-> 145) -0.28( 140-> 144)  0.28( 138-> 144)
    8    4.064   305.1     0.2508    18.6724    -0.44( 142-> 147)  0.41( 142-> 148) -0.33( 136-> 144)
    9    4.082   303.7     0.2328   -21.7452    -0.74( 142-> 147) -0.43( 143-> 146) -0.23( 140-> 144)
