           6           1  0.343929689860536     
           7           2   1.36650333950433     
           7           6   1.29278067633982     
           8           7  0.909573358285944     
           9           8  0.958643529809282     
          10           3   1.43118372640878     
          10           6   1.23669526378661     
          10           9  0.916910030977432     
          11           9  0.966332170600019     
          12           8  0.948855491363869     
          13          12  0.971709498909380     
          14          13  0.938577082773312     
          15          14   1.80413495574585     
          16          14   1.09484088509971     
          17           1  0.539531903395974     
          18           3   1.24547917336092     
          18          17   1.18065138468050     
          19          18   1.19037274395914     
          20          19   1.43625996897889     
          21           4   1.26246757759763     
          21          17   1.18355394969064     
          21          20   1.10963602237391     
          22          19  0.980081454011524     
          23          20  0.938992865025198     
          24          23   1.86143738831113     
          25          23  0.971720726702909     
          26           1  0.453155255766038     
          27           4   1.46393833146254     
          27          26   1.18155968718035     
          28          27  0.938710858139282     
          29          28  0.937612037575983     
          30           5   1.44281351177430     
          30          26   1.22887257402299     
          30          29  0.934758337504244     
          31          28  0.983337160707573     
          32          29  0.947675049149373     
          33          32   1.00442307643296     
          34           1  0.476129154413109     
          35           5   1.29722638402733     
          35          34   1.11833070375842     
          36          35   1.18679729795206     
          37          36   1.34157375835506     
          38           2   1.24189752293793     
          38          34   1.24255192410181     
          38          37   1.11157976580904     
          39          36   1.00305259895907     
          40          37   1.17201665980899     
          41          40   1.76012596551794     
          42           2  0.947269963144089     
          42          40  0.828307808130491     
          43          42  0.917746063369137     
          44          43   1.79299300785264     
          45          43   1.10004735660040     
          46          45  0.972719808378124     
          47          16  0.951047024567325     
          48          47  0.980142062343749     
          49          48   1.92890713521121     
          50          49  0.993212684246244     
          51          49  0.917325304633995     
          52          51  0.987177811882473     
          53          52  0.985300271893492     
          54          53  0.946068967904562     
          55          54  0.988622430161271     
          56          54  0.963388634362667     
          57          56  0.989507629959173     
          58          57  0.983002224053369     
          59          58  0.964757768627436     
          60          59  0.993161197804876     
          61          59  0.956531075319716     
          62          61  0.991255974942012     
          63          62  0.970987936986886     
          64          63  0.962204286521011     
          65          64  0.985575761806924     
          66          64  0.983582577390047     
          67           3  0.937653648549811     
          68           4  0.927298108353668     
          69           5  0.928749986760300     
          70           8  0.932772132212592     
          71           9  0.946720731027549     
          72          11  0.977133936873905     
          73          11  0.976739166940960     
          74          11  0.980247441932288     
          75          12  0.961929557144628     
          76          12  0.959540301752204     
          77          13  0.949632601246141     
          78          13  0.962587170679773     
          79          22  0.966881871519433     
          80          22  0.975284395793282     
          81          22  0.970736463480196     
          82          25  0.951120218845355     
          83          25  0.966315456538648     
          84          25  0.965961281965584     
          85          28  0.939960951700749     
          86          29  0.939963399287118     
          87          31  0.976410893595115     
          88          31  0.978641006615580     
          89          31  0.970772372434678     
          90          32  0.962339679696902     
          91          32  0.965214226172068     
          92          33  0.986216589518152     
          93          33  0.980927614252227     
          94          33  0.980070143675087     
          95          39  0.971165264779923     
          96          39  0.959878915140610     
          97          39  0.965540761360799     
          98          42  0.933238855396041     
          99          46  0.987927831558514     
         100          46  0.988608701698103     
         101          46  0.979067874916231     
         102          47  0.960192454321065     
         103          47  0.953951993395030     
         104          48  0.939014281239335     
         105          50  0.969446976287332     
         106          50  0.970660056695262     
         107          50  0.968764800442684     
         108          51  0.959365640247125     
         109          51  0.960922369428576     
         110          52  0.969476268823482     
         111          52  0.962809913575659     
         112          53  0.964922192743927     
         113          53  0.967169997312767     
         114          54  0.953684929176656     
         115          55  0.975600369825542     
         116          55  0.979336939570065     
         117          55  0.976696090032968     
         118          56  0.961796899897348     
         119          56  0.963613120107748     
         120          57  0.964765465521285     
         121          57  0.967290675721672     
         122          58  0.960514706443940     
         123          58  0.965306713905691     
         124          59  0.955260056277364     
         125          60  0.976495131578957     
         126          60  0.976132828495612     
         127          60  0.981921334579992     
         128          61  0.958133703166460     
         129          61  0.965919530380790     
         130          62  0.972528502696925     
         131          62  0.966620387755483     
         132          63  0.966459477388949     
         133          63  0.965611787348016     
         134          64  0.960467338884612     
         135          65  0.980273890112764     
         136          65  0.979324182131281     
         137          65  0.977576089823654     
         138          66  0.978617183394195     
         139          66  0.975022478281522     
         140          66  0.975057405579091     
