  0.306937180484816     
  1.918563023569408E-003
 -2.914962881622074E-002
 -1.836832279206568E-002
 -4.517142714670097E-002
 -0.154717410917605     
  4.857201952341850E-002
 -4.528804104038464E-002
 -2.928987221473989E-002
  5.868792203108741E-002
 -8.141696662606712E-002
 -6.339944157214727E-002
 -5.327551733310720E-002
  0.235562365348327     
 -0.263647800038282     
 -0.170344253706122     
 -0.203604955385661     
  3.931954380112135E-002
  9.989554167677994E-003
 -6.869082763773360E-002
  5.398808959613088E-003
 -7.303894569785818E-002
  0.171963164621443     
 -0.269314794673609     
 -7.738162635496693E-002
 -0.177861938855424     
  2.539426391516342E-002
 -2.032093447544270E-002
 -4.166527936237863E-002
  4.372307464038849E-002
 -9.209537738080087E-002
 -6.085016349192696E-002
 -9.370926335243013E-002
 -0.223659894128382     
  2.272091750691896E-002
  1.462121253531690E-002
 -5.201934879252157E-002
  6.453086968499555E-003
 -7.116953810318893E-002
  0.159419346057662     
 -0.238289987639036     
 -4.226667477310730E-002
  0.239248480052817     
 -0.241120171397319     
 -0.181684454561528     
  1.023190428604970E-002
  4.084683851330473E-002
 -8.573409527360987E-002
 -5.608632001347758E-003
 -9.574458595808988E-002
 -6.412704428682048E-002
 -4.686278409746247E-002
 -5.942821335404691E-002
 -2.615043255492022E-002
 -0.108917396152984     
 -7.783079389044012E-002
 -6.904340463949943E-002
 -7.428425700981212E-002
 -2.010725195526586E-002
 -0.107363633252309     
 -7.360476273158145E-002
 -8.228659591758269E-002
 -7.245029890864974E-002
 -1.255369903408088E-002
 -9.558407969320726E-002
 -9.891236162760553E-002
  4.511942808857350E-002
  5.835944381317093E-002
  6.075823447917927E-002
  4.976778874762322E-002
  5.267810807841145E-002
  4.075386319147645E-002
  4.305157714692420E-002
  3.361732848035504E-002
  4.276238279669631E-002
  3.764693685636289E-002
  6.578575205305759E-002
  3.942301230298872E-002
  5.359242891454485E-002
  4.688067311374244E-002
  4.605073309540386E-002
  4.828986795038936E-002
  6.194126271795208E-002
  5.510639564587150E-002
  5.345518661584381E-002
  4.564078490319656E-002
  3.694951282702230E-002
  4.164075261031941E-002
  3.363662255627120E-002
  3.655206814309953E-002
  3.904282341448861E-002
  3.905845785987805E-002
  3.415261485630572E-002
  2.630557743158357E-002
  4.414587286364346E-002
  5.397753349239121E-002
  4.952130621145856E-002
  5.318929583241572E-002
  4.876783176070432E-002
  5.418293161607879E-002
  4.874380552900748E-002
  6.302423533304391E-002
  7.151944997614956E-002
  3.215585771509843E-002
  3.836393049309661E-002
  4.123704553259300E-002
  3.945704727286647E-002
  3.367489675234370E-002
  3.770604307007697E-002
  3.245684087175948E-002
  3.755969627873901E-002
  3.715561174579729E-002
  3.789273033935403E-002
  3.000529083709136E-002
  3.283128928164170E-002
  2.843724399458980E-002
  3.102843173017333E-002
  3.086129612737010E-002
  3.531283411720998E-002
  4.055727583338886E-002
  3.031296347457557E-002
  3.262520464582874E-002
  3.172088665461814E-002
  3.803538005081930E-002
  2.756963775254018E-002
  4.060278133518924E-002
  3.009150342384626E-002
  2.706783693157666E-002
  3.819210945300144E-002
  2.332345786322076E-002
  2.987967869047625E-002
  2.848995781174901E-002
  3.789064527435104E-002
  3.833478555300451E-002
  4.117172436448457E-002
  3.457348105368518E-002
  3.222344542579159E-002
  3.492183636609580E-002
  3.881514133618147E-002
  3.077123340903865E-002
