           6           1  0.321156839179237     
           7           2   1.36381547425192     
           7           6   1.27425550061458     
           8           7  0.948882759448856     
           9           8  0.934856255730422     
          10           3   1.43136526555202     
          10           6   1.28396340623827     
          10           9  0.913439242355954     
          11           9  0.980716175837553     
          12           8  0.941947388794633     
          13          12  0.973724810785021     
          14          13  0.936672157369154     
          15          14   1.85958720101468     
          16          14   1.05529612518752     
          17           1  0.535792134816837     
          18           3   1.23748273385033     
          18          17   1.19514028299786     
          19          18   1.17856973217053     
          20          19   1.49237757797542     
          21           4   1.36370941921518     
          21          17   1.12901121048646     
          21          20   1.06318893768439     
          22          19  0.969640867101545     
          23          20  0.963471049623009     
          24          23   1.80686065853663     
          25          23   1.02408906071570     
          26           1  0.402509587654680     
          27           4   1.40138500805696     
          27          26   1.20833816042094     
          28          27  0.926557935954840     
          29          28  0.944153853463546     
          30           5   1.37390264722061     
          30          26   1.28977336681545     
          30          29  0.922067135722936     
          31          28  0.966072257823642     
          32          29  0.960058770439642     
          33          32  0.994573421035996     
          34           1  0.543434200756634     
          35           5   1.31035171151717     
          35          34   1.11532286724579     
          36          35   1.21167091618582     
          37          36   1.35116896935756     
          38           2   1.26991442395345     
          38          34   1.18820909193928     
          38          37   1.11984649010359     
          39          36   1.02111551731249     
          40          37   1.10463124859131     
          41          40   1.79911924222918     
          42           2  0.938633769997523     
          42          40  0.856149104264882     
          43          42  0.906989940538049     
          44          43   1.87293833228418     
          45          43   1.03955476918608     
          46          45  0.974397559138942     
          47          16  0.936941131244615     
          48          47  0.982028993927651     
          49          48   1.88991145548299     
          50          49  0.986869151958886     
          51          49  0.967295967404855     
          52          51  0.959508941814222     
          53          52   1.00356506081023     
          54          53  0.951815013330181     
          55          54   1.00138855326712     
          56          54  0.968862250293191     
          57          56  0.972529214407672     
          58          57  0.985177063387992     
          59          58  0.957620898894490     
          60          59  0.983146337626344     
          61          59  0.966342829290954     
          62          61  0.976184519529953     
          63          62  0.971313666920083     
          64          63  0.982236943829777     
          65          64  0.991544846382542     
          66          64  0.969653996339519     
          67           3  0.939860979425141     
          68           4  0.923361789784433     
          69           5  0.935826579661337     
          70           8  0.939391480777350     
          71           9  0.944985912096721     
          72          11  0.973755754047094     
          73          11  0.976910183960135     
          74          11  0.981384220326488     
          75          12  0.962101920755342     
          76          12  0.964477081301887     
          77          13  0.934174270947328     
          78          13  0.963552012623756     
          79          22  0.968960915184145     
          80          22  0.979259094162728     
          81          22  0.970940215536402     
          82          25  0.962851089744661     
          83          25  0.933517555053494     
          84          25  0.956958712235229     
          85          28  0.941681091078812     
          86          29  0.941095351266468     
          87          31  0.976376542450335     
          88          31  0.974983418937694     
          89          31  0.978043577482987     
          90          32  0.964988669249648     
          91          32  0.960515218818645     
          92          33  0.981402771716857     
          93          33  0.979180755073656     
          94          33  0.986735904587511     
          95          39  0.968566228426493     
          96          39  0.962591460157077     
          97          39  0.953198035363098     
          98          42  0.932931938640675     
          99          46  0.985734508385861     
         100          46  0.981751915279893     
         101          46  0.990294386457989     
         102          47  0.967570453095718     
         103          47  0.962721016609232     
         104          48  0.937287121088392     
         105          50  0.975090696670930     
         106          50  0.967146406523117     
         107          50  0.974047339877573     
         108          51  0.963506763936183     
         109          51  0.965930004677554     
         110          52  0.965540703212790     
         111          52  0.965001954172245     
         112          53  0.960697325829596     
         113          53  0.961202618662711     
         114          54  0.953446890883623     
         115          55  0.971833207811849     
         116          55  0.977574806821675     
         117          55  0.971409503664422     
         118          56  0.961434609291324     
         119          56  0.962577681028524     
         120          57  0.967291441052095     
         121          57  0.965864011958818     
         122          58  0.967287704649648     
         123          58  0.966511279539596     
         124          59  0.956124452931554     
         125          60  0.980466251412449     
         126          60  0.972859972272805     
         127          60  0.979504199571400     
         128          61  0.972592074561963     
         129          61  0.963331284905013     
         130          62  0.971276870604359     
         131          62  0.973689453656015     
         132          63  0.967309576911459     
         133          63  0.959345686718162     
         134          64  0.956863260602316     
         135          65  0.976771001220523     
         136          65  0.978818224000932     
         137          65  0.981521927380833     
         138          66  0.983628274169646     
         139          66  0.978335030071579     
         140          66  0.984498401847033     
