 excitation energies, transition moments and TDA amplitudes
 state    eV      nm       fL        Rv(corr)
    1    2.181   568.4     0.7667    -6.0024     0.87( 142-> 143)  0.43( 141-> 145)  0.09( 135-> 144)
    2    2.311   536.5     0.1181    -1.8474     0.85( 141-> 143) -0.43( 142-> 145) -0.10( 142-> 147)
    3    3.123   397.0     0.0098    -7.3281    -0.93( 140-> 143) -0.17( 139-> 143) -0.17( 140-> 144)
    4    3.417   362.9     0.0879    -0.3244    -0.66( 142-> 145)  0.40( 142-> 146)  0.25( 139-> 143)
    5    3.632   341.3     0.0233     8.4954    -0.47( 136-> 143) -0.45( 135-> 143)  0.41( 139-> 143)
    6    3.711   334.1     0.0300    -0.9369    -0.82( 142-> 144)  0.25( 142-> 146)  0.22( 135-> 143)
    7    3.796   326.6     0.1926    28.9481    -0.50( 137-> 143) -0.48( 142-> 146)  0.36( 135-> 143)
    8    3.885   319.1     0.5123   -38.7733     0.56( 141-> 144) -0.44( 141-> 145)  0.43( 141-> 146)
    9    3.978   311.6     0.1534    12.9782     0.49( 141-> 144) -0.43( 141-> 146)  0.38( 137-> 143)
