  0.296073087272260     
  1.946155943056560E-002
 -2.160131330360660E-002
 -3.639265511620060E-002
 -3.583348227401650E-002
 -0.124762386818866     
  1.749268851707164E-002
 -2.262326895168343E-002
 -3.272886047612644E-002
  3.316469304164738E-002
 -8.434528927248497E-002
 -6.878454057608963E-002
 -8.649789675932062E-002
  0.225687576404262     
 -0.266067085341739     
 -0.132438610763540     
 -0.211618973821214     
  3.033293602447173E-002
  7.214318049030499E-003
 -5.046223657155391E-002
  3.148547420734937E-002
 -7.631229091851743E-002
  9.240822632360146E-002
 -0.253471444642847     
 -6.351033760653557E-002
 -0.183666592375509     
  4.965299569146264E-002
 -1.186250639297359E-002
 -2.608426248906159E-002
  8.105421610382635E-004
 -0.102110828542608     
 -4.478766991210748E-002
 -8.152869152868725E-002
 -0.215095489998742     
  3.332685579391370E-003
  1.242592856054436E-003
 -7.640663262734382E-002
  2.182124602561952E-002
 -6.269336742111520E-002
  0.168746028600630     
 -0.219320513626090     
 -2.496024346862047E-002
  0.224574207995502     
 -0.261116163575166     
 -0.148336480443090     
  1.492993349075622E-002
  4.467177343521467E-002
 -4.947843962431442E-002
 -5.826380659669894E-003
 -0.109178897415481     
 -5.343063889300215E-002
 -7.815006826209370E-002
 -5.047838267940641E-002
 -2.178027026517171E-002
 -0.113243394710838     
 -6.386369999396369E-002
 -5.262839516778239E-002
 -8.842184317454649E-002
 -3.430122492553256E-002
 -0.106656299343576     
 -7.354380419863293E-002
 -7.827913105659334E-002
 -5.483498408626719E-002
 -2.319792364307993E-002
 -9.391842248289350E-002
 -0.109897259089434     
  6.243357340268008E-002
  4.438102524731247E-002
  5.705038602976875E-002
  5.056230014735030E-002
  4.532677162086252E-002
  3.867682473040435E-002
  3.730105766215452E-002
  4.271135895369194E-002
  4.486346677097863E-002
  3.391672870229301E-002
  4.305805144213959E-002
  3.514749141996121E-002
  4.593895449026653E-002
  4.410483502680018E-002
  5.246724715189821E-002
  6.012874278650004E-002
  5.213660880714943E-002
  5.031016050027282E-002
  4.390510594954511E-002
  5.184895186159555E-002
  4.242697666158091E-002
  3.312719367112704E-002
  3.784189162039309E-002
  4.550929405375304E-002
  3.508811487551189E-002
  3.531825686440127E-002
  3.140675195325671E-002
  3.987822169105604E-002
  4.513152639431184E-002
  5.125497994437478E-002
  6.139648518105911E-002
  6.019550013257324E-002
  5.680257840642100E-002
  5.570189509165879E-002
  6.287887786616164E-002
  6.569679414837304E-002
  4.199986266779809E-002
  4.584133266273882E-002
  4.613390570447562E-002
  3.052483925153482E-002
  3.304967075274090E-002
  3.330544993823015E-002
  3.904911692806645E-002
  3.222418451103681E-002
  2.422685827638460E-002
  5.337461001896360E-002
  2.974102372335563E-002
  2.923780301952172E-002
  3.247123903774873E-002
  2.592717762510743E-002
  3.340636502394567E-002
  3.414290631205263E-002
  3.162002214792003E-002
  3.596812788311976E-002
  4.073957530419603E-002
  2.687513388992779E-002
  3.454805795815774E-002
  3.303121689662114E-002
  2.422538641460770E-002
  3.022033623353781E-002
  3.913753744009729E-002
  3.385943225510024E-002
  3.541971597806381E-002
  2.843199356770632E-002
  3.326024966736396E-002
  5.453535641307239E-002
  3.750790580619801E-002
  3.159083744671221E-002
  4.087502014944966E-002
  2.579679078730113E-002
  3.904599616122373E-002
  2.617170156736026E-002
  3.479480891978215E-002
  2.519048058098483E-002
