 excitation energies, transition moments and TDA amplitudes
 state    eV      nm       fL        Rv(corr)
    1    2.108   588.1     0.7160    -7.8927    -0.86( 144-> 145) -0.34( 143-> 147) -0.20( 143-> 146)
    2    2.295   540.3     0.1909     2.5462    -0.83( 143-> 145)  0.36( 144-> 147)  0.24( 144-> 146)
    3    3.063   404.8     0.0097    12.6573     0.96( 142-> 145) -0.13( 141-> 146) -0.09( 140-> 145)
    4    3.392   365.5     0.0003     0.9718    -0.83( 141-> 145)  0.36( 144-> 146)  0.24( 144-> 147)
    5    3.596   344.8     0.1239     0.4652    -0.72( 144-> 146)  0.51( 144-> 147) -0.29( 144-> 149)
    6    3.822   324.4     0.0049     8.3366     0.59( 144-> 149)  0.54( 144-> 148)  0.37( 140-> 145)
    7    3.883   319.3     0.2729   -25.0830     0.54( 140-> 145)  0.43( 143-> 146) -0.31( 143-> 147)
    8    3.935   315.1     0.0476   -22.9532    -0.46( 138-> 145) -0.43( 143-> 146) -0.34( 144-> 148)
    9    4.006   309.5     0.2506   -10.7321    -0.48( 144-> 147) -0.40( 143-> 146) -0.39( 144-> 149)
