           6           1  0.303670898449083     
           7           2   1.39785423024443     
           7           6   1.25823707240826     
           8           7  0.909578792385205     
           9           8  0.949140679363120     
          10           3   1.33968321824656     
          10           6   1.31329365098332     
          10           9  0.944849348389423     
          11           9  0.957798984389726     
          12           8  0.959092537654272     
          13          12  0.954616172607332     
          14          13  0.913947778651724     
          15          14   1.83467858911349     
          16          14   1.09900424129463     
          17           1  0.524022798266273     
          18           3   1.29929472515868     
          18          17   1.09591000616266     
          19          18   1.23069141066876     
          20          19   1.40151207107642     
          21           4   1.22312698378535     
          21          17   1.22816013109683     
          21          20   1.13258098996305     
          22          19  0.980812425016379     
          23          20  0.975207995283644     
          24          23   1.78969509670871     
          25          23   1.00706565818916     
          26           1  0.488761934622059     
          27           4   1.48706986212055     
          27          26   1.23783399714660     
          28          27  0.916150457172597     
          29          28  0.946136343503700     
          30           5   1.49059591672482     
          30          26   1.09893299615508     
          30          29  0.969508557189296     
          31          28  0.971176758533782     
          32          29  0.916790361635876     
          33          32   1.01993556427182     
          34           1  0.509815736761833     
          35           5   1.25471813786851     
          35          34   1.15073370932784     
          36          35   1.17980771927793     
          37          36   1.37616852544123     
          38           2   1.20479682247887     
          38          34   1.21451451148177     
          38          37   1.17904926547292     
          39          36   1.03577172823992     
          40          37   1.01367480204102     
          41          40   1.86547668193986     
          42           2  0.956603026056517     
          42          40  0.865512865651123     
          43          42  0.900463377693382     
          44          43   1.81157361719500     
          45          43   1.11521305976721     
          46          45  0.950620853251329     
          47          16  0.960943385845508     
          48          47  0.962005471726581     
          49          48   1.90860134589473     
          50          49  0.979904486206389     
          51          49  0.967156809842859     
          52          51  0.968989134699174     
          53          52  0.951469983866396     
          54          53  0.984469262407877     
          55          54  0.974348089944448     
          56          54  0.972036108752888     
          57          56  0.995944426553877     
          58          57  0.962167966742919     
          59          58  0.969201517218232     
          60          59  0.994248268773234     
          61          59  0.952922040530726     
          62          61  0.990724258934303     
          63          62  0.978443474005344     
          64          63  0.966788682774515     
          65          64   1.00425315832345     
          66          64  0.982603656851735     
          67           3  0.936682112260529     
          68           4  0.929379976830282     
          69           5  0.924168342558910     
          70           8  0.938857487842812     
          71           9  0.943098320349702     
          72          11  0.983358291260933     
          73          11  0.980683440783280     
          74          11  0.976266653660743     
          75          12  0.959792287243154     
          76          12  0.964238512430244     
          77          13  0.957194890486832     
          78          13  0.970125397722986     
          79          22  0.966861330595683     
          80          22  0.975905099743068     
          81          22  0.967552972357791     
          82          25  0.949974359524584     
          83          25  0.965415670025940     
          84          25  0.955488556138663     
          85          28  0.947691984834328     
          86          29  0.934549936947544     
          87          31  0.977865047350469     
          88          31  0.973979582481807     
          89          31  0.973440030223390     
          90          32  0.960113704481067     
          91          32  0.965500661805142     
          92          33  0.981039520317647     
          93          33  0.975083584414902     
          94          33  0.975369140782788     
          95          39  0.952503843425201     
          96          39  0.969618381071879     
          97          39  0.951855165197144     
          98          42  0.927138756198420     
          99          46  0.984157493482057     
         100          46  0.985565064825437     
         101          46  0.986834684119062     
         102          47  0.954993893863423     
         103          47  0.967312126823451     
         104          48  0.935629038276793     
         105          50  0.966064396620742     
         106          50  0.976839704219737     
         107          50  0.973656027706911     
         108          51  0.963566341175597     
         109          51  0.966263773104063     
         110          52  0.972002409950356     
         111          52  0.973520654357401     
         112          53  0.961855140211619     
         113          53  0.969111250440671     
         114          54  0.952031895866325     
         115          55  0.982302748695422     
         116          55  0.980503706047531     
         117          55  0.973584905908486     
         118          56  0.956902728395143     
         119          56  0.951208005854289     
         120          57  0.965577301730168     
         121          57  0.966571997661521     
         122          58  0.969798527245434     
         123          58  0.962162864557912     
         124          59  0.951981582700519     
         125          60  0.982819638361794     
         126          60  0.979109770178027     
         127          60  0.974812443077911     
         128          61  0.962099003560938     
         129          61  0.969559708637013     
         130          62  0.966727502701917     
         131          62  0.961940997912441     
         132          63  0.955802453532617     
         133          63  0.964397761261563     
         134          64  0.954061653738280     
         135          65  0.970361251938029     
         136          65  0.974631990043966     
         137          65  0.978184547948464     
         138          66  0.977105134692914     
         139          66  0.981745025954158     
         140          66  0.975304176527059     
