  0.316925763748613     
  4.380695700310078E-004
 -3.967605989046863E-002
 -2.106743101368913E-002
 -1.728602862216455E-002
 -0.174656767203880     
  4.996221174133852E-002
 -7.725340610126530E-003
 -2.951939835459694E-002
  3.256639432662700E-002
 -8.439289802350114E-002
 -3.824960875481764E-002
 -4.208758380892608E-002
  0.195941803594212     
 -0.311425542776501     
 -0.149547942000980     
 -0.227588593840018     
  4.652533864508968E-002
 -6.876511272894703E-002
 -8.061484768327265E-002
  3.977157608152027E-002
 -7.875084172939850E-002
  0.150546192651865     
 -0.225999050333215     
 -9.175905299693721E-002
 -0.141710164063147     
  2.537443329875755E-002
 -1.796733070916456E-002
 -3.409344424424354E-002
  3.136373333433085E-002
 -9.612751665043007E-002
 -5.607888419829532E-002
 -9.443837542445799E-002
 -0.211846622464315     
  2.540090681184726E-002
  5.073514590516748E-003
 -5.273399042067428E-002
  4.175228286134436E-002
 -5.995301426607558E-002
  0.149708679591098     
 -0.206340891297464     
 -3.090760656377167E-002
  0.238533083043762     
 -0.283567789368031     
 -0.165633256044208     
  7.526678241502438E-003
  7.137957040857534E-002
 -6.805723021138732E-002
 -3.411309738019597E-002
 -9.953684033076993E-002
 -6.948633616072453E-002
 -6.664474740983994E-002
 -6.851682890003818E-002
 -2.518348307258744E-002
 -0.109950898522270     
 -8.477279883290656E-002
 -6.497607724083032E-002
 -6.234733839700279E-002
 -2.714206333495905E-002
 -0.110159411307517     
 -7.588627982579421E-002
 -4.815119543858337E-002
 -6.519794003376767E-002
 -2.578215968098885E-002
 -0.117158449405147     
 -0.101742092645186     
  5.737381021447807E-002
  6.685942519836019E-002
  5.017624659130193E-002
  4.700508783599533E-002
  3.728439268861972E-002
  4.001388165191400E-002
  3.930228072054742E-002
  3.159135718079065E-002
  3.784792750800581E-002
  4.961366744028006E-002
  4.387754453649262E-002
  6.436437738273393E-002
  5.334409071575041E-002
  4.562924697397097E-002
  5.045414946135618E-002
  4.062325105568831E-002
  5.354014852505329E-002
  5.126739260946234E-002
  5.224813591700861E-002
  4.611873945885592E-002
  3.741342729284769E-002
  3.262583452336032E-002
  4.439247574019889E-002
  4.683196632478570E-002
  3.387529951330537E-002
  3.975341237874808E-002
  3.133618139724914E-002
  3.791393849929114E-002
  5.106599596651940E-002
  4.812839035187244E-002
  5.532568958421002E-002
  6.214905216989941E-002
  4.487768890230859E-002
  5.007250800910479E-002
  4.370254806109619E-002
  6.213189616851522E-002
  5.420717112253381E-002
  4.138591791153778E-002
  3.761728546708687E-002
  3.981858301751418E-002
  4.606167870942024E-002
  2.763941042723606E-002
  4.501600763398739E-002
  3.325396111573220E-002
  4.039272211464306E-002
  3.796712231993826E-002
  3.618501329148760E-002
  3.766360099327359E-002
  3.157775805599605E-002
  3.517565784485099E-002
  2.951147111197561E-002
  3.359032229649883E-002
  2.807095514164726E-002
  3.008760231665830E-002
  4.125739769635217E-002
  2.582608527690156E-002
  4.744389349171163E-002
  3.271699818726359E-002
  3.175826276710969E-002
  3.721394292073676E-002
  2.942831380418320E-002
  3.222329435234761E-002
  3.661545728331039E-002
  4.211804673756869E-002
  3.545095870734272E-002
  3.534579212852362E-002
  3.484808018954499E-002
  3.596949399971605E-002
  2.745551722121953E-002
  2.949935315930075E-002
  2.900660807627531E-002
  3.600275406047326E-002
  4.155540336630037E-002
  2.943666880695139E-002
