  0.301579084261371     
  3.754771111871502E-003
 -2.428010006243397E-002
 -1.453132713621841E-002
 -4.558998251731605E-002
 -0.161897124237626     
  7.096345436799067E-002
 -3.517684688266343E-002
 -2.655027929261955E-002
  3.593013525326194E-002
 -8.857239601606803E-002
 -4.618288011409266E-002
 -7.184198199401060E-002
  0.207959463249495     
 -0.250695314545396     
 -0.157779643455650     
 -0.201871804290768     
  2.917049776344616E-002
 -1.842127347246691E-002
 -5.631671173891206E-002
  4.227902398392391E-002
 -8.294964577861030E-002
  0.163858130437498     
 -0.259260000738871     
 -9.911406363156328E-002
 -0.162729317532672     
  3.779994455287206E-002
 -4.755309726950152E-003
 -2.807839475161167E-002
  2.458493184482524E-002
 -8.567507157340426E-002
 -4.529972190733567E-002
 -0.102449860104119     
 -0.225514699833818     
  3.423905604231336E-003
 -9.713979623568569E-003
 -4.425469743327337E-002
  1.649837578716484E-002
 -6.743730557985916E-002
  0.128929692065196     
 -0.231140236459953     
 -2.407680717376603E-002
  0.212247587122155     
 -0.276788922630638     
 -0.143320671381253     
  1.492822916685244E-002
  3.918904590118943E-002
 -7.372633230141989E-002
 -1.615035255721153E-003
 -9.344229511729907E-002
 -6.153553589207217E-002
 -5.487520584035721E-002
 -8.218240630617402E-002
 -3.669604351305544E-002
 -9.537077831807839E-002
 -6.439260103356492E-002
 -5.874957863631991E-002
 -6.917351322472598E-002
 -3.381015862007875E-002
 -0.101745582375013     
 -7.262857418518553E-002
 -5.721108629129734E-002
 -8.744573414529011E-002
 -2.464836591746788E-002
 -0.106725142653847     
 -0.107121763447006     
  6.276041595958237E-002
  6.066472295467717E-002
  6.261498605376814E-002
  5.318255076164835E-002
  4.784781700482710E-002
  3.905937952480221E-002
  4.894370978413820E-002
  2.804345189156676E-002
  4.116899784791672E-002
  4.989546504857234E-002
  4.707557178002175E-002
  4.376208581691710E-002
  4.231391146623598E-002
  4.850416217416353E-002
  4.650169023378781E-002
  4.504836856488414E-002
  4.336755579606777E-002
  4.418273474614443E-002
  5.008851816013116E-002
  5.300701780709993E-002
  3.824304179697480E-002
  3.659430401293240E-002
  3.651329702163375E-002
  4.612063050428350E-002
  3.990704142021129E-002
  3.568136479746176E-002
  2.924984683882093E-002
  3.400642115265917E-002
  4.626047754204532E-002
  5.571187092498397E-002
  5.178009148017171E-002
  6.952945544190137E-002
  5.250829382465616E-002
  6.593697493556649E-002
  5.022821600921723E-002
  6.192810880275901E-002
  4.731455046958077E-002
  3.722181323861684E-002
  3.831170428900588E-002
  3.915706227648141E-002
  3.748193124207466E-002
  3.206223799446595E-002
  3.914545851376305E-002
  3.606617476183260E-002
  3.794871986505677E-002
  3.110332438694574E-002
  2.322878279054041E-002
  2.875942804825971E-002
  3.608869843949036E-002
  3.516259513723186E-002
  3.606472508998670E-002
  3.237160210562107E-002
  4.466740429119709E-002
  3.657538722146980E-002
  4.036193588233683E-002
  2.985871724971922E-002
  3.396641904050202E-002
  2.879460042251558E-002
  2.576557449700478E-002
  3.396895761514218E-002
  4.201664870039556E-002
  3.489274491704519E-002
  3.274146839890579E-002
  3.563075628186829E-002
  4.248232240409733E-002
  4.070082692395982E-002
  3.112888510138256E-002
  3.565195258289122E-002
  3.880274150555973E-002
  3.568082767459635E-002
  2.751184027429954E-002
  2.669260012860741E-002
  3.509199141030006E-002
  3.355987116218828E-002
