 excitation energies, transition moments and TDA amplitudes
 state    eV      nm       fL        Rv(corr)
    1    2.175   570.2     0.3879    -3.2969    -0.77( 143-> 144)  0.38( 142-> 144)  0.35( 142-> 146)
    2    2.329   532.4     0.3783    -4.6738    -0.75( 142-> 144) -0.40( 143-> 144) -0.38( 143-> 146)
    3    2.959   419.0     0.0437     1.2457    -0.91( 141-> 144)  0.20( 142-> 144)  0.20( 143-> 146)
    4    3.621   342.4     0.0033    -6.2944     0.78( 140-> 144)  0.36( 143-> 146)  0.20( 135-> 144)
    5    3.669   338.0     0.0719   -15.6627     0.58( 142-> 145)  0.41( 140-> 144) -0.38( 143-> 145)
    6    3.769   328.9     0.0106     2.0602    -0.69( 138-> 144) -0.42( 135-> 144)  0.40( 139-> 144)
    7    3.929   315.5     0.0720    27.0195    -0.69( 143-> 147)  0.55( 143-> 148)  0.32( 143-> 145)
    8    4.023   308.2     0.0825     2.7917    -0.61( 143-> 145) -0.50( 139-> 144) -0.37( 138-> 144)
    9    4.052   306.0     0.2044     2.6790    -0.55( 139-> 144)  0.44( 143-> 145)  0.35( 142-> 145)
