           6           1  0.340615659525781     
           7           2   1.31716223319062     
           7           6   1.35610168601476     
           8           7  0.965994952718881     
           9           8  0.935878810674512     
          10           3   1.53032331987838     
          10           6   1.16031283753470     
          10           9  0.907760329166930     
          11           9  0.978374694514865     
          12           8  0.927945095567926     
          13          12  0.971599134133778     
          14          13  0.898878270558765     
          15          14   1.85954629402983     
          16          14   1.06419447470788     
          17           1  0.579530352220283     
          18           3   1.16008202500015     
          18          17   1.12927418298835     
          19          18   1.30777383665939     
          20          19   1.31348846405487     
          21           4   1.21524664361059     
          21          17   1.17432857736052     
          21          20   1.19706597448025     
          22          19  0.984218358484708     
          23          20   1.01628847508445     
          24          23   1.81457897153141     
          25          23  0.967057304198232     
          26           1  0.336963651476435     
          27           4   1.45880412952487     
          27          26   1.23727361799464     
          28          27  0.911518672711483     
          29          28  0.969324267986685     
          30           5   1.36643373745353     
          30          26   1.29348464551000     
          30          29  0.933613963829146     
          31          28  0.979091130484108     
          32          29  0.939303600084702     
          33          32   1.00105483055397     
          34           1  0.563086434409897     
          35           5   1.32869017767326     
          35          34   1.07355169138117     
          36          35   1.21552449687697     
          37          36   1.33716041265158     
          38           2   1.21775949868658     
          38          34   1.19743201931710     
          38          37   1.19402270669295     
          39          36   1.00778797536095     
          40          37   1.05020739883109     
          41          40   1.81203752643133     
          42           2  0.980280724713843     
          42          40  0.863434158496302     
          43          42  0.898100040532337     
          44          43   1.79293428976190     
          45          43   1.11685079755564     
          46          45  0.956930293183230     
          47          16  0.952321620677867     
          48          47  0.970314199394863     
          49          48   1.91145228022337     
          50          49  0.994902792745190     
          51          49  0.953415461132032     
          52          51  0.970670083691643     
          53          52  0.979276961294560     
          54          53  0.960636831826254     
          55          54  0.980210430182315     
          56          54  0.983854547592864     
          57          56  0.973153239272994     
          58          57  0.997754094100936     
          59          58  0.955626608232395     
          60          59   1.00538447827128     
          61          59  0.968100827589609     
          62          61  0.989855791284461     
          63          62  0.969839923681542     
          64          63  0.970906248194969     
          65          64  0.967562446950636     
          66          64  0.991848905747950     
          67           3  0.931525447911953     
          68           4  0.934985915794739     
          69           5  0.928607739012236     
          70           8  0.930487912006549     
          71           9  0.948303497324161     
          72          11  0.979163883110570     
          73          11  0.972533038839173     
          74          11  0.982171245998707     
          75          12  0.963437142133003     
          76          12  0.960360579620065     
          77          13  0.953246043808778     
          78          13  0.960522998252666     
          79          22  0.967895235412533     
          80          22  0.973433835336669     
          81          22  0.968208254802693     
          82          25  0.951610669839348     
          83          25  0.970773733168025     
          84          25  0.962752140492220     
          85          28  0.942339315077364     
          86          29  0.936401637916779     
          87          31  0.975437238548977     
          88          31  0.974350932964502     
          89          31  0.979477157576496     
          90          32  0.967478343203777     
          91          32  0.967854130909332     
          92          33  0.984240123880096     
          93          33  0.982580426018667     
          94          33  0.975880250674072     
          95          39  0.962639859790317     
          96          39  0.971668600922519     
          97          39  0.958669535681566     
          98          42  0.919643021704237     
          99          46  0.986951369271358     
         100          46  0.985547957782967     
         101          46  0.984696125998500     
         102          47  0.958209214010760     
         103          47  0.973857379503995     
         104          48  0.940142937655375     
         105          50  0.968217367956794     
         106          50  0.977761620324904     
         107          50  0.964687232471960     
         108          51  0.967108045971777     
         109          51  0.961467061802758     
         110          52  0.968338322047576     
         111          52  0.969527175125227     
         112          53  0.966287802003593     
         113          53  0.971458736882204     
         114          54  0.953290080627999     
         115          55  0.981210161262475     
         116          55  0.978255059223580     
         117          55  0.983664349260080     
         118          56  0.965774281481103     
         119          56  0.961522902079134     
         120          57  0.967164195159110     
         121          57  0.967457563283449     
         122          58  0.965112787446057     
         123          58  0.964386153331721     
         124          59  0.951720950587290     
         125          60  0.975378333476590     
         126          60  0.970893814340082     
         127          60  0.977618635587436     
         128          61  0.958844261945152     
         129          61  0.959979052835789     
         130          62  0.969642063764824     
         131          62  0.961758208436825     
         132          63  0.958334953409044     
         133          63  0.966833185549695     
         134          64  0.957862893475415     
         135          65  0.981128970959706     
         136          65  0.981291688915292     
         137          65  0.979336286310497     
         138          66  0.976284144379352     
         139          66  0.976362294331978     
         140          66  0.977809282317875     
