  0.319200382511154     
  1.853050026090575E-002
  5.584495858686811E-003
 -3.954533723904063E-002
 -6.813486938361990E-002
 -8.968942529714585E-002
  2.140599877241467E-002
 -3.237552599412119E-002
 -1.449064959225677E-002
  5.126975147739232E-002
 -8.081594405249426E-002
 -4.698022947581038E-002
 -7.217465301418002E-002
  0.215520855297280     
 -0.249512598150864     
 -0.126859469188912     
 -0.218598004871458     
  2.978850456604265E-002
  2.835333641683357E-002
 -6.122348475455919E-002
  4.235332654701462E-002
 -6.571318723464703E-002
  0.152130008534895     
 -0.255868749970151     
 -0.103703261576406     
 -0.234182569460761     
  3.970638783774527E-002
 -2.775734204351465E-002
 -2.806654126699648E-002
  4.861379461295945E-002
 -8.761780117847451E-002
 -4.791021462404998E-002
 -8.389552664738087E-002
 -0.214117495637999     
 -6.374223711285154E-004
 -6.393534303824033E-002
 -8.372789180675788E-002
  1.121772567359125E-002
 -5.481871859955501E-002
  0.173795701776169     
 -0.218052035734810     
 -1.802453790965952E-002
  0.222168829904346     
 -0.240593904996694     
 -0.179496079753673     
  5.248714071786953E-003
  5.256484986284393E-002
 -9.101765324205324E-002
 -1.510949755657087E-002
 -9.941055381533737E-002
 -6.415750282634924E-002
 -5.670327330068581E-002
 -7.871902627296823E-002
 -3.240164385079503E-002
 -0.117478718363420     
 -4.547547553848741E-002
 -5.179409178274241E-002
 -7.530660046331672E-002
 -3.112133378345838E-002
 -9.555101608151872E-002
 -7.221982080528644E-002
 -6.085442810794017E-002
 -5.149929648965923E-002
 -2.663621687661344E-002
 -0.108458988998636     
 -0.113929162266309     
  4.767643870110094E-002
  5.477998105151394E-002
  5.990883647114353E-002
  3.991875520840038E-002
  4.621795264415385E-002
  3.973388250810461E-002
  3.963148090261992E-002
  3.636508830111074E-002
  3.223828143822582E-002
  5.273151931584397E-002
  3.683252525100056E-002
  4.286913923964597E-002
  5.178340468929055E-002
  4.847246379032699E-002
  4.952111945081183E-002
  4.346192981115404E-002
  4.294688221446352E-002
  4.151703471921908E-002
  4.934817594459362E-002
  5.323974533473408E-002
  3.747830979562350E-002
  3.695352173550215E-002
  3.874451009892943E-002
  4.073776101053994E-002
  3.451803916006746E-002
  3.186924401206881E-002
  3.719043399229449E-002
  3.318620095644542E-002
  6.154431776442337E-002
  4.761075066769027E-002
  4.793763856848110E-002
  6.178717859477179E-002
  5.059955561292884E-002
  5.127304216372242E-002
  5.537059554130674E-002
  4.916555029281755E-002
  6.206643570164028E-002
  2.762332248598520E-002
  4.777521962810338E-002
  4.064426282667544E-002
  5.207155813328279E-002
  3.733383685403613E-002
  3.259089480509247E-002
  3.957750533110027E-002
  2.418128267605346E-002
  3.235794683588822E-002
  3.899067623880259E-002
  3.967690771368126E-002
  2.572711646042636E-002
  2.504290263094044E-002
  4.604939615235903E-002
  4.738750313996076E-002
  4.094543067110124E-002
  3.408982302542740E-002
  2.542699013023142E-002
  2.887538271003942E-002
  1.941090021847625E-002
  2.546340756484877E-002
  3.149575828989404E-002
  3.642751508033315E-002
  3.569443680177842E-002
  3.461338152183435E-002
  3.157772607627263E-002
  3.823525226610325E-002
  3.037087990586995E-002
  3.971211303353139E-002
  3.328759042384433E-002
  3.089388637192880E-002
  3.764282625555215E-002
  2.481707643427977E-002
  3.748677736572903E-002
  2.924102614379642E-002
  3.215838925814840E-002
  3.678532718732086E-002
