  0.298814075707125     
  4.192233124975520E-003
 -3.959801980066491E-002
 -1.390516724554391E-002
 -3.885635752673267E-002
 -0.140371942621446     
  4.331979614732973E-003
 -4.335955228195232E-002
 -1.623208731522219E-002
  4.093176870208204E-002
 -9.676516155672754E-002
 -6.004140884863762E-002
 -5.521266397141122E-002
  0.202990755722520     
 -0.274476483977695     
 -0.109387643434970     
 -0.215632923840979     
  2.838368890673548E-002
 -3.216485273402991E-002
 -7.538057862187664E-002
  4.117970111058478E-002
 -7.964049803828477E-002
  0.141433772620243     
 -0.252681158337413     
 -8.151790980273432E-002
 -0.169706014041560     
  3.414929458783922E-002
 -2.211157505691652E-002
 -2.426371293340246E-002
  4.132657118218708E-002
 -8.735665925892633E-002
 -5.523778035092786E-002
 -8.465504880960228E-002
 -0.195946481143031     
  1.695615185721033E-002
 -1.032402283369027E-002
 -3.609040702990285E-002
  1.761955193010722E-002
 -6.174414928199923E-002
  0.127381912404476     
 -0.205585380882949     
 -2.928052721476515E-002
  0.205994997285625     
 -0.239865102462541     
 -0.148009072076950     
  9.982999128971048E-003
  7.525305366483392E-002
 -7.983007503012463E-002
 -3.252906295164060E-002
 -0.103404540957971     
 -6.173415795893167E-002
 -6.056895000631712E-002
 -8.359743597122549E-002
 -2.402168172775188E-002
 -0.117083693237281     
 -6.688237946418951E-002
 -8.092517472466376E-002
 -6.707274004459229E-002
 -2.010758935589685E-002
 -0.103963907920089     
 -6.312231375263977E-002
 -5.790261898520477E-002
 -9.587076824536478E-002
 -1.500867434610509E-002
 -9.895277491459176E-002
 -0.113217414643103     
  4.986527178972333E-002
  6.016896743967337E-002
  5.207990286856046E-002
  4.660779953826233E-002
  4.744904453402610E-002
  2.941324306319448E-002
  4.380997027961464E-002
  4.388518551437959E-002
  3.645372011532910E-002
  4.777415558899689E-002
  4.835309802169785E-002
  4.223014875257447E-002
  5.667243105737585E-002
  4.313199776043919E-002
  5.314249296112949E-002
  5.321885943782922E-002
  4.917306876560656E-002
  5.764493547276761E-002
  4.351098096392447E-002
  4.535258078757676E-002
  3.876321122927873E-002
  4.153713502911127E-002
  3.878767433001817E-002
  3.792927952475622E-002
  3.845618775306159E-002
  3.362952891743820E-002
  3.898434173824350E-002
  4.017045649967987E-002
  4.831580053740248E-002
  5.057373705761914E-002
  5.645532498884775E-002
  5.626632612953264E-002
  5.309475997010438E-002
  5.814373141310480E-002
  3.958253901972153E-002
  6.473613594528582E-002
  6.805446715622310E-002
  2.791525637210202E-002
  4.663836170156122E-002
  3.527618436986746E-002
  4.540184955964210E-002
  3.001704755737522E-002
  3.630653595735722E-002
  3.858864935446482E-002
  3.796218860989442E-002
  3.973123064627770E-002
  3.353209326063167E-002
  3.306565033067266E-002
  2.550471091536910E-002
  3.466551408500074E-002
  4.382374048818116E-002
  3.024554707327987E-002
  3.756250227946800E-002
  3.296423315800578E-002
  2.991507340433341E-002
  3.988449866972266E-002
  3.003196520589468E-002
  3.065019887585119E-002
  3.135598163795994E-002
  3.528378133611776E-002
  3.054922183826447E-002
  2.339410566625988E-002
  5.178893138237317E-002
  3.617448878670304E-002
  4.487161086915392E-002
  2.784220777152424E-002
  3.034249194945204E-002
  4.318844939078348E-002
  3.344036550349461E-002
  3.075175391434848E-002
  2.659304631520554E-002
  3.008261033177806E-002
  4.315123400106702E-002
  3.836198549940062E-002
