 excitation energies, transition moments and TDA amplitudes
 state    eV      nm       fL        Rv(corr)
    1    2.233   555.3     0.9189     5.7804     0.89( 143-> 144) -0.36( 142-> 146) -0.12( 142-> 148)
    2    2.377   521.5     0.1048     0.8791     0.86( 142-> 144)  0.40( 143-> 146) -0.14( 143-> 145)
    3    3.342   371.0     0.0028    -8.6398     0.92( 141-> 144) -0.23( 140-> 144)  0.13( 141-> 145)
    4    3.440   360.4     0.0330    14.8521    -0.92( 143-> 145) -0.16( 143-> 147)  0.14( 142-> 146)
    5    3.616   342.8     0.0251    -5.5042     0.53( 140-> 144) -0.52( 143-> 146)  0.42( 143-> 147)
    6    3.771   328.7     0.0005    -3.9070     0.82( 143-> 147)  0.36( 142-> 145) -0.20( 140-> 144)
    7    3.792   327.0     0.0864    20.5906     0.66( 142-> 145)  0.44( 140-> 144) -0.38( 139-> 144)
    8    4.057   305.6     0.4176    38.2617     0.65( 143-> 148)  0.33( 142-> 147) -0.32( 143-> 146)
    9    4.150   298.7     0.0879   -33.0949     0.79( 142-> 147) -0.33( 143-> 148)  0.29( 143-> 146)
