           6           1  0.407935761438112     
           7           2   1.38805958838401     
           7           6   1.22556684167043     
           8           7  0.921448175060620     
           9           8  0.956606940080683     
          10           3   1.45806595579309     
          10           6   1.23389389705316     
          10           9  0.915590073624146     
          11           9  0.984203900644576     
          12           8  0.927610049752510     
          13          12  0.980846164337031     
          14          13  0.906594027855144     
          15          14   1.79260495572494     
          16          14   1.14096808059159     
          17           1  0.516853090708747     
          18           3   1.21931223556135     
          18          17   1.20977376495548     
          19          18   1.17507299506318     
          20          19   1.39898800946008     
          21           4   1.26026570016279     
          21          17   1.16587294479186     
          21          20   1.15186400183882     
          22          19   1.01750274832034     
          23          20  0.954517955694173     
          24          23   1.84491548750533     
          25          23  0.978300213085672     
          26           1  0.462139598450899     
          27           4   1.49454285707601     
          27          26   1.17220079558411     
          28          27  0.918476999921256     
          29          28  0.950279798098773     
          30           5   1.46846695277781     
          30          26   1.21954505184593     
          30          29  0.929769389092713     
          31          28  0.962713934841786     
          32          29  0.950199423897437     
          33          32   1.00725524802901     
          34           1  0.448993880739172     
          35           5   1.25356354319549     
          35          34   1.21908215773199     
          36          35   1.08799313083695     
          37          36   1.45677172471160     
          38           2   1.27588520180365     
          38          34   1.19475211341268     
          38          37   1.10610250416505     
          39          36  0.992165402021912     
          40          37   1.07221784961759     
          41          40   1.83701590500166     
          42           2  0.946248336730278     
          42          40  0.813572548430035     
          43          42  0.925665188200610     
          44          43   1.82322897063540     
          45          43   1.06565157327236     
          46          45  0.970729167667922     
          47          16  0.961417081562690     
          48          47  0.990847513257310     
          49          48   1.89817906381634     
          50          49  0.965810032711012     
          51          49  0.978151733411721     
          52          51  0.967894106243157     
          53          52  0.961116958789633     
          54          53  0.965901526098214     
          55          54  0.985520446182848     
          56          54  0.970778271980579     
          57          56  0.977392933834438     
          58          57  0.977267388124691     
          59          58  0.979026986574562     
          60          59  0.976535411592773     
          61          59  0.972810283173187     
          62          61  0.993277869982814     
          63          62  0.980823680252057     
          64          63  0.974434550628079     
          65          64   1.00304825441564     
          66          64  0.973567603829433     
          67           3  0.937285302843624     
          68           4  0.923693577320160     
          69           5  0.934834178653807     
          70           8  0.935204319703652     
          71           9  0.940101200850827     
          72          11  0.973167762809544     
          73          11  0.968509037425949     
          74          11  0.975658257765331     
          75          12  0.963441342175631     
          76          12  0.961212204143731     
          77          13  0.962816396736139     
          78          13  0.958623871153195     
          79          22  0.953833320490053     
          80          22  0.952822054611210     
          81          22  0.969097268148843     
          82          25  0.953581069309449     
          83          25  0.959618301940317     
          84          25  0.968386301603417     
          85          28  0.946529691817786     
          86          29  0.939210998279150     
          87          31  0.977853630228049     
          88          31  0.977522643741861     
          89          31  0.981559735946822     
          90          32  0.960093015118226     
          91          32  0.963060010994850     
          92          33  0.982659549191442     
          93          33  0.977295962111203     
          94          33  0.983171163897976     
          95          39  0.976407731997948     
          96          39  0.965503133144224     
          97          39  0.966409262389774     
          98          42  0.936698554409152     
          99          46  0.984848908827376     
         100          46  0.975190421442211     
         101          46  0.989890345629785     
         102          47  0.955062628048389     
         103          47  0.950939115447319     
         104          48  0.936389344559049     
         105          50  0.976191098841374     
         106          50  0.974140091862841     
         107          50  0.975411659554519     
         108          51  0.961475326388676     
         109          51  0.958509563840753     
         110          52  0.967470405937131     
         111          52  0.971022487534714     
         112          53  0.961720817703920     
         113          53  0.964009529482257     
         114          54  0.952331111471922     
         115          55  0.977876981734957     
         116          55  0.974626266401397     
         117          55  0.973272179534381     
         118          56  0.963969081792521     
         119          56  0.966574872435579     
         120          57  0.966470503457389     
         121          57  0.971785344204243     
         122          58  0.964396431649030     
         123          58  0.964788105392191     
         124          59  0.950927929183036     
         125          60  0.977578203128455     
         126          60  0.982698864128704     
         127          60  0.978860413962156     
         128          61  0.965768451784729     
         129          61  0.950047927539957     
         130          62  0.960211118633600     
         131          62  0.968434508323681     
         132          63  0.963118851683566     
         133          63  0.957986040840335     
         134          64  0.949519602451047     
         135          65  0.973851540027916     
         136          65  0.976517616014552     
         137          65  0.980080814489533     
         138          66  0.982618286794453     
         139          66  0.978096475489964     
         140          66  0.974574771594198     
