  0.302384441151025     
  5.520306300207611E-003
 -5.381551394191764E-002
 -1.456634025855053E-003
 -2.237176331432078E-002
 -0.174569742778642     
  5.959427934288053E-002
 -2.537030537317619E-002
 -2.429071490621215E-002
  2.617177424577255E-002
 -8.396281075363543E-002
 -3.338196905390411E-002
 -2.201027277112999E-002
  0.201584861288135     
 -0.306203213895362     
 -0.156701782815263     
 -0.222027580006795     
  2.100046870214634E-002
 -6.507528733473755E-002
 -6.312168937917573E-002
  3.350730064257590E-002
 -7.050222939354178E-002
  0.147675214283722     
 -0.237985147526049     
 -0.100672186519009     
 -0.147345867946231     
  2.177313333331909E-002
 -1.206209405007908E-002
 -3.735498658229286E-002
  5.823647754604577E-002
 -9.907380767245222E-002
 -6.441718272144303E-002
 -9.607690893337040E-002
 -0.210677111219712     
  5.162251937328488E-002
  1.201680857770571E-002
 -6.104666364804068E-002
  1.878576528107923E-002
 -7.639768882487896E-002
  0.178083916186647     
 -0.224015459647255     
 -2.596305417679812E-002
  0.214953517419869     
 -0.267725881542896     
 -0.192781402462101     
  7.548968772687736E-003
  5.091528250876332E-002
 -6.796545769109841E-002
 -4.468873996647105E-002
 -9.229471511501952E-002
 -6.028861482336012E-002
 -5.948978372806568E-002
 -6.718544602023080E-002
 -2.314252040308773E-002
 -0.110936367580743     
 -7.984988087963529E-002
 -5.542804209197527E-002
 -8.036634153689715E-002
 -1.075405802950335E-002
 -0.106566417055140     
 -6.273316783203775E-002
 -6.244626268900433E-002
 -8.441955188393102E-002
 -1.793215514096680E-002
 -9.575058477010856E-002
 -0.128678077725863     
  6.287639717423954E-002
  6.436787641046260E-002
  4.985988524787555E-002
  5.554977007812101E-002
  4.946549523121091E-002
  4.063339477032013E-002
  3.904963839186082E-002
  3.677389529856356E-002
  4.961812180862080E-002
  4.163745513654782E-002
  5.040560050242304E-002
  5.804577564097535E-002
  4.469168620620778E-002
  5.300268260148422E-002
  5.519721349489815E-002
  5.400314698370656E-002
  3.980663195454692E-002
  4.875628240768759E-002
  5.624950593056377E-002
  5.188493921217374E-002
  4.229841244160903E-002
  4.813237165872319E-002
  2.586449839937599E-002
  3.655570588584867E-002
  3.567180040910101E-002
  2.222916283825638E-002
  3.937588931403624E-002
  4.524251940040536E-002
  3.905755761005869E-002
  4.952138393311378E-002
  5.053410501979072E-002
  6.170662834196905E-002
  5.530443200779667E-002
  4.931942820437718E-002
  5.629250043860767E-002
  5.642124725528497E-002
  6.243736296727043E-002
  3.929814255903219E-002
  3.865968138018316E-002
  4.537650039702756E-002
  4.660348460055808E-002
  3.373968242452396E-002
  4.369320501976304E-002
  3.285117639893587E-002
  3.760436789482557E-002
  2.951217595132161E-002
  3.690273199118566E-002
  2.656421017136412E-002
  3.238775732985966E-002
  3.051925875051065E-002
  2.956275962313415E-002
  3.123454433465811E-002
  2.858245843040941E-002
  3.291498422598382E-002
  3.707932465068497E-002
  3.347658006404330E-002
  3.561499924590239E-002
  4.370989441097373E-002
  3.598083073292269E-002
  2.582332795634057E-002
  3.472944698141034E-002
  3.696833481391093E-002
  4.558291599455966E-002
  4.432445385285311E-002
  3.506997060235784E-002
  4.097376217734416E-002
  2.485338548796656E-002
  3.159740251705623E-002
  2.844334032689588E-002
  4.454194170407733E-002
  4.200468513283340E-002
  2.539562836852516E-002
  2.363940042839552E-002
  3.434095568311801E-002
