 excitation energies, transition moments and TDA amplitudes
 state    eV      nm       fL        Rv(corr)
    1    2.308   537.1     0.1755    -2.4199     0.83( 142-> 144) -0.36( 141-> 144)  0.24( 143-> 145)
    2    2.356   526.3     0.6577    -4.1215    -0.87( 143-> 144)  0.31( 142-> 145)  0.28( 142-> 146)
    3    2.812   440.9     0.0607    -1.4565     0.89( 141-> 144)  0.31( 142-> 144)  0.16( 143-> 145)
    4    3.592   345.2     0.0171    -0.7960     0.92( 140-> 144)  0.28( 143-> 145)  0.12( 143-> 146)
    5    3.929   315.6     0.1296    -2.4281    -0.77( 142-> 145)  0.48( 142-> 146)  0.16( 143-> 146)
    6    3.991   310.7     0.0175   -12.5270     0.79( 137-> 144) -0.30( 136-> 145)  0.21( 137-> 145)
    7    4.019   308.5     0.1850    -3.5293     0.62( 139-> 144)  0.48( 143-> 145) -0.41( 143-> 146)
    8    4.113   301.4     0.2270     5.3651    -0.44( 139-> 144) -0.43( 143-> 146) -0.39( 143-> 147)
    9    4.149   298.9     0.1205   -13.1406     0.74( 143-> 147)  0.33( 142-> 147) -0.29( 143-> 146)
