           6           1  0.328910371808312     
           7           2   1.48649735322488     
           7           6   1.25684871002736     
           8           7  0.901022154015641     
           9           8  0.950606881671867     
          10           3   1.39039454906316     
          10           6   1.25782534951646     
          10           9  0.931825706727037     
          11           9  0.974343374964065     
          12           8  0.938672744626375     
          13          12   1.01266352935638     
          14          13  0.956906809291879     
          15          14   1.78762428937555     
          16          14   1.08699040813688     
          17           1  0.594880908061027     
          18           3   1.25408026143477     
          18          17   1.16596342754794     
          19          18   1.22406501572118     
          20          19   1.36320860306079     
          21           4   1.38575235406494     
          21          17   1.07918743777501     
          21          20   1.15230215737176     
          22          19  0.962910256050239     
          23          20  0.994781548170979     
          24          23   1.83798114073656     
          25          23  0.954357980549045     
          26           1  0.356979622089993     
          27           4   1.37548240486246     
          27          26   1.24867298383813     
          28          27  0.928891479815491     
          29          28  0.946149922064558     
          30           5   1.48508465062124     
          30          26   1.25401880752307     
          30          29  0.934573422238647     
          31          28  0.985324823740900     
          32          29  0.930188705513812     
          33          32   1.01208786482771     
          34           1  0.540397743305933     
          35           5   1.15341265028149     
          35          34   1.20923128347648     
          36          35   1.27242256337066     
          37          36   1.29177325226358     
          38           2   1.14197194013297     
          38          34   1.13294492940579     
          38          37   1.25574856579171     
          39          36  0.986544379964104     
          40          37   1.04604401171709     
          41          40   1.85890970351508     
          42           2  0.943527651728784     
          42          40  0.837678433672962     
          43          42  0.960804125361653     
          44          43   1.81557179819979     
          45          43   1.03490509007324     
          46          45  0.971341224159009     
          47          16  0.963576485035782     
          48          47  0.963920351532049     
          49          48   1.94063962618053     
          50          49  0.959610633656297     
          51          49  0.934599400702072     
          52          51  0.973027372945584     
          53          52  0.974824895531067     
          54          53  0.971159449816445     
          55          54  0.958642552956040     
          56          54  0.994497545194166     
          57          56  0.963337858738939     
          58          57  0.999358745187253     
          59          58  0.960302329187066     
          60          59   1.00087889293966     
          61          59  0.969165760081298     
          62          61  0.973370429922577     
          63          62  0.984613644548052     
          64          63  0.979480296101434     
          65          64  0.994957640453122     
          66          64  0.965374185564016     
          67           3  0.937075826299844     
          68           4  0.914249714883876     
          69           5  0.939853662473617     
          70           8  0.945072333653383     
          71           9  0.937944321706755     
          72          11  0.978406475303379     
          73          11  0.975256860605441     
          74          11  0.975141064891296     
          75          12  0.955557217123706     
          76          12  0.963961606061196     
          77          13  0.928732220216955     
          78          13  0.941359097054767     
          79          22  0.976050029777319     
          80          22  0.976624115020288     
          81          22  0.972283788173269     
          82          25  0.963271284850383     
          83          25  0.973573229363313     
          84          25  0.961466458338768     
          85          28  0.937617626859012     
          86          29  0.938343833066676     
          87          31  0.972332477847637     
          88          31  0.970517934611242     
          89          31  0.978459324546117     
          90          32  0.967194683957854     
          91          32  0.967571988010035     
          92          33  0.980373200397323     
          93          33  0.983488226588313     
          94          33  0.976495388532281     
          95          39  0.975127811197287     
          96          39  0.967623774248983     
          97          39  0.972922799446327     
          98          42  0.924518173312766     
          99          46  0.988789068932264     
         100          46  0.985990257958037     
         101          46  0.983182449932017     
         102          47  0.965936995917305     
         103          47  0.956898810103228     
         104          48  0.936220983006295     
         105          50  0.977149922733596     
         106          50  0.980502073294262     
         107          50  0.977266336474672     
         108          51  0.967445009944793     
         109          51  0.963698660138859     
         110          52  0.967307817615541     
         111          52  0.965692396737526     
         112          53  0.962665979023815     
         113          53  0.956070419356196     
         114          54  0.952204503323260     
         115          55  0.978089029155959     
         116          55  0.979449677368296     
         117          55  0.985026484996889     
         118          56  0.958039397690086     
         119          56  0.953396126695775     
         120          57  0.962401093806793     
         121          57  0.967955772370787     
         122          58  0.955385605597830     
         123          58  0.954180835051701     
         124          59  0.945798531609286     
         125          60  0.975339288428027     
         126          60  0.974081299358003     
         127          60  0.972853773207970     
         128          61  0.965998293724024     
         129          61  0.956156508759142     
         130          62  0.967757646396149     
         131          62  0.966137550374754     
         132          63  0.948628399670024     
         133          63  0.964007149080606     
         134          64  0.954026163726872     
         135          65  0.975843640138557     
         136          65  0.978147670917972     
         137          65  0.971745586955572     
         138          66  0.978003847031842     
         139          66  0.976603965479182     
         140          66  0.980573289617428     
