 excitation energies, transition moments and TDA amplitudes
 state    eV      nm       fL        Rv(corr)
    1    2.120   584.9     0.6441    -4.9939     0.87( 141-> 142)  0.28( 140-> 144)  0.25( 140-> 143)
    2    2.368   523.5     0.2182     0.2970     0.83( 140-> 142) -0.35( 141-> 143) -0.30( 141-> 144)
    3    3.304   375.2     0.0054     7.5851     0.91( 139-> 142) -0.21( 141-> 144) -0.17( 141-> 145)
    4    3.418   362.7     0.0037     8.2021     0.65( 141-> 145)  0.51( 141-> 144) -0.41( 141-> 143)
    5    3.721   333.2     0.0147    -2.1654    -0.74( 138-> 142) -0.34( 141-> 143)  0.25( 135-> 142)
    6    3.790   327.1     0.0676    33.2385    -0.51( 140-> 143)  0.41( 140-> 144)  0.35( 141-> 143)
    7    3.895   318.3     0.1289     0.7700     0.51( 135-> 142)  0.40( 141-> 143)  0.30( 136-> 142)
    8    3.968   312.5     0.0706   -15.3831     0.39( 135-> 142) -0.39( 141-> 143)  0.39( 140-> 145)
    9    4.053   305.9     0.1706   -31.5553     0.50( 140-> 145)  0.35( 141-> 144)  0.34( 141-> 146)
