           6           1  0.321986505767726     
           7           2   1.46132025703845     
           7           6   1.25278236010146     
           8           7  0.891329334335146     
           9           8  0.991367233397447     
          10           3   1.45980297204582     
          10           6   1.26033463498408     
          10           9  0.901643250790291     
          11           9  0.957028540678455     
          12           8  0.939382894514240     
          13          12  0.963287333962794     
          14          13  0.921231441303057     
          15          14   1.82041089774098     
          16          14   1.09528018408316     
          17           1  0.523607903588027     
          18           3   1.20393166799219     
          18          17   1.17619023922249     
          19          18   1.21490649967362     
          20          19   1.44852956804480     
          21           4   1.26395173128161     
          21          17   1.22318499454484     
          21          20   1.07323549392620     
          22          19  0.982220713369760     
          23          20  0.970079792131715     
          24          23   1.86937562934450     
          25          23  0.939524723568786     
          26           1  0.397343927737805     
          27           4   1.41041957168599     
          27          26   1.26063790625645     
          28          27  0.940839010291089     
          29          28  0.933565573946797     
          30           5   1.38485071908248     
          30          26   1.21326752213960     
          30          29  0.950921242692086     
          31          28  0.948763115979252     
          32          29  0.940933908818618     
          33          32   1.00508384054067     
          34           1  0.559773495530711     
          35           5   1.31611054378262     
          35          34   1.10013806703719     
          36          35   1.16245516648176     
          37          36   1.40210758566406     
          38           2   1.18480501081477     
          38          34   1.25071298708949     
          38          37   1.10995751714837     
          39          36   1.01089863521818     
          40          37   1.09289846333464     
          41          40   1.78821323772464     
          42           2  0.947208071279524     
          42          40  0.881178105439858     
          43          42  0.888956849079395     
          44          43   1.82184800111968     
          45          43   1.10926589634381     
          46          45  0.967412985680324     
          47          16  0.951715971144071     
          48          47  0.998644114166809     
          49          48   1.88655640464369     
          50          49  0.993493144497890     
          51          49  0.950229930980553     
          52          51  0.969850596444127     
          53          52  0.990695015077153     
          54          53  0.981916018293583     
          55          54  0.978594136601830     
          56          54  0.954140403266621     
          57          56  0.985293489295973     
          58          57  0.985544279195914     
          59          58  0.974118707412303     
          60          59  0.983056436012796     
          61          59  0.964429695900729     
          62          61  0.988093645489643     
          63          62  0.976531048174943     
          64          63  0.983151673095424     
          65          64  0.995324522558938     
          66          64  0.978584767075401     
          67           3  0.938974092494576     
          68           4  0.937923690933608     
          69           5  0.933170047791262     
          70           8  0.940401167255104     
          71           9  0.943121653584634     
          72          11  0.980763139223725     
          73          11  0.979254325897158     
          74          11  0.978796325118900     
          75          12  0.966360563588655     
          76          12  0.958143391911305     
          77          13  0.965748465172460     
          78          13  0.965265393447462     
          79          22  0.967715668716427     
          80          22  0.974228088125214     
          81          22  0.967275631635681     
          82          25  0.972257636441926     
          83          25  0.960107905365662     
          84          25  0.966467836491061     
          85          28  0.948700404526953     
          86          29  0.931098039466672     
          87          31  0.983233231884521     
          88          31  0.979802952775579     
          89          31  0.981007155688791     
          90          32  0.968930780563006     
          91          32  0.965997057543984     
          92          33  0.980053443060019     
          93          33  0.981911911505574     
          94          33  0.980898927639963     
          95          39  0.966945161925093     
          96          39  0.967721189599052     
          97          39  0.956024929558370     
          98          42  0.927956330505595     
          99          46  0.988637331572159     
         100          46  0.983356882326080     
         101          46  0.980513663632027     
         102          47  0.960013322058553     
         103          47  0.952201890696729     
         104          48  0.942934454374271     
         105          50  0.964766676628306     
         106          50  0.975304758102957     
         107          50  0.972337159636244     
         108          51  0.958879755307323     
         109          51  0.962374282498296     
         110          52  0.968184575781128     
         111          52  0.962606628109625     
         112          53  0.954855863454716     
         113          53  0.959390269712667     
         114          54  0.950634411787830     
         115          55  0.980052832781867     
         116          55  0.982212509460721     
         117          55  0.975308926377708     
         118          56  0.966344489179278     
         119          56  0.961602395850238     
         120          57  0.967442031696268     
         121          57  0.963011219965673     
         122          58  0.956127629708865     
         123          58  0.960761771568930     
         124          59  0.954390489145170     
         125          60  0.981878309828167     
         126          60  0.978166411697089     
         127          60  0.975858386984439     
         128          61  0.963115780547122     
         129          61  0.960226982944117     
         130          62  0.965194879282135     
         131          62  0.966875159335021     
         132          63  0.957618997618709     
         133          63  0.963054724614357     
         134          64  0.949188269351959     
         135          65  0.974806023706724     
         136          65  0.980479880475720     
         137          65  0.974649838199386     
         138          66  0.980346666148120     
         139          66  0.978134506082074     
         140          66  0.974181229786956     
