  0.317407500870876     
  2.477469734053894E-002
 -3.388269345952821E-003
 -5.982175881290885E-002
 -5.620780604152031E-002
 -0.122228480950632     
  1.085690575253384E-002
 -1.030197605041661E-002
  3.498604185471876E-003
  6.082794372970524E-002
 -0.105235796559668     
 -4.676598826176903E-002
 -5.534800199048284E-002
  0.209410097851422     
 -0.335557546158361     
 -0.141154945507905     
 -0.223353945967921     
  4.661339256113495E-002
 -1.910837221627659E-003
 -6.403188074504040E-002
  6.037671783375576E-002
 -7.625464586763364E-002
  0.127543644710192     
 -0.274025238740155     
 -0.103890277639464     
 -0.201278212254868     
  4.982536564909701E-002
 -2.108152856760892E-002
 -3.595305502142487E-002
  3.340816003973579E-002
 -8.272992794709833E-002
 -3.731829644199003E-002
 -0.100424904083595     
 -0.212729901127510     
  3.366900193391320E-002
 -3.294450487538292E-002
 -4.479122095221566E-002
  2.497507467367388E-002
 -6.438952850171908E-002
  0.135069394132768     
 -0.222658594408408     
 -3.629540259178654E-002
  0.224250169926564     
 -0.314743365507807     
 -0.156857621154010     
  1.733919513674920E-002
  4.917015177275985E-002
 -8.000598683415294E-002
 -3.937363889064294E-003
 -8.651350532183777E-002
 -6.976941468363940E-002
 -3.875371219125867E-002
 -6.754132592008855E-002
 -2.810612840853999E-002
 -0.120371082285926     
 -5.436020291939858E-002
 -6.855227014611476E-002
 -6.168586581952518E-002
 -2.725131527556712E-002
 -0.104988607004930     
 -6.241649413396289E-002
 -6.478786145488691E-002
 -7.317904314632795E-002
 -2.242588168460014E-002
 -8.857732636866533E-002
 -0.103763814394896     
  5.890665563495989E-002
  5.649126956203576E-002
  5.673231635402232E-002
  5.196414671219363E-002
  6.095228311984102E-002
  4.276242628385074E-002
  3.025666155814688E-002
  3.302266389565023E-002
  2.732603473849549E-002
  6.212253777346277E-002
  4.613969296682341E-002
  3.704456953165458E-002
  5.078508036199991E-002
  4.551978336062457E-002
  4.356059679383217E-002
  4.795766267590351E-002
  5.141986846030588E-002
  4.464766434393330E-002
  6.132451804905203E-002
  4.963655534496247E-002
  4.042156789698825E-002
  4.959581274069713E-002
  3.844538314466039E-002
  3.029369331776210E-002
  4.922294653508874E-002
  2.906131965648084E-002
  2.618619058421934E-002
  4.213232856768223E-002
  5.269013849011250E-002
  4.581318807294743E-002
  5.319290520894826E-002
  5.806107478903599E-002
  5.575913484084460E-002
  5.916758691097534E-002
  5.716537212816242E-002
  5.717699920150754E-002
  6.578599545996289E-002
  4.106642074078115E-002
  4.258368297539983E-002
  4.944988226549962E-002
  3.731423143054047E-002
  4.578599419073259E-002
  3.371411017806247E-002
  4.683748810886057E-002
  3.541897754582324E-002
  2.319898591372804E-002
  4.129353289357673E-002
  3.512988672031947E-002
  3.756061337908512E-002
  3.493281711192342E-002
  2.645924297076441E-002
  4.206217749676888E-002
  3.178705982131746E-002
  3.486153038732187E-002
  2.016789730322655E-002
  2.539320169854442E-002
  2.780327043807529E-002
  2.481778450900862E-002
  3.761553211918178E-002
  3.684214173437284E-002
  2.902164009945429E-002
  3.394904211203853E-002
  3.382858462910754E-002
  2.857551994504748E-002
  4.143914208693356E-002
  2.708826128775577E-002
  3.591130304634960E-002
  2.433603291347242E-002
  2.549182445739007E-002
  3.327688436136145E-002
  3.789242587104924E-002
  3.750003090398590E-002
  3.617081181356463E-002
  3.632205255110865E-002
