 excitation energies, transition moments and TDA amplitudes
 state    eV      nm       fL        Rv(corr)
    1    2.102   589.8     0.3712    -5.0414     0.64( 143-> 145) -0.63( 144-> 145)  0.22( 143-> 148)
    2    2.219   558.8     0.6933   -11.8549     0.63( 144-> 145)  0.62( 143-> 145) -0.24( 143-> 147)
    3    3.028   409.4     0.0069   -23.8538    -0.64( 142-> 145) -0.51( 144-> 147)  0.39( 144-> 148)
    4    3.082   402.2     0.0122    22.0441     0.70( 142-> 145) -0.47( 144-> 147)  0.36( 144-> 148)
    5    3.339   371.3     0.0227    12.2901     0.66( 143-> 147) -0.59( 143-> 148)  0.36( 143-> 146)
    6    3.455   358.8     0.0451     8.9086    -0.78( 141-> 145)  0.32( 144-> 148)  0.28( 140-> 145)
    7    3.655   339.2     0.0455   -14.3497    -0.57( 140-> 145) -0.42( 138-> 145) -0.40( 141-> 145)
    8    3.771   328.8     0.0419    27.5467    -0.60( 143-> 146)  0.57( 144-> 146) -0.26( 144-> 147)
    9    3.940   314.6     0.0499     0.5765     0.55( 144-> 146)  0.54( 143-> 146) -0.36( 144-> 147)
