           6           1  0.351836266367109     
           7           2   1.44515351709790     
           7           6   1.18080100505208     
           8           7  0.951229256532275     
           9           8  0.932076235534939     
          10           3   1.39475922274508     
          10           6   1.29398186837848     
          10           9  0.983075108933565     
          11           9  0.951491852746282     
          12           8  0.938756691786092     
          13          12  0.988100173653431     
          14          13  0.931031826263796     
          15          14   1.74772747023299     
          16          14   1.17237535001059     
          17           1  0.481640184722598     
          18           3   1.27784551160000     
          18          17   1.07758670026485     
          19          18   1.28588375835002     
          20          19   1.33876066370263     
          21           4   1.24783171368758     
          21          17   1.31222684710985     
          21          20   1.06741325143226     
          22          19  0.975699087089027     
          23          20   1.09712412876102     
          24          23   1.77109376274188     
          25          23  0.933849079317195     
          26           1  0.473654817629516     
          27           4   1.43361574458626     
          27          26   1.24177842791634     
          28          27  0.914216739004812     
          29          28  0.946598853940290     
          30           5   1.48693801312507     
          30          26   1.17594760455046     
          30          29  0.929325085995782     
          31          28  0.979508334972525     
          32          29  0.976713507330298     
          33          32   1.00114635357758     
          34           1  0.476053264800575     
          35           5   1.19813643987978     
          35          34   1.20841007766156     
          36          35   1.22186184273143     
          37          36   1.33780351895540     
          38           2   1.19431100778066     
          38          34   1.21417493086888     
          38          37   1.16686173117846     
          39          36  0.973132403439065     
          40          37   1.10943531738494     
          41          40   1.82257466279777     
          42           2  0.924944014576195     
          42          40  0.785253284025383     
          43          42   1.00030229111896     
          44          43   1.73364568278296     
          45          43   1.10288161023024     
          46          45  0.957281601162728     
          47          16  0.893440977866364     
          48          47   1.01614282857151     
          49          48   1.87424918630811     
          50          49  0.976270231841838     
          51          49  0.976517512877846     
          52          51  0.968969186596159     
          53          52   1.00964803746257     
          54          53  0.958028096434436     
          55          54  0.981489121306466     
          56          54  0.992883971251334     
          57          56  0.961365412413011     
          58          57  0.999235533053299     
          59          58  0.960310298254402     
          60          59  0.968127403386842     
          61          59  0.975443614109859     
          62          61  0.976571189869087     
          63          62  0.982474236426154     
          64          63  0.978286242493664     
          65          64   1.01141228176614     
          66          64  0.976610839947711     
          67           3  0.930137726121865     
          68           4  0.929743436696374     
          69           5  0.939054491041560     
          70           8  0.938812492558488     
          71           9  0.935065425316267     
          72          11  0.973453987760500     
          73          11  0.978341981232977     
          74          11  0.976800603635163     
          75          12  0.960228169805876     
          76          12  0.945785599514566     
          77          13  0.952634034109975     
          78          13  0.955395637184055     
          79          22  0.968925029974502     
          80          22  0.976456291834032     
          81          22  0.971589664195607     
          82          25  0.964319650222845     
          83          25  0.966351136460123     
          84          25  0.975991781621494     
          85          28  0.938655689967989     
          86          29  0.926943044532099     
          87          31  0.972730043825134     
          88          31  0.971902979498863     
          89          31  0.977647084481412     
          90          32  0.964120637763516     
          91          32  0.956236352182457     
          92          33  0.982660961062735     
          93          33  0.975336391170976     
          94          33  0.979279121703078     
          95          39  0.975478282684807     
          96          39  0.980670776281197     
          97          39  0.970547858710760     
          98          42  0.932970315793696     
          99          46  0.989767232356657     
         100          46  0.986147874917937     
         101          46  0.981080895393537     
         102          47  0.965211170942257     
         103          47  0.965355275838806     
         104          48  0.935884729107843     
         105          50  0.975882175037456     
         106          50  0.968392762868383     
         107          50  0.975846287577082     
         108          51  0.941372716349845     
         109          51  0.959773246254188     
         110          52  0.959385643891753     
         111          52  0.958646757473955     
         112          53  0.960932120552258     
         113          53  0.950963156524069     
         114          54  0.946541367192770     
         115          55  0.976395975327215     
         116          55  0.977023983763099     
         117          55  0.982298008275803     
         118          56  0.964918315282327     
         119          56  0.961104872683698     
         120          57  0.963083221117914     
         121          57  0.974353110137299     
         122          58  0.966425543983563     
         123          58  0.962070192612297     
         124          59  0.955906231852045     
         125          60  0.978926862134562     
         126          60  0.982613025213048     
         127          60  0.983221788552081     
         128          61  0.960895642499233     
         129          61  0.960443844985099     
         130          62  0.964863388528769     
         131          62  0.961128452918226     
         132          63  0.961801161910786     
         133          63  0.956410808723976     
         134          64  0.952512438596497     
         135          65  0.976124656554679     
         136          65  0.976516830979893     
         137          65  0.970241307936492     
         138          66  0.983819166219813     
         139          66  0.979597412046082     
         140          66  0.980681742317867     
