  0.306107625982341     
  2.306677796635892E-002
 -3.385295953176293E-002
 -4.251765452270195E-002
 -2.116461293754668E-002
 -0.133886345175584     
  3.530404110858454E-002
 -1.950839371180102E-002
 -1.776830668405704E-002
 -2.711230410626264E-003
 -8.818737968861345E-002
 -4.033369537274112E-002
 -6.755887987263876E-002
  0.182345301391633     
 -0.239705223107632     
 -0.149470538670686     
 -0.204504613997579     
 -6.758693494646195E-003
 -3.516633249820078E-002
 -4.947583538903810E-002
  3.685571514163755E-002
 -6.017230390409267E-002
  0.140497010398005     
 -0.248545987292033     
 -0.106672330974723     
 -0.186527895652614     
  4.861178818922651E-002
 -2.950148988701606E-003
 -1.589493940869957E-002
  4.756019501465047E-002
 -9.221663175830042E-002
 -7.182961896214390E-002
 -0.101976447153245     
 -0.203607505538073     
  2.951393871298746E-002
  1.057674662562125E-003
 -4.930556302594180E-002
  4.006777352160773E-002
 -6.221088756434590E-002
  0.114009606290948     
 -0.228904449340932     
 -4.004517981347622E-002
  0.241252955107966     
 -0.253979864542884     
 -0.159117701204624     
  1.106512764728818E-002
  3.899946408727617E-002
 -8.287192611977279E-002
 -1.863949326721048E-002
 -9.168969999405796E-002
 -6.188491367695992E-002
 -6.557032574272537E-002
 -6.961325336022206E-002
 -3.402689880079990E-002
 -0.105794179698739     
 -8.194731135730127E-002
 -5.769987187049530E-002
 -8.227028886720689E-002
 -2.028049577639113E-002
 -0.103693765516791     
 -5.388576063422601E-002
 -8.072205553220702E-002
 -6.025309996854133E-002
 -2.032443453792965E-002
 -0.120601580464364     
 -9.329740515165774E-002
  5.299166420354473E-002
  6.084852419224562E-002
  5.703627523879407E-002
  5.210337807280307E-002
  5.095749225813695E-002
  3.895935538766870E-002
  3.627662352483541E-002
  3.956513713358978E-002
  4.354029055049669E-002
  5.004260549755890E-002
  4.215968736970688E-002
  4.849991987915392E-002
  5.389863648706938E-002
  5.514650322670778E-002
  5.186987851058955E-002
  4.062769654061327E-002
  4.305027308277531E-002
  4.376771953448966E-002
  5.361198751413820E-002
  6.234858841145341E-002
  4.060350217644371E-002
  3.392519902202662E-002
  3.411365243513464E-002
  3.683556399229027E-002
  3.532778589003482E-002
  2.581463600696021E-002
  3.795535651224591E-002
  3.939575586763089E-002
  5.814656946235253E-002
  3.814721890463579E-002
  6.259452611834782E-002
  5.639545552803205E-002
  4.612760377149405E-002
  4.683154545819912E-002
  6.486071952624561E-002
  5.463185108799751E-002
  5.938399747625389E-002
  2.943729377113413E-002
  3.754127840657639E-002
  4.480529021713775E-002
  3.686255665033544E-002
  4.161135453147125E-002
  4.095715060475857E-002
  3.372055158217913E-002
  3.657802099984708E-002
  3.346310472606440E-002
  4.660858801215928E-002
  3.134109239126326E-002
  4.032655609211533E-002
  3.672295793812563E-002
  2.293933989407027E-002
  3.424292323073119E-002
  3.139902427543750E-002
  3.832675886962889E-002
  4.292429601028624E-002
  2.684547062917753E-002
  3.794625052623946E-002
  3.586411164217684E-002
  2.793626815008177E-002
  3.929907767229346E-002
  3.526694955498300E-002
  4.015048773299701E-002
  3.282436475624428E-002
  1.059174774413496E-002
  2.592206469517344E-002
  3.673525441481440E-002
  3.982605350471546E-002
  3.357670224164078E-002
  2.478865546063369E-002
  3.356291261080802E-002
  4.096626857297714E-002
  4.021674334931036E-002
  4.131688140330692E-002
  3.344233658745310E-002
