 excitation energies, transition moments and TDA amplitudes
 state    eV      nm       fL        Rv(corr)
    1    2.137   580.1     0.5736   -11.1097     0.85( 143-> 144) -0.36( 142-> 146) -0.23( 142-> 144)
    2    2.309   536.9     0.2397     5.3122     0.82( 142-> 144)  0.44( 143-> 146)  0.21( 143-> 144)
    3    3.116   397.9     0.0102   -18.8697    -0.92( 141-> 144) -0.25( 140-> 144)  0.14( 142-> 145)
    4    3.519   352.3     0.0210    24.7978     0.83( 143-> 145) -0.25( 142-> 145)  0.23( 142-> 146)
    5    3.655   339.2     0.0369     3.4133    -0.57( 138-> 144)  0.55( 140-> 144) -0.38( 143-> 146)
    6    3.841   322.8     0.2340     0.8011    -0.78( 142-> 145)  0.29( 143-> 147) -0.26( 138-> 144)
    7    3.910   317.1     0.0068    17.8148     0.59( 137-> 144)  0.42( 136-> 144) -0.33( 137-> 147)
    8    3.957   313.3     0.2224    11.9396    -0.52( 143-> 147)  0.42( 143-> 146)  0.36( 142-> 147)
    9    4.008   309.4     0.0702    -3.3698    -0.53( 140-> 144) -0.48( 138-> 144) -0.31( 143-> 148)
