           6           1  0.310339071205473     
           7           2   1.39377162015117     
           7           6   1.27226799559463     
           8           7  0.942065589682173     
           9           8  0.929361296695795     
          10           3   1.36493551015686     
          10           6   1.27352937934442     
          10           9  0.931571719391015     
          11           9  0.971690900325308     
          12           8  0.948145495093143     
          13          12  0.977923289248739     
          14          13  0.879335311847151     
          15          14   1.85813802441563     
          16          14   1.07963740187466     
          17           1  0.549224177982400     
          18           3   1.31968989293312     
          18          17   1.08418138855372     
          19          18   1.19027004510535     
          20          19   1.39236579060140     
          21           4   1.21693330437927     
          21          17   1.24067931284623     
          21          20   1.12629432129213     
          22          19  0.987061754600428     
          23          20   1.04024994052039     
          24          23   1.81429288589673     
          25          23  0.937307948076484     
          26           1  0.458317234781868     
          27           4   1.44417952007667     
          27          26   1.23079830886765     
          28          27  0.941252824912803     
          29          28  0.961291741566156     
          30           5   1.49011595714679     
          30          26   1.17243246654046     
          30          29  0.932776168319661     
          31          28  0.972800806880203     
          32          29  0.927435563732375     
          33          32  0.990006520474303     
          34           1  0.500766761848194     
          35           5   1.24330326253041     
          35          34   1.11675354018382     
          36          35   1.20652323330188     
          37          36   1.34677882406771     
          38           2   1.16050119560668     
          38          34   1.24604630891768     
          38          37   1.19550690686896     
          39          36  0.987395913391033     
          40          37   1.03918894473410     
          41          40   1.81711365589716     
          42           2  0.954707726902072     
          42          40  0.870387104895142     
          43          42  0.907365955322891     
          44          43   1.84843659418939     
          45          43   1.07135909836962     
          46          45  0.965120619850704     
          47          16  0.968586412162344     
          48          47  0.962621658661265     
          49          48   1.89638687607053     
          50          49   1.00384358695231     
          51          49  0.955121121605370     
          52          51  0.963442374476148     
          53          52  0.977735253990077     
          54          53  0.973866156825936     
          55          54  0.981985687863278     
          56          54  0.972030235577901     
          57          56  0.972512004421316     
          58          57  0.982651838580902     
          59          58  0.968149897973868     
          60          59  0.989694072180787     
          61          59  0.965005085768642     
          62          61  0.978920177291536     
          63          62  0.992282534426109     
          64          63  0.958608912343031     
          65          64  0.980327320728123     
          66          64  0.999418283417576     
          67           3  0.936040303791749     
          68           4  0.933967930559713     
          69           5  0.933101374966860     
          70           8  0.937296121422294     
          71           9  0.945587886977463     
          72          11  0.976928788195183     
          73          11  0.979141563463424     
          74          11  0.975419421593285     
          75          12  0.962467979590069     
          76          12  0.958118042116765     
          77          13  0.965529049898635     
          78          13  0.955098268710879     
          79          22  0.975425595396419     
          80          22  0.965014315847819     
          81          22  0.961434939868463     
          82          25  0.967877831249517     
          83          25  0.975336372359493     
          84          25  0.958121739852304     
          85          28  0.934920699513292     
          86          29  0.936585117910819     
          87          31  0.978676058251383     
          88          31  0.973996634599180     
          89          31  0.973592241021854     
          90          32  0.971202594035832     
          91          32  0.970203493299463     
          92          33  0.986356570981442     
          93          33  0.986682717430022     
          94          33  0.982857641865383     
          95          39  0.974952378010026     
          96          39  0.975219840925263     
          97          39  0.963215086598914     
          98          42  0.926995109611645     
          99          46  0.985392036002208     
         100          46  0.989941681079296     
         101          46  0.980538489177596     
         102          47  0.958346013181194     
         103          47  0.963093789855604     
         104          48  0.942572845044033     
         105          50  0.965931975295276     
         106          50  0.971197929930078     
         107          50  0.964555772777044     
         108          51  0.958775901639285     
         109          51  0.963287088913735     
         110          52  0.968426983088174     
         111          52  0.969841576397870     
         112          53  0.968075110226672     
         113          53  0.956592217348075     
         114          54  0.951605159601977     
         115          55  0.979750580310853     
         116          55  0.976564025906733     
         117          55  0.982820008252219     
         118          56  0.963352785845380     
         119          56  0.965621764886269     
         120          57  0.966033767525086     
         121          57  0.968854477264451     
         122          58  0.962292472950063     
         123          58  0.958483882641722     
         124          59  0.953287065008745     
         125          60  0.982087794071009     
         126          60  0.972665870268334     
         127          60  0.975334125757198     
         128          61  0.966883526317697     
         129          61  0.966537967892328     
         130          62  0.967812207671843     
         131          62  0.968322902494707     
         132          63  0.966364013582554     
         133          63  0.962757486057961     
         134          64  0.957817139234495     
         135          65  0.978495916116911     
         136          65  0.980751807791430     
         137          65  0.975913969515482     
         138          66  0.979572424558238     
         139          66  0.975023134009205     
         140          66  0.979120865014031     
