 excitation energies, transition moments and TDA amplitudes
 state    eV      nm       fL        Rv(corr)
    1    2.175   570.1     0.6985    -1.5347     0.83( 144-> 145) -0.35( 143-> 147) -0.32( 143-> 145)
    2    2.310   536.7     0.2781     1.4521    -0.80( 143-> 145) -0.35( 144-> 147) -0.31( 144-> 145)
    3    3.016   411.1     0.0175   -18.5166     0.95( 142-> 145)  0.12( 141-> 146) -0.12( 143-> 146)
    4    3.397   365.0     0.0205     8.1061    -0.88( 141-> 145) -0.20( 144-> 147) -0.20( 144-> 146)
    5    3.664   338.4     0.0497     1.2322     0.55( 144-> 149) -0.53( 144-> 146) -0.44( 144-> 148)
    6    3.688   336.2     0.0243    19.8641     0.61( 144-> 146) -0.57( 144-> 148)  0.38( 144-> 149)
    7    3.808   325.6     0.0099    -0.2419     0.57( 139-> 145) -0.50( 143-> 146) -0.32( 144-> 147)
    8    3.909   317.2     0.0235     2.9786     0.67( 143-> 146)  0.36( 139-> 145) -0.27( 144-> 147)
    9    3.987   311.0     0.1950    11.0891     0.64( 143-> 149)  0.44( 144-> 147) -0.36( 143-> 148)
