           6           1  0.364749744527619     
           7           2   1.39280994634570     
           7           6   1.22566404068257     
           8           7  0.905646778623737     
           9           8  0.938216796204350     
          10           3   1.38630129029759     
          10           6   1.27003857606783     
          10           9  0.947252740619316     
          11           9  0.965718309145016     
          12           8  0.990168230934835     
          13          12  0.959336980058864     
          14          13  0.923753475623106     
          15          14   1.80480800004495     
          16          14   1.12524834982206     
          17           1  0.537578127539960     
          18           3   1.30672783045392     
          18          17   1.07050262728840     
          19          18   1.24026404359947     
          20          19   1.37555614601125     
          21           4   1.23463851322328     
          21          17   1.25575425279607     
          21          20   1.10446862591058     
          22          19  0.973856668774644     
          23          20   1.03952155655120     
          24          23   1.77832825337051     
          25          23  0.976532336411188     
          26           1  0.456201303633182     
          27           4   1.39917003318463     
          27          26   1.28126937963866     
          28          27  0.938013672204667     
          29          28  0.961134727274873     
          30           5   1.51898934911262     
          30          26   1.13798320080271     
          30          29  0.950082442361812     
          31          28  0.956197128912477     
          32          29  0.906622832579428     
          33          32   1.00112817801317     
          34           1  0.455076399980253     
          35           5   1.21550783284724     
          35          34   1.18807274791365     
          36          35   1.21659623613700     
          37          36   1.31272073879983     
          38           2   1.23636947637764     
          38          34   1.20012989411213     
          38          37   1.17128296113077     
          39          36  0.999795135665366     
          40          37   1.11251921816297     
          41          40   1.81898637802532     
          42           2  0.966128745117092     
          42          40  0.785429822628003     
          43          42  0.967377644433226     
          44          43   1.79698743350154     
          45          43   1.05909412814516     
          46          45  0.971543801678821     
          47          16  0.951373852437684     
          48          47   1.00353631170308     
          49          48   1.87259218144761     
          50          49   1.00202883491446     
          51          49  0.962106485826949     
          52          51  0.991661458262910     
          53          52  0.966555342184045     
          54          53  0.991059676735892     
          55          54  0.984180027181611     
          56          54  0.962429286372365     
          57          56  0.964174520469182     
          58          57  0.994256473677587     
          59          58  0.969316674401575     
          60          59  0.993316577006497     
          61          59  0.961886232499430     
          62          61  0.989803384172320     
          63          62  0.978746267012494     
          64          63  0.976852305961845     
          65          64  0.981856491866135     
          66          64  0.996098582616467     
          67           3  0.926210567601423     
          68           4  0.940277634717009     
          69           5  0.929266045697062     
          70           8  0.933124189301641     
          71           9  0.943107112713168     
          72          11  0.976105849763795     
          73          11  0.975978671456541     
          74          11  0.980771672608841     
          75          12  0.957382803385013     
          76          12  0.949074832142889     
          77          13  0.968022233986099     
          78          13  0.961964987956992     
          79          22  0.968449239301978     
          80          22  0.970786178526576     
          81          22  0.969315484084231     
          82          25  0.960860222334015     
          83          25  0.970139334837766     
          84          25  0.953589885827820     
          85          28  0.937852257551005     
          86          29  0.944111814548148     
          87          31  0.977638469564297     
          88          31  0.980492229702127     
          89          31  0.975405663125584     
          90          32  0.966357547184157     
          91          32  0.971481418785337     
          92          33  0.979207254324977     
          93          33  0.987712273472719     
          94          33  0.971487271783001     
          95          39  0.964901501711931     
          96          39  0.975199807925261     
          97          39  0.967471089138638     
          98          42  0.909394409130559     
          99          46  0.986916857661708     
         100          46  0.981511984784960     
         101          46  0.984885745413246     
         102          47  0.955474743936009     
         103          47  0.949712916271356     
         104          48  0.943363180252168     
         105          50  0.964853005351998     
         106          50  0.964118766412643     
         107          50  0.974128374833878     
         108          51  0.953719936651341     
         109          51  0.949716006818603     
         110          52  0.966054436410855     
         111          52  0.962956151644428     
         112          53  0.960683081955576     
         113          53  0.961359928622635     
         114          54  0.952019806826064     
         115          55  0.980537129762883     
         116          55  0.972870356404905     
         117          55  0.976190006620313     
         118          56  0.966685937290518     
         119          56  0.962973992947857     
         120          57  0.967101500679823     
         121          57  0.965155007670752     
         122          58  0.955052611838946     
         123          58  0.960982827992703     
         124          59  0.946394038883382     
         125          60  0.978219258817297     
         126          60  0.971381610321625     
         127          60  0.978824028378953     
         128          61  0.961170369589381     
         129          61  0.959813667055971     
         130          62  0.960711753315331     
         131          62  0.961627765106132     
         132          63  0.958984619898931     
         133          63  0.964310656364164     
         134          64  0.953144178835427     
         135          65  0.979314788289335     
         136          65  0.975484453663601     
         137          65  0.982162096109760     
         138          66  0.973541107146112     
         139          66  0.978794213493009     
         140          66  0.975789227442147     
