  0.328846193411113     
  2.077246110249042E-002
 -1.599822821889241E-002
 -4.802286333590811E-002
 -3.206338522911079E-002
 -0.137005449306729     
  3.009148336267131E-002
 -7.976082195507495E-003
 -2.965192067608236E-002
  3.993009262623914E-002
 -0.102173032988198     
 -4.328406230513693E-002
 -6.101484213003960E-002
  0.218418316017448     
 -0.236267992217840     
 -0.170917284230937     
 -0.217626292554617     
  2.538077036530773E-002
 -4.388835814172154E-003
 -8.674209506851671E-002
  5.636866668116447E-002
 -7.639031287305720E-002
  0.148184619600217     
 -0.258852987951144     
 -8.365399552496466E-002
 -0.192568996300193     
  4.303370395646766E-002
 -3.193655721016064E-002
 -2.915006545312426E-002
  2.511409050986169E-002
 -8.537952012034999E-002
 -5.776163676178214E-002
 -8.794941271042944E-002
 -0.214021010704181     
  1.684189531263369E-002
 -2.143285858865429E-002
 -4.445986708557648E-002
  1.731490484916387E-002
 -6.928734279242565E-002
  0.158268222662836     
 -0.232241845909698     
 -4.040897332112792E-002
  0.237444626532804     
 -0.242983483613620     
 -0.173177232206508     
  3.394969158010852E-003
  4.502823866491612E-002
 -6.067116426418817E-002
 -2.265733078007948E-002
 -8.615353439784901E-002
 -7.966135481458281E-002
 -6.146977169124934E-002
 -8.362384389125666E-002
 -1.958108692083993E-002
 -0.109468261418002     
 -5.685558664490298E-002
 -7.221003690696737E-002
 -5.846036396038379E-002
 -2.469936658576799E-002
 -0.104497976641362     
 -8.386915733222366E-002
 -5.688266362122985E-002
 -8.226018058821438E-002
 -1.122478166848850E-002
 -9.706017806896661E-002
 -0.108854211062055     
  5.845152400475284E-002
  5.924128948302787E-002
  6.096829364406520E-002
  5.284427157554128E-002
  4.760186757710394E-002
  4.380921645048053E-002
  4.680959003052676E-002
  3.315015474358196E-002
  3.470230207257341E-002
  3.996008094721082E-002
  3.149997587069597E-002
  4.214166385189422E-002
  4.669089325040954E-002
  4.165387279118471E-002
  5.851110461163944E-002
  4.713432874999635E-002
  5.040545724215650E-002
  6.088298051347718E-002
  4.569357977800703E-002
  5.188328445420154E-002
  4.112541465297082E-002
  3.966706465951941E-002
  3.755765632435459E-002
  3.091422106377228E-002
  4.131036916014341E-002
  3.521388911463341E-002
  3.806067867847240E-002
  3.468762307978346E-002
  6.019227377093772E-002
  3.998397965921563E-002
  5.209645849141242E-002
  5.932029302766340E-002
  4.329945100153854E-002
  5.440629192322399E-002
  4.005099115896282E-002
  5.559095414699311E-002
  5.663618789302760E-002
  4.424700246696633E-002
  3.641271437352189E-002
  4.059199289899718E-002
  4.675475969808418E-002
  4.334698981905616E-002
  3.020891760357391E-002
  2.940004218832781E-002
  3.921989275870319E-002
  2.449618533018449E-002
  3.453193713855851E-002
  4.746473744561297E-002
  2.643694760038195E-002
  2.697713316961337E-002
  3.819517263600636E-002
  4.205270621504165E-002
  3.883443162530198E-002
  2.477232334015977E-002
  2.654976804780818E-002
  3.684514258934213E-002
  3.894092948551420E-002
  3.442827463210207E-002
  3.896003234442391E-002
  2.950328117581702E-002
  2.746757587072701E-002
  2.911306264076929E-002
  3.418069909892985E-002
  3.393189822799725E-002
  4.266382597118745E-002
  3.892113762995819E-002
  2.536196479083896E-002
  2.989070718395792E-002
  3.032554622794337E-002
  4.535915747531682E-002
  2.958198596339567E-002
  3.169777989991929E-002
  3.573103483673556E-002
  3.296884199400762E-002
