 excitation energies, transition moments and TDA amplitudes
 state    eV      nm       fL        Rv(corr)
    1    2.268   546.8     0.8052    -0.4514    -0.87( 144-> 145)  0.35( 143-> 146) -0.16( 143-> 145)
    2    2.433   509.5     0.1688    -2.5393     0.84( 143-> 145)  0.38( 144-> 146)  0.18( 144-> 147)
    3    3.170   391.2     0.0179     3.8777     0.65( 144-> 148) -0.46( 144-> 147) -0.42( 142-> 145)
    4    3.208   386.5     0.0493   -27.0513    -0.85( 142-> 145) -0.36( 144-> 148) -0.19( 141-> 145)
    5    3.597   344.7     0.0901    13.0624    -0.64( 143-> 148)  0.48( 141-> 145)  0.39( 143-> 147)
    6    3.631   341.5     0.0121    -2.0284    -0.74( 141-> 145) -0.41( 143-> 148)  0.25( 144-> 148)
    7    3.866   320.7     0.0083     4.4256    -0.62( 139-> 145)  0.62( 138-> 145) -0.29( 144-> 147)
    8    3.992   310.6     0.0351    -4.5773    -0.66( 144-> 147)  0.55( 144-> 146) -0.23( 138-> 145)
    9    4.161   298.0     0.1227     8.3905     0.43( 135-> 145) -0.35( 136-> 145)  0.31( 143-> 147)
