           6           1  0.364756658995301     
           7           2   1.47750990618367     
           7           6   1.20764451824705     
           8           7  0.925490404107426     
           9           8  0.956093633164096     
          10           3   1.42233293359720     
          10           6   1.26072287993592     
          10           9  0.952195883581987     
          11           9  0.951143840641141     
          12           8  0.946507797035408     
          13          12   1.00215130929928     
          14          13  0.896816102821885     
          15          14   1.89052312175384     
          16          14   1.04067017236080     
          17           1  0.478675339860253     
          18           3   1.27672441496698     
          18          17   1.11312184149692     
          19          18   1.21610765997126     
          20          19   1.42054859828085     
          21           4   1.30678734034497     
          21          17   1.25812739205179     
          21          20   1.06411687586222     
          22          19  0.970886237105613     
          23          20  0.985412438160121     
          24          23   1.82278318871816     
          25          23  0.979847593993576     
          26           1  0.440542658603699     
          27           4   1.36857580875287     
          27          26   1.29026222021907     
          28          27  0.902781381647176     
          29          28  0.957386143061834     
          30           5   1.51697448084218     
          30          26   1.16962161987453     
          30          29  0.884427538598973     
          31          28  0.975178387926526     
          32          29  0.969644060487008     
          33          32  0.998359898159934     
          34           1  0.505480337707473     
          35           5   1.23341639543542     
          35          34   1.17500082784125     
          36          35   1.18072411499050     
          37          36   1.38130055863972     
          38           2   1.16884699907945     
          38          34   1.19707366540185     
          38          37   1.19881412846162     
          39          36  0.980371023113800     
          40          37   1.05365076579106     
          41          40   1.83750456803683     
          42           2  0.936872956943279     
          42          40  0.858028581157954     
          43          42  0.924317195765564     
          44          43   1.86496493734349     
          45          43   1.02498557088641     
          46          45  0.985375004323112     
          47          16  0.947563547915240     
          48          47   1.00300938020558     
          49          48   1.89575961228246     
          50          49  0.979821370240423     
          51          49  0.967244634914851     
          52          51  0.938891602252781     
          53          52   1.00055252822951     
          54          53  0.946069899406607     
          55          54  0.992524166127050     
          56          54  0.984949066188478     
          57          56  0.974451876706901     
          58          57  0.995897805304595     
          59          58  0.974574655262795     
          60          59  0.975352906585197     
          61          59  0.978445888849081     
          62          61  0.981840943448675     
          63          62  0.980932343616904     
          64          63  0.965250183764354     
          65          64  0.996059810248571     
          66          64  0.986596464851064     
          67           3  0.933364613949210     
          68           4  0.934354836105193     
          69           5  0.930933266309627     
          70           8  0.937365105765061     
          71           9  0.943167783281729     
          72          11  0.979926774353127     
          73          11  0.974294686108489     
          74          11  0.975958944640807     
          75          12  0.965154046580814     
          76          12  0.957494519656233     
          77          13  0.958432870037209     
          78          13  0.951837773333580     
          79          22  0.963745694332927     
          80          22  0.978929832132198     
          81          22  0.972167133152973     
          82          25  0.964740169237129     
          83          25  0.969735728603970     
          84          25  0.950749270444758     
          85          28  0.944194977937882     
          86          29  0.942130589975073     
          87          31  0.980323321022589     
          88          31  0.979945023339850     
          89          31  0.978277683377601     
          90          32  0.966353489586668     
          91          32  0.961451461101215     
          92          33  0.985248141081005     
          93          33  0.979311215182099     
          94          33  0.983830385483277     
          95          39  0.973501885821503     
          96          39  0.977648945813232     
          97          39  0.966382126097835     
          98          42  0.931105309862697     
          99          46  0.987658858242842     
         100          46  0.975646822052366     
         101          46  0.988584193847651     
         102          47  0.959598206337728     
         103          47  0.955266274569936     
         104          48  0.936425057337803     
         105          50  0.975222145322592     
         106          50  0.974022447625150     
         107          50  0.971056840989056     
         108          51  0.959009689555838     
         109          51  0.968358833448863     
         110          52  0.973094042573033     
         111          52  0.969891100904880     
         112          53  0.967394690371751     
         113          53  0.962105228798435     
         114          54  0.943004481053576     
         115          55  0.977887343375059     
         116          55  0.982172838238572     
         117          55  0.973455475778186     
         118          56  0.962455253897243     
         119          56  0.956841304935488     
         120          57  0.966336546677668     
         121          57  0.967049820486937     
         122          58  0.959679568157565     
         123          58  0.961831842798465     
         124          59  0.946058917675348     
         125          60  0.976840113519443     
         126          60  0.981786545750355     
         127          60  0.983599424013903     
         128          61  0.955908946125234     
         129          61  0.960675613554480     
         130          62  0.969880874225280     
         131          62  0.961769921059671     
         132          63  0.958145621014096     
         133          63  0.965154724436618     
         134          64  0.957196581691192     
         135          65  0.976377942632301     
         136          65  0.975029383511896     
         137          65  0.979829733974429     
         138          66  0.976065416624851     
         139          66  0.978094154750396     
         140          66  0.982435748229318     
