  0.319995106464892     
  1.223895237637951E-002
 -3.318636895634430E-002
 -2.067309125925121E-002
 -3.717426590143269E-002
 -0.145624720500129     
  3.922424952233294E-002
 -2.013508861446489E-002
 -3.856606948479779E-002
  3.328972942204667E-002
 -9.338422514777456E-002
 -3.478286545455944E-002
 -4.776632804908409E-002
  0.180912561270791     
 -0.258699879162264     
 -0.164227492865738     
 -0.214519143118292     
  4.820669633797037E-002
 -3.142108498165097E-002
 -7.051576796838788E-002
  5.102263567590670E-002
 -7.474169155921917E-002
  0.152559163327260     
 -0.278225847664708     
 -8.721437864083992E-002
 -0.168231008433842     
  5.733501052432155E-002
 -1.607743369875436E-002
 -3.134322341645390E-002
  3.179828214815172E-002
 -8.214636279738130E-002
 -6.614841070973743E-002
 -9.535685734020216E-002
 -0.225644735277414     
  1.097137544164806E-002
 -3.917882690580576E-003
 -5.824542408774658E-002
  3.439045820974229E-002
 -5.645412067741251E-002
  0.140444774342797     
 -0.255482434522987     
 -2.046224356678294E-002
  0.206344787570812     
 -0.270718032538006     
 -0.158931237816148     
  1.657908022511556E-002
  5.422965940928171E-002
 -7.054623249471703E-002
 -2.313418153695501E-002
 -9.954518149646141E-002
 -6.545754176303387E-002
 -5.517291829431503E-002
 -8.821312624226074E-002
 -3.792463470281415E-002
 -9.669934640935995E-002
 -7.735596089933239E-002
 -5.676158925604025E-002
 -7.364893425351848E-002
 -2.968566159166564E-002
 -0.116456788959373     
 -6.767211033594922E-002
 -6.873814989447169E-002
 -7.423253425583010E-002
 -1.434074632849835E-003
 -0.105268762334521     
 -9.954732197189653E-002
  5.691036867973920E-002
  6.121600011909156E-002
  5.347093479079568E-002
  5.453691639366332E-002
  4.925798846636109E-002
  4.261435589540907E-002
  3.549209964431477E-002
  3.674016331933583E-002
  3.806850204529988E-002
  4.767497124945463E-002
  4.866187333123750E-002
  3.948566839770096E-002
  5.157460606918507E-002
  4.605734963499264E-002
  4.520756260730996E-002
  5.710723910929116E-002
  4.299169418917215E-002
  5.769214031487413E-002
  5.131566891803185E-002
  4.816294975360080E-002
  4.748431030927580E-002
  3.304981155452591E-002
  4.512445779188345E-002
  4.288026620353524E-002
  3.225804037712854E-002
  3.856624611786730E-002
  3.771498102719251E-002
  3.367756339302996E-002
  5.506058659977442E-002
  5.671229190156468E-002
  4.646937846338206E-002
  6.184157090703057E-002
  4.502415756833933E-002
  6.229480518785335E-002
  5.404586479734197E-002
  6.163832920536794E-002
  6.794577492285747E-002
  4.349804304319005E-002
  4.064846672826394E-002
  3.358912580290740E-002
  4.103497754157903E-002
  3.785372643458063E-002
  3.563760727130905E-002
  4.893930890250175E-002
  3.229837841656003E-002
  3.555579782291363E-002
  2.893751870101069E-002
  2.390950902246092E-002
  3.878935259976013E-002
  2.421671091548916E-002
  4.636179856924916E-002
  3.319236618209753E-002
  2.992830964758886E-002
  4.024372903876550E-002
  3.791041756901248E-002
  3.888866696360160E-002
  2.863388166965086E-002
  3.658512705406491E-002
  3.717665333674958E-002
  3.393224729961763E-002
  3.082338337121004E-002
  3.085811245593795E-002
  3.962446679296283E-002
  3.529233494309891E-002
  3.065965282001881E-002
  4.148249906331491E-002
  2.778898723041046E-002
  3.685108392120329E-002
  3.285799147399970E-002
  3.042305499478370E-002
  3.004215601375559E-002
  3.155084056910651E-002
  3.013062868256622E-002
  3.579584383619150E-002
