 excitation energies, transition moments and TDA amplitudes
 state    eV      nm       fL        Rv(corr)
    1    2.064   600.8     0.4261    -4.9763     0.78( 143-> 144) -0.42( 142-> 144) -0.31( 142-> 146)
    2    2.308   537.2     0.4456    -1.4750     0.74( 142-> 144)  0.41( 143-> 144)  0.36( 143-> 146)
    3    3.109   398.8     0.0177    -3.6288     0.92( 141-> 144)  0.20( 143-> 146) -0.18( 142-> 145)
    4    3.332   372.1     0.0759    27.2368     0.79( 143-> 147) -0.46( 143-> 146)  0.21( 140-> 144)
    5    3.514   352.9     0.0552   -30.6679     0.71( 140-> 144)  0.45( 143-> 145) -0.31( 142-> 146)
    6    3.622   342.3     0.0156    32.5524    -0.70( 143-> 145)  0.34( 140-> 144) -0.33( 143-> 146)
    7    3.774   328.5     0.1447   -16.2285     0.76( 142-> 147) -0.41( 142-> 146)  0.26( 143-> 147)
    8    3.924   316.0     0.1204     3.2987     0.54( 142-> 145) -0.35( 137-> 144)  0.31( 143-> 145)
    9    4.011   309.1     0.0154   -24.8075    -0.60( 138-> 144)  0.43( 142-> 145)  0.30( 137-> 144)
