  0.289472102146991     
  1.882233408875678E-002
 -6.738124730683026E-003
 -1.986936754259805E-002
 -6.209131581091665E-002
 -0.118182311122314     
  8.491624174395529E-003
 -1.322915144905856E-002
 -3.001066563733534E-002
  4.153912864862130E-002
 -9.788884898926842E-002
 -3.389739504422629E-002
 -5.001902890270582E-002
  0.196773061811552     
 -0.322516848092288     
 -0.130865673482552     
 -0.209638651962775     
  4.722638683495362E-002
 -9.115805222877249E-003
 -5.779098889507228E-002
  6.243016215363539E-002
 -8.498947620511910E-002
  0.145654980290089     
 -0.255027263064092     
 -9.490930869539138E-002
 -0.189485345203323     
  6.841311554707952E-002
 -8.337415601868514E-003
 -3.510986312104958E-002
  2.930375666426821E-002
 -7.097948072669436E-002
 -4.767638428813648E-002
 -9.914922639890023E-002
 -0.207397063150096     
  2.519630639752890E-002
 -3.637085345978264E-002
 -4.199493861732861E-002
 -2.562403126580470E-002
 -6.524814820850189E-002
  0.136869533036306     
 -0.217960817720944     
 -1.835824227841787E-002
  0.235982291867660     
 -0.258390924838008     
 -0.170157865210884     
 -6.456644968814373E-003
  7.893435048369346E-002
 -6.051824768009872E-002
 -2.250057361019042E-002
 -0.101009691855556     
 -7.280276025106414E-002
 -6.765031852498815E-002
 -6.259523971604875E-002
 -1.364175277844737E-002
 -0.103603486446566     
 -7.253644462127795E-002
 -6.822821927208622E-002
 -8.050984877032619E-002
 -1.958069733381862E-002
 -0.106789419655105     
 -7.500722646667679E-002
 -5.651951847324010E-002
 -6.445496812020224E-002
 -3.402975081582760E-002
 -0.113850395046491     
 -9.698411030705056E-002
  5.515227549886514E-002
  5.134102958852393E-002
  5.626050348625944E-002
  4.739949653017828E-002
  4.625906652412359E-002
  3.898114358931304E-002
  3.150674583712232E-002
  3.629843377787789E-002
  4.427181494299504E-002
  5.385261520217755E-002
  5.542055964314074E-002
  3.720851367791944E-002
  4.984257503903866E-002
  4.477006702955821E-002
  4.738076769920196E-002
  4.318806668215747E-002
  5.214443346089315E-002
  5.120566310066621E-002
  5.195693425944681E-002
  4.276302855781622E-002
  5.059324099876794E-002
  4.354256048552074E-002
  3.330930378212438E-002
  4.423337457247789E-002
  3.404915681307663E-002
  2.873073628016221E-002
  3.334383158857523E-002
  2.788954252697451E-002
  4.877840792767896E-002
  4.395196522686640E-002
  5.576196721058702E-002
  6.977652442363136E-002
  5.307181501805169E-002
  6.239206295512756E-002
  4.535534860537838E-002
  6.612711366700053E-002
  6.620929851508095E-002
  3.813115888205998E-002
  3.957782268785115E-002
  4.079050924390781E-002
  3.253976717956408E-002
  2.627876342071378E-002
  3.713098291038008E-002
  2.189763679387069E-002
  3.627745049522335E-002
  3.699542749509499E-002
  3.658679038452373E-002
  4.237254880815122E-002
  3.472583264960971E-002
  2.833520342349949E-002
  3.881782351885854E-002
  4.068649638004362E-002
  3.005518021046083E-002
  3.724225177229323E-002
  3.596351564576872E-002
  3.402650101477611E-002
  2.870467227779083E-002
  3.346923904723509E-002
  2.919703605373281E-002
  3.597039459265827E-002
  2.516493438436718E-002
  2.412013181677108E-002
  4.485642814562962E-002
  3.697463399598533E-002
  3.929681557817932E-002
  3.928565135242190E-002
  3.090833605420640E-002
  2.271976251889818E-002
  3.430668280568039E-002
  2.252942136196157E-002
  3.235914397583473E-002
  4.185003064965609E-002
  3.074173036461325E-002
  3.797431289078523E-002
