 excitation energies, transition moments and TDA amplitudes
 state    eV      nm       fL        Rv(corr)
    1    2.302   538.6     0.5075    12.6516    -0.69( 143-> 144) -0.55( 142-> 144) -0.25( 142-> 146)
    2    2.404   515.8     0.4972    -9.2259     0.65( 142-> 144) -0.58( 143-> 144) -0.27( 143-> 146)
    3    3.009   412.0     0.0149    -5.3904     0.91( 141-> 144)  0.22( 137-> 144) -0.16( 143-> 146)
    4    3.617   342.8     0.0032     4.6287    -0.56( 137-> 144)  0.49( 136-> 144)  0.43( 138-> 144)
    5    3.785   327.6     0.0146    -0.9304     0.61( 143-> 145)  0.54( 140-> 144) -0.36( 137-> 144)
    6    3.841   322.8     0.0230     3.0654     0.58( 140-> 144)  0.42( 136-> 144)  0.27( 135-> 144)
    7    3.889   318.8     0.1076    10.8511     0.66( 143-> 146) -0.47( 143-> 145)  0.25( 138-> 144)
    8    4.034   307.3     0.2319    40.8371     0.53( 142-> 145)  0.33( 136-> 144)  0.31( 135-> 144)
    9    4.154   298.5     0.4099   -21.9634     0.57( 143-> 147) -0.54( 142-> 145)  0.35( 143-> 146)
