  0.303170176305894     
  1.755105675064872E-002
 -4.048194951332373E-002
 -2.917341977971688E-002
 -1.625560379734292E-002
 -0.153602764420478     
  2.915324504147065E-002
 -1.373907602792457E-002
 -4.598392953798047E-003
  3.356120944589636E-002
 -0.116813857350210     
 -7.044275780484366E-002
 -6.056428894879762E-002
  0.229815856482711     
 -0.293399178218190     
 -0.135975519940517     
 -0.225493385503999     
  1.483663280471648E-002
 -3.888956028095958E-002
 -7.963835746646541E-002
  2.708978684642771E-002
 -6.612158631906162E-002
  0.140084189445494     
 -0.225715507990178     
 -8.771427515232144E-002
 -0.168144753095602     
  5.233271518224347E-002
 -2.752840303309245E-002
 -2.517651869554616E-002
  4.642740678092094E-002
 -8.225427631152460E-002
 -6.118002751965879E-002
 -9.497830581777933E-002
 -0.212413992562380     
  3.974657493658640E-002
 -7.393689326796071E-003
 -5.738988280966684E-002
  1.510405878545118E-002
 -6.936081400372807E-002
  0.130492813970362     
 -0.234728471431831     
 -3.529431253694781E-002
  0.250381627114706     
 -0.256664764382629     
 -0.157566786397174     
 -5.430319865216582E-003
  6.246049017451316E-002
 -8.433764634077523E-002
 -2.387519464268451E-002
 -8.039748907635680E-002
 -6.062698194897997E-002
 -5.306554031465094E-002
 -5.971073488733669E-002
 -4.326366712874474E-002
 -0.103190800416506     
 -6.921645786556851E-002
 -7.045919038564019E-002
 -8.625136665165822E-002
 -2.010480238872869E-002
 -0.102323539646799     
 -6.321847328090691E-002
 -6.693534179900240E-002
 -7.354086732744136E-002
 -1.897369731893939E-002
 -9.162419553946677E-002
 -0.117058562235131     
  4.882134872485078E-002
  6.706926880677411E-002
  5.968980138246271E-002
  6.084184880721843E-002
  5.289462868149786E-002
  3.076592961110869E-002
  3.228292570971270E-002
  3.644681326673882E-002
  4.028872751750778E-002
  4.130748377473936E-002
  3.812369681935823E-002
  5.416358812654265E-002
  6.019819196059994E-002
  6.029316001661522E-002
  5.013275530017092E-002
  4.931872903058376E-002
  4.806046458985969E-002
  5.183351775779277E-002
  4.431125100347977E-002
  5.142589692490329E-002
  4.033339052394891E-002
  4.034999979337317E-002
  3.441149767189089E-002
  3.735404966275035E-002
  3.095781134623954E-002
  3.688553519610005E-002
  2.701071297327817E-002
  3.430146878599005E-002
  4.656751607241205E-002
  4.799659911241883E-002
  4.972237064953844E-002
  6.966791280041817E-002
  6.152362261583466E-002
  5.630328161556031E-002
  4.758356547734077E-002
  6.542775634280951E-002
  6.057452246633466E-002
  3.420934291370825E-002
  4.599791140840515E-002
  4.178032790155861E-002
  4.362199205054285E-002
  3.905465994298452E-002
  3.413819646156901E-002
  4.010325980371920E-002
  2.661895191965580E-002
  3.871381097779825E-002
  3.217303952362516E-002
  2.050585205615241E-002
  3.009574909332891E-002
  3.945774870078511E-002
  3.246695148812229E-002
  4.216495007856658E-002
  2.513080113927868E-002
  3.291016273155278E-002
  3.764087613746669E-002
  3.205430031252599E-002
  3.993964666787730E-002
  4.092381451487914E-002
  2.847296474658545E-002
  3.979418537800805E-002
  2.993838430078866E-002
  3.013825441332441E-002
  3.038567716322838E-002
  3.691509868636433E-002
  2.691272858813842E-002
  3.135148009769839E-002
  3.995799854346305E-002
  4.311348178374041E-002
  3.464469602950515E-002
  4.061708498920691E-002
  3.471358567438954E-002
  3.126335323916696E-002
  2.834061577202729E-002
  2.858793223651301E-002
