 excitation energies, transition moments and TDA amplitudes
 state    eV      nm       fL        Rv(corr)
    1    2.243   552.7     0.5523     6.9301     0.79( 143-> 144) -0.38( 142-> 144)  0.35( 142-> 146)
    2    2.318   534.9     0.3590     0.6663    -0.76( 142-> 144) -0.39( 143-> 144)  0.35( 143-> 146)
    3    2.961   418.7     0.0237     7.5044     0.92( 141-> 144) -0.17( 142-> 144)  0.15( 143-> 146)
    4    3.484   355.9     0.0461    -3.0702    -0.84( 140-> 144) -0.36( 138-> 144) -0.22( 143-> 146)
    5    3.685   336.5     0.0790    22.1325    -0.83( 143-> 145) -0.28( 143-> 148)  0.24( 142-> 145)
    6    3.829   323.8     0.0193   -21.9465    -0.56( 142-> 145) -0.46( 143-> 148)  0.36( 138-> 144)
    7    3.837   323.1     0.0917   -19.7691     0.47( 143-> 147)  0.40( 138-> 144)  0.36( 143-> 148)
    8    3.952   313.7     0.0406    29.6639    -0.56( 138-> 144) -0.54( 142-> 145)  0.32( 137-> 144)
    9    3.977   311.8     0.1013   -36.4649     0.42( 142-> 148) -0.40( 137-> 144) -0.38( 136-> 144)
