           6           1  0.369018012968570     
           7           2   1.43881435108812     
           7           6   1.21173921491447     
           8           7  0.924506645514307     
           9           8  0.956431010736956     
          10           3   1.36646192018222     
          10           6   1.29119293358227     
          10           9  0.938194744241196     
          11           9  0.956273656325789     
          12           8  0.931849653936199     
          13          12  0.968824306061958     
          14          13  0.914049497229258     
          15          14   1.80172132352435     
          16          14   1.14284319001993     
          17           1  0.473798915402917     
          18           3   1.28516043752613     
          18          17   1.14644257236603     
          19          18   1.19940695638262     
          20          19   1.38945360365917     
          21           4   1.25718436765642     
          21          17   1.20369899948363     
          21          20   1.14423813676874     
          22          19  0.995639331362643     
          23          20  0.960549737649845     
          24          23   1.86794226602364     
          25          23  0.947708934068527     
          26           1  0.442743300316287     
          27           4   1.41355244609911     
          27          26   1.30260229962311     
          28          27  0.897186928771746     
          29          28  0.950112102251572     
          30           5   1.51956111547895     
          30          26   1.13432890950427     
          30          29  0.940784946278853     
          31          28  0.978616100598267     
          32          29  0.944864945301957     
          33          32   1.00095474750681     
          34           1  0.534472374002148     
          35           5   1.22716890490833     
          35          34   1.15298105137345     
          36          35   1.24901381013706     
          37          36   1.27683096425233     
          38           2   1.20070295124527     
          38          34   1.17192200192222     
          38          37   1.19780634955527     
          39          36  0.981444711565893     
          40          37   1.10202714904057     
          41          40   1.80200311864696     
          42           2  0.917094982968798     
          42          40  0.837910042933787     
          43          42  0.929018008266365     
          44          43   1.83582968854803     
          45          43   1.07934255242863     
          46          45  0.966307829628865     
          47          16  0.939366993295842     
          48          47  0.999751525453697     
          49          48   1.85726181310441     
          50          49   1.01352701733916     
          51          49  0.959823278067440     
          52          51  0.978727213820180     
          53          52  0.982108085926933     
          54          53  0.962212534867709     
          55          54  0.977334398812640     
          56          54  0.972393197638150     
          57          56  0.985338968394693     
          58          57  0.978897817731723     
          59          58  0.960634174667888     
          60          59  0.979877538046842     
          61          59  0.983393493826430     
          62          61  0.974642438291488     
          63          62  0.987141978124735     
          64          63  0.950079656052390     
          65          64  0.998656412941225     
          66          64  0.991082750066280     
          67           3  0.938546421783923     
          68           4  0.930729685607999     
          69           5  0.929548800658155     
          70           8  0.941640017611571     
          71           9  0.944043081301860     
          72          11  0.975483486586256     
          73          11  0.977491388071633     
          74          11  0.975663151446774     
          75          12  0.964144280730195     
          76          12  0.959259083383778     
          77          13  0.969358805593594     
          78          13  0.957164606546784     
          79          22  0.965679978598374     
          80          22  0.959765741885075     
          81          22  0.971611051356577     
          82          25  0.965585574497578     
          83          25  0.962186019237292     
          84          25  0.972639057331419     
          85          28  0.947426813935972     
          86          29  0.934395709845364     
          87          31  0.981232599860497     
          88          31  0.976197628346172     
          89          31  0.978043809482254     
          90          32  0.962991843272885     
          91          32  0.967673381819150     
          92          33  0.983295840787654     
          93          33  0.980572541808125     
          94          33  0.982418451085383     
          95          39  0.976377470022786     
          96          39  0.969454861364755     
          97          39  0.974161154706878     
          98          42  0.930826988375967     
          99          46  0.977857287715552     
         100          46  0.984334128175620     
         101          46  0.982394064967846     
         102          47  0.957787981829981     
         103          47  0.959076467378663     
         104          48  0.947075160751753     
         105          50  0.969953505399614     
         106          50  0.960636045548943     
         107          50  0.966026359149160     
         108          51  0.957855266806783     
         109          51  0.965188819213431     
         110          52  0.963152597382201     
         111          52  0.966524311048292     
         112          53  0.964502738264739     
         113          53  0.965297098642878     
         114          54  0.957855536592822     
         115          55  0.977697385681630     
         116          55  0.981811670214000     
         117          55  0.979213629352523     
         118          56  0.953153542829372     
         119          56  0.967055642052558     
         120          57  0.967687776539956     
         121          57  0.958607219005119     
         122          58  0.961952074554129     
         123          58  0.961913486381023     
         124          59  0.950115438023691     
         125          60  0.977230908550321     
         126          60  0.980824192011815     
         127          60  0.979501796473842     
         128          61  0.962543816558832     
         129          61  0.965252208340915     
         130          62  0.969069829404863     
         131          62  0.971304184350835     
         132          63  0.966022562804181     
         133          63  0.965569517287513     
         134          64  0.956750931391077     
         135          65  0.976897386797987     
         136          65  0.973363778443163     
         137          65  0.978835805930327     
         138          66  0.975036276749730     
         139          66  0.979551664651966     
         140          66  0.982059689908990     
