  0.315839931840430     
  1.255773779177538E-002
 -3.573841687231294E-002
 -2.523018874542782E-002
 -3.516563739847278E-002
 -0.163352658947171     
  2.570831916539706E-002
 -1.236564592833211E-002
 -2.779711965554554E-002
  3.504893890388816E-002
 -9.207892454112798E-002
 -3.932733911098296E-002
 -5.897396604429961E-002
  0.231683933570122     
 -0.267201718852175     
 -0.166902087979240     
 -0.224910909164706     
  4.415710487728219E-002
 -2.617333852558534E-002
 -6.887853914836306E-002
  4.343252384783458E-002
 -8.687132712290158E-002
  0.175145301763414     
 -0.244029162744329     
 -9.208559246827352E-002
 -0.162592378463761     
  5.832974589869222E-002
 -2.583577193475950E-002
 -1.264719157472349E-002
  6.563837477257639E-003
 -0.101479064442729     
 -6.060590603962979E-002
 -9.142710990736269E-002
 -0.211577493901879     
  1.130005783711052E-002
 -2.563435626084321E-002
 -7.859399401899836E-002
  2.942138916616788E-002
 -6.317537726299083E-002
  0.123972530266132     
 -0.227093562987529     
 -6.063962931292277E-002
  0.262383721728700     
 -0.234594572887171     
 -0.136030617908671     
  9.937595568223934E-003
  3.082602801911394E-002
 -7.221107626247480E-002
  1.963310902032500E-003
 -9.086227738951180E-002
 -6.059684800945409E-002
 -4.911353718314881E-002
 -7.867208441438400E-002
 -2.031791242237269E-002
 -0.102696101568249     
 -8.053499425028043E-002
 -6.814935587561521E-002
 -7.451732923694898E-002
 -3.514358006172369E-002
 -0.107925489833661     
 -8.147096025331990E-002
 -5.318006841549305E-002
 -5.624443456645878E-002
 -9.649832642558032E-003
 -0.114496447313103     
 -0.108200163782326     
  5.655313607214651E-002
  5.612504072090763E-002
  6.799694757603936E-002
  5.203155041568552E-002
  4.324977345330883E-002
  3.641012847572644E-002
  3.746476375187602E-002
  4.367206486592778E-002
  3.847075860826699E-002
  5.483297296026368E-002
  4.826995803297396E-002
  4.165737269984393E-002
  4.864636623979401E-002
  4.744911055950962E-002
  4.655233864067176E-002
  4.885495394652961E-002
  4.461636998775176E-002
  5.028745297010850E-002
  5.687382525547702E-002
  5.708323121003522E-002
  4.194099696486742E-002
  3.362578735395383E-002
  3.321602783365829E-002
  3.913163400947539E-002
  3.405182239833837E-002
  3.950811562392176E-002
  2.991205005842801E-002
  4.014281654613960E-002
  3.918056995595487E-002
  5.918502956196181E-002
  5.387715407419880E-002
  4.950762018937238E-002
  5.492413372226390E-002
  5.070275615368036E-002
  4.099628961839596E-002
  5.655290462852869E-002
  5.208712035256569E-002
  3.966395843260451E-002
  3.424525690850444E-002
  4.327012400084906E-002
  4.523008076377544E-002
  3.967852557840723E-002
  2.579501875102230E-002
  3.371219129935443E-002
  1.707926751864119E-002
  1.960271104981581E-002
  3.757239919253352E-002
  4.241001563112168E-002
  4.154504310278562E-002
  2.693717706491916E-002
  3.085499863672980E-002
  3.259373944798682E-002
  3.633584841962456E-002
  3.619068724036800E-002
  3.465265440880205E-002
  4.571972454938711E-002
  3.353746640496780E-002
  4.342896385863770E-002
  3.409403469229166E-002
  4.045186075879204E-002
  2.888345904307377E-002
  3.268406325097517E-002
  3.539003529556661E-002
  3.995881634088172E-002
  4.155067726582706E-002
  3.266026588589233E-002
  3.619059312741646E-002
  3.436377132945212E-002
  1.962238286966966E-002
  4.128390475884369E-002
  2.583398678012383E-002
  3.461417889962537E-002
  3.534811360958678E-002
  2.609314335339052E-002
