 excitation energies, transition moments and TDA amplitudes
 state    eV      nm       fL        Rv(corr)
    1    2.154   575.6     0.7052    -5.9361    -0.85( 141-> 142) -0.41( 140-> 144) -0.19( 140-> 142)
    2    2.337   530.5     0.1263    -1.2430    -0.82( 140-> 142)  0.45( 141-> 144)  0.19( 141-> 142)
    3    3.202   387.2     0.0028    -4.4489    -0.93( 139-> 142) -0.14( 139-> 143) -0.13( 141-> 144)
    4    3.455   358.9     0.0390    -0.3158     0.64( 141-> 145) -0.45( 141-> 143) -0.41( 141-> 144)
    5    3.566   347.7     0.0463     4.6551     0.52( 137-> 142) -0.51( 138-> 142)  0.36( 141-> 144)
    6    3.701   335.0     0.0168    16.2389    -0.80( 141-> 143) -0.47( 141-> 145) -0.25( 141-> 146)
    7    3.862   321.1     0.3170     9.7167    -0.46( 138-> 142) -0.37( 140-> 146) -0.37( 141-> 144)
    8    3.946   314.2     0.0104    20.2252    -0.51( 140-> 143) -0.41( 138-> 142) -0.38( 137-> 142)
    9    4.004   309.7     0.3692    68.0867     0.39( 137-> 142) -0.38( 140-> 143)  0.37( 140-> 145)
