           6           1  0.400441702659197     
           7           2   1.40683841701999     
           7           6   1.21577853418024     
           8           7  0.946922440672219     
           9           8  0.923707111319194     
          10           3   1.40150531503921     
          10           6   1.23977105905094     
          10           9  0.961809289883409     
          11           9  0.961843679603597     
          12           8  0.959255644761755     
          13          12  0.958321647557185     
          14          13  0.941120962016433     
          15          14   1.84160897963013     
          16          14   1.06779996612542     
          17           1  0.439802394043896     
          18           3   1.27836523614431     
          18          17   1.21341545379270     
          19          18   1.15002699344679     
          20          19   1.47306864007760     
          21           4   1.35182998674590     
          21          17   1.17970090289899     
          21          20   1.08395980003909     
          22          19  0.976231711967552     
          23          20  0.968659590867224     
          24          23   1.82686742973655     
          25          23   1.00316498567784     
          26           1  0.387925297062488     
          27           4   1.33039002585275     
          27          26   1.35856498685568     
          28          27  0.910773582744170     
          29          28  0.968579273508483     
          30           5   1.46603841912094     
          30          26   1.14529816637480     
          30          29  0.930960011992319     
          31          28  0.970794833566432     
          32          29  0.958433934151146     
          33          32  0.991201553989369     
          34           1  0.580255021726335     
          35           5   1.27437156994736     
          35          34   1.09412902728561     
          36          35   1.20402690968357     
          37          36   1.36018723856781     
          38           2   1.20316550694872     
          38          34   1.23695728678188     
          38          37   1.14335963688294     
          39          36  0.998581644847055     
          40          37   1.05516860331161     
          41          40   1.81965438012937     
          42           2  0.966193207391354     
          42          40  0.842413309533002     
          43          42  0.876591738595607     
          44          43   1.86967254396511     
          45          43   1.08497748886161     
          46          45  0.972188003917184     
          47          16  0.953359077376460     
          48          47  0.977551063754476     
          49          48   1.91628909882832     
          50          49  0.984370024635136     
          51          49  0.935799259540222     
          52          51  0.989731460506425     
          53          52   1.00229129002992     
          54          53  0.932173190436435     
          55          54   1.01444413086083     
          56          54  0.969342838143828     
          57          56  0.978330351374560     
          58          57  0.993327047239281     
          59          58  0.970506891096598     
          60          59  0.994794676040623     
          61          59  0.964697241817651     
          62          61  0.986171492571054     
          63          62  0.991401152518488     
          64          63  0.969962183178146     
          65          64  0.992407559801852     
          66          64  0.986500304549668     
          67           3  0.936038881575957     
          68           4  0.933544657646824     
          69           5  0.927127811059898     
          70           8  0.937545077337670     
          71           9  0.940913068669487     
          72          11  0.977784508367285     
          73          11  0.976831195003294     
          74          11  0.972050705131779     
          75          12  0.966893428941851     
          76          12  0.957030919626283     
          77          13  0.965295512016302     
          78          13  0.961446555822790     
          79          22  0.969749304666721     
          80          22  0.974252365994622     
          81          22  0.971467687459834     
          82          25  0.945623246760373     
          83          25  0.956376463504504     
          84          25  0.959401660530803     
          85          28  0.937173463684319     
          86          29  0.929589172122334     
          87          31  0.979312313543187     
          88          31  0.979899608498412     
          89          31  0.976360922084911     
          90          32  0.960959256888259     
          91          32  0.965964306536215     
          92          33  0.980684298993916     
          93          33  0.986951208564314     
          94          33  0.983155205619014     
          95          39  0.973348220260437     
          96          39  0.965079311270477     
          97          39  0.964785021215123     
          98          42  0.920491479449636     
          99          46  0.983077232967529     
         100          46  0.978274799461836     
         101          46  0.989914444703029     
         102          47  0.958245223467480     
         103          47  0.960953562940979     
         104          48  0.938623287606856     
         105          50  0.971258997529909     
         106          50  0.970213609476980     
         107          50  0.971077762067957     
         108          51  0.953501391936868     
         109          51  0.959373222799064     
         110          52  0.960471898868307     
         111          52  0.959955188425709     
         112          53  0.962041934537275     
         113          53  0.960170272391911     
         114          54  0.947730111081463     
         115          55  0.964823966132646     
         116          55  0.970006927255820     
         117          55  0.974713729465715     
         118          56  0.963932313498138     
         119          56  0.957669094831070     
         120          57  0.962512259595826     
         121          57  0.964341552422415     
         122          58  0.952669093123141     
         123          58  0.957894670945049     
         124          59  0.946653738850342     
         125          60  0.975277352473039     
         126          60  0.978270369469660     
         127          60  0.977464531411354     
         128          61  0.961372360306025     
         129          61  0.956945764283261     
         130          62  0.963159220569434     
         131          62  0.964972500996314     
         132          63  0.965574771169776     
         133          63  0.958844118997091     
         134          64  0.955783804682317     
         135          65  0.980373474582869     
         136          65  0.970135071201442     
         137          65  0.978754364040203     
         138          66  0.980603055279617     
         139          66  0.974394060611206     
         140          66  0.979578393780843     
