 excitation energies, transition moments and TDA amplitudes
 state    eV      nm       fL        Rv(corr)
    1    2.176   569.9     0.7304    -0.9946     0.87( 143-> 144)  0.36( 142-> 146) -0.18( 142-> 144)
    2    2.386   519.6     0.1904     0.5324     0.80( 142-> 144) -0.43( 143-> 146)  0.27( 141-> 144)
    3    2.929   423.2     0.0180     4.2931    -0.92( 141-> 144)  0.21( 142-> 144) -0.20( 143-> 146)
    4    3.559   348.3     0.0762    31.5258    -0.83( 140-> 144)  0.28( 143-> 145) -0.22( 137-> 144)
    5    3.632   341.4     0.1110     3.0019    -0.87( 143-> 145) -0.35( 140-> 144)  0.15( 143-> 146)
    6    3.794   326.8     0.0972    18.8243     0.56( 143-> 146) -0.41( 139-> 144) -0.29( 137-> 144)
    7    4.016   308.7     0.0637   -28.6744     0.67( 136-> 144) -0.42( 135-> 144) -0.28( 139-> 144)
    8    4.083   303.7     0.0363    15.9597     0.57( 143-> 147) -0.46( 139-> 144) -0.40( 137-> 144)
    9    4.138   299.6     0.5460   -29.3730     0.78( 142-> 145)  0.24( 143-> 147) -0.23( 142-> 146)
