           6           1  0.404554597339233     
           7           2   1.39543446589362     
           7           6   1.22696867805972     
           8           7  0.947807451429482     
           9           8  0.957927175902775     
          10           3   1.38772861527206     
          10           6   1.24906111158091     
          10           9  0.926157611261119     
          11           9  0.955767546300190     
          12           8  0.933583839311855     
          13          12  0.962030237931968     
          14          13  0.925873723121353     
          15          14   1.85240070049588     
          16          14   1.07489549604723     
          17           1  0.432407283568883     
          18           3   1.31744273528690     
          18          17   1.07026098805042     
          19          18   1.21544128649104     
          20          19   1.40690302926847     
          21           4   1.20128644254232     
          21          17   1.36723132895951     
          21          20   1.05471968674486     
          22          19  0.998846344798447     
          23          20   1.03239644790589     
          24          23   1.78506508852943     
          25          23  0.963522015699811     
          26           1  0.438659685167878     
          27           4   1.50155547958860     
          27          26   1.18976742671962     
          28          27  0.925811883628882     
          29          28  0.921646377296844     
          30           5   1.42032159132662     
          30          26   1.20412011138676     
          30          29  0.961857099948342     
          31          28  0.981643178141119     
          32          29  0.969296910979045     
          33          32   1.00654028229258     
          34           1  0.598249838090371     
          35           5   1.31989390062987     
          35          34   1.10831350761325     
          36          35   1.22979752954298     
          37          36   1.31472422096768     
          38           2   1.24995676630361     
          38          34   1.11652016381329     
          38          37   1.20002041291805     
          39          36  0.999438468233214     
          40          37   1.06835395446046     
          41          40   1.83823987916470     
          42           2  0.941678681213270     
          42          40  0.833639020666121     
          43          42  0.915026760695476     
          44          43   1.81591110474178     
          45          43   1.10814101188804     
          46          45  0.958422856286347     
          47          16  0.930771742491880     
          48          47   1.02485233165279     
          49          48   1.83582427108409     
          50          49  0.976306894964299     
          51          49   1.01839522653711     
          52          51  0.922634436184261     
          53          52   1.01010192562419     
          54          53  0.949465913246672     
          55          54  0.985670505906254     
          56          54  0.983497405940367     
          57          56  0.979323569384419     
          58          57  0.984086168382617     
          59          58  0.985362586474502     
          60          59  0.962079561527872     
          61          59  0.970497966810104     
          62          61  0.999862662603168     
          63          62  0.971210156184554     
          64          63  0.967897762159018     
          65          64   1.00119576376563     
          66          64  0.979425753912593     
          67           3  0.931875457820796     
          68           4  0.931919057017442     
          69           5  0.926653398294190     
          70           8  0.937953749973752     
          71           9  0.945225447387476     
          72          11  0.978468233782429     
          73          11  0.978656413941357     
          74          11  0.982499325674200     
          75          12  0.965053318406786     
          76          12  0.960569000588509     
          77          13  0.965643913889407     
          78          13  0.961741333501968     
          79          22  0.962238429438615     
          80          22  0.968397423707821     
          81          22  0.968226245743170     
          82          25  0.954217610475069     
          83          25  0.969768953360622     
          84          25  0.968048205282857     
          85          28  0.942689908294105     
          86          29  0.923490294439336     
          87          31  0.975572940100125     
          88          31  0.975237185146612     
          89          31  0.978159908051599     
          90          32  0.959505001884838     
          91          32  0.962186035466508     
          92          33  0.978829277169591     
          93          33  0.974217041107061     
          94          33  0.983999836348705     
          95          39  0.973722769667025     
          96          39  0.969045068287923     
          97          39  0.962082234737301     
          98          42  0.922126707035047     
          99          46  0.983517447606591     
         100          46  0.980493125265849     
         101          46  0.988695863938625     
         102          47  0.960184476500702     
         103          47  0.959036846771257     
         104          48  0.939873558248014     
         105          50  0.977574070593589     
         106          50  0.970446275588900     
         107          50  0.972103816920377     
         108          51  0.951972473523878     
         109          51  0.959336111825014     
         110          52  0.964414160052566     
         111          52  0.965942914044009     
         112          53  0.957362794473146     
         113          53  0.948924803220928     
         114          54  0.947832713830266     
         115          55  0.975827871267173     
         116          55  0.981416792986850     
         117          55  0.974597399629168     
         118          56  0.966909422618173     
         119          56  0.961800137657849     
         120          57  0.968325972199200     
         121          57  0.973458991848888     
         122          58  0.962784087492144     
         123          58  0.957630730671982     
         124          59  0.949578278261967     
         125          60  0.980516800445847     
         126          60  0.986078606575251     
         127          60  0.979827256152048     
         128          61  0.964798169566651     
         129          61  0.958048884992495     
         130          62  0.964949478560129     
         131          62  0.972144840664005     
         132          63  0.963347684615642     
         133          63  0.967883338100734     
         134          64  0.956411128414078     
         135          65  0.972468932451193     
         136          65  0.978955972938856     
         137          65  0.976214192742007     
         138          66  0.980060829722491     
         139          66  0.983351467820255     
         140          66  0.976414804319182     
