  0.305311604295203     
  2.105325743778685E-002
 -4.826728455710771E-002
 -2.622224381368810E-002
 -3.136773685752381E-002
 -0.168710883796474     
  2.519681447821220E-002
 -2.487566739665414E-002
 -3.863251751693486E-002
  7.573452551938198E-002
 -9.410798217331262E-002
 -3.555598346863942E-002
 -5.898222336194792E-002
  0.207700763111659     
 -0.287659327595460     
 -0.149487500536862     
 -0.225247733565978     
  5.767224296072460E-003
 -2.024308858994051E-002
 -6.851747256543561E-002
  1.645865204207642E-002
 -8.441372591031726E-002
  0.155238018743022     
 -0.246205886503050     
 -7.809411993481508E-002
 -0.155695812501069     
  3.939450385718457E-002
 -2.400247197131300E-002
 -3.151171596579871E-002
  4.013567449336364E-002
 -8.752707395560311E-002
 -5.651213846818059E-002
 -8.376991872233219E-002
 -0.214515808970790     
  3.007532941128321E-002
 -9.931109751905254E-003
 -6.687608436379300E-002
  2.961559686406412E-002
 -6.788215400977204E-002
  0.134844373595687     
 -0.222993600981360     
 -3.807818134784746E-002
  0.209948377952832     
 -0.284715441741643     
 -0.156416190115285     
  2.066182199236266E-002
  7.143482776737864E-002
 -7.843430832341092E-002
 -2.933401047194639E-002
 -0.100257435004081     
 -5.961022122691872E-002
 -6.326697692070571E-002
 -6.845684897738114E-002
 -3.290289032005589E-002
 -9.602177836411041E-002
 -6.794002720040027E-002
 -4.523304605947409E-002
 -7.966968753129944E-002
 -4.353188598015478E-002
 -0.104331851960040     
 -6.215794378793049E-002
 -6.177665554777612E-002
 -7.536317116472713E-002
 -7.703474764585216E-003
 -0.113897966818564     
 -0.104217547341612     
  5.985313687653537E-002
  5.890431907035953E-002
  5.563950446905030E-002
  6.822802010619067E-002
  4.066631268886167E-002
  3.550328590042862E-002
  3.839915657688331E-002
  4.575808996972430E-002
  3.865298785133009E-002
  5.354372996118206E-002
  4.067039165336195E-002
  4.143564028560087E-002
  4.607398534546359E-002
  5.883958790277044E-002
  4.975453148644293E-002
  6.859957508705505E-002
  4.999151047187644E-002
  5.720385490361213E-002
  4.169433266224609E-002
  5.007409971299392E-002
  4.316103730743825E-002
  3.138374988826653E-002
  4.736069163630074E-002
  3.427560223327375E-002
  4.050896471822152E-002
  4.524473571640453E-002
  3.538394502844810E-002
  3.965062349859494E-002
  4.926816716426574E-002
  4.502489924620789E-002
  4.719540296138225E-002
  6.375636629370274E-002
  6.417450753660625E-002
  5.836780305065159E-002
  5.054828995314675E-002
  5.021296301029432E-002
  8.212753479191015E-002
  3.734295502489882E-002
  3.867487634839173E-002
  4.178551928260565E-002
  3.423179212083072E-002
  2.886298262780806E-002
  4.307666655450670E-002
  2.955652855482016E-002
  3.174206453032424E-002
  4.216778651401620E-002
  2.551917037660167E-002
  3.057800888485318E-002
  3.790615656913243E-002
  3.633414178933925E-002
  2.848685602366008E-002
  4.128958981255437E-002
  3.449677882157831E-002
  3.963045075864491E-002
  4.116187736312793E-002
  3.507473169831332E-002
  2.891592031141066E-002
  2.600634625340181E-002
  3.281068805212262E-002
  3.873580500033502E-002
  2.341347440895802E-002
  3.582026795403570E-002
  4.415654242848543E-002
  3.439924496362889E-002
  3.289385807196055E-002
  3.050023935399704E-002
  2.953460755789472E-002
  4.193799404926701E-002
  2.942222095190761E-002
  2.856718932442814E-002
  2.894868380270610E-002
  3.176283577117134E-002
  3.932543768119112E-002
  3.035381630838974E-002
