  0.295199570669976     
  3.555094382072799E-003
 -2.571984172866415E-003
 -5.774613399559314E-003
 -5.547782251988664E-002
 -0.131985656457463     
  3.423466574925538E-002
 -1.856641971965711E-002
 -2.161833447796369E-002
  4.120442166164384E-002
 -8.939207280744643E-002
 -4.354608129247328E-002
 -7.008163580917603E-002
  0.240436070672379     
 -0.253935821948544     
 -0.164150418862452     
 -0.222247708496500     
  5.404425491797227E-002
 -1.291006613824486E-002
 -8.495366669278059E-002
  5.078577582365540E-002
 -7.897207491163094E-002
  0.176315761640380     
 -0.251586941931125     
 -9.240064246450963E-002
 -0.185288954293232     
  4.966522934789008E-002
 -1.256954754429085E-002
 -1.904599648493210E-002
  4.072956103693182E-002
 -9.980686508761227E-002
 -6.013309162007019E-002
 -9.538397165574697E-002
 -0.238709138738424     
  4.683630582088627E-002
 -5.447963153896573E-002
 -5.140137642997278E-002
  9.926560556605679E-004
 -6.868123934355985E-002
  0.161855886421795     
 -0.226294165715586     
 -4.290063573613878E-002
  0.234609574827246     
 -0.267142121957405     
 -0.157999305968738     
  1.443394256664021E-002
  5.121915095499086E-002
 -6.575418746705264E-002
 -1.118373447133081E-002
 -0.117316770192625     
 -4.364883153266685E-002
 -6.042829724522569E-002
 -8.581813831397422E-002
 -1.984813568194443E-002
 -9.985838840170214E-002
 -8.645847599297518E-002
 -5.684790064098255E-002
 -6.693148849003006E-002
 -2.945725295084056E-002
 -0.118710620482637     
 -8.112496718542062E-002
 -8.558628519994738E-002
 -7.477655101886072E-002
 -2.600690669082972E-003
 -0.120631987447277     
 -9.073882057822669E-002
  4.735234495321072E-002
  6.200054666681665E-002
  5.662501860402713E-002
  4.944079287068903E-002
  4.221762347310065E-002
  3.285178796071686E-002
  3.778724893173868E-002
  3.739228300104702E-002
  3.987702870371523E-002
  4.895955444300104E-002
  4.829314627202341E-002
  4.270543263704374E-002
  4.470520142654233E-002
  4.871349215625409E-002
  5.004674776323004E-002
  4.549260326707327E-002
  6.139027158777555E-002
  4.571395733239658E-002
  5.711459283007514E-002
  5.206284099119063E-002
  3.808300172986101E-002
  3.781335314791434E-002
  3.176668476981326E-002
  2.632606793031944E-002
  3.513499330665215E-002
  3.658311661465841E-002
  3.256344109408260E-002
  3.091798039373062E-002
  4.460731532276219E-002
  4.909180722503004E-002
  4.473817594077334E-002
  5.337981975090167E-002
  5.763396592870118E-002
  5.303066142237367E-002
  5.270827143875967E-002
  7.044003407049693E-002
  6.189407935960312E-002
  3.334776606753209E-002
  3.394438147806811E-002
  4.344843513609953E-002
  3.468919850424212E-002
  4.680756269024600E-002
  4.194834809094061E-002
  3.400256114220057E-002
  3.321985828369278E-002
  2.462683837009361E-002
  3.381601211318608E-002
  3.637489244803316E-002
  4.172924553948509E-002
  2.896399005575989E-002
  2.872665992801571E-002
  3.397688986969072E-002
  3.249535714641394E-002
  4.433331627573112E-002
  4.186463026498055E-002
  4.170012564693237E-002
  3.417147705017254E-002
  3.444802034514327E-002
  1.960641896278303E-002
  3.146785601951585E-002
  3.875734065796865E-002
  3.430288693182437E-002
  3.472085897505184E-002
  3.228433953365606E-002
  2.493991763960290E-002
  4.237134563865541E-002
  2.511143658949444E-002
  3.887342866378318E-002
  2.971709086350205E-002
  3.243317131169143E-002
  3.068590703251839E-002
  3.371495234403654E-002
  4.589909456970398E-002
  4.063470813181080E-002
