 excitation energies, transition moments and TDA amplitudes
 state    eV      nm       fL        Rv(corr)
    1    2.187   566.8     0.0958    -1.7763    -0.69( 141-> 143) -0.54( 140-> 143)  0.29( 142-> 143)
    2    2.341   529.7     0.7460     2.8893    -0.81( 142-> 143) -0.35( 141-> 143)  0.26( 141-> 145)
    3    2.597   477.5     0.0992    15.8383    -0.78( 140-> 143)  0.40( 141-> 143)  0.26( 142-> 144)
    4    3.431   361.4     0.0046    -2.1277    -0.65( 137-> 143)  0.50( 139-> 143) -0.44( 138-> 143)
    5    3.562   348.1     0.0140    -2.5424     0.74( 139-> 143)  0.47( 138-> 143)  0.24( 137-> 143)
    6    3.810   325.4     0.3083     1.1853     0.73( 142-> 144) -0.36( 142-> 145) -0.35( 141-> 144)
    7    3.857   321.5     0.0889    18.1202    -0.55( 142-> 146)  0.51( 142-> 145)  0.40( 142-> 148)
    8    4.021   308.3     0.0149   -42.6358     0.43( 141-> 144) -0.41( 141-> 145) -0.38( 142-> 146)
    9    4.090   303.2     0.0934   -12.7072    -0.66( 133-> 143)  0.31( 136-> 143)  0.27( 136-> 144)
