           6           1  0.366258488917477     
           7           2   1.44060669478612     
           7           6   1.26278067324040     
           8           7  0.911250550244342     
           9           8  0.951142541362530     
          10           3   1.41144818143954     
          10           6   1.23816623058100     
          10           9  0.918700249519062     
          11           9  0.979072291655925     
          12           8  0.960866154081228     
          13          12  0.979944053734888     
          14          13  0.920793378442712     
          15          14   1.86473251441885     
          16          14   1.05503274280101     
          17           1  0.483075481253566     
          18           3   1.27810638921626     
          18          17   1.18937542330642     
          19          18   1.18717076485652     
          20          19   1.35071552764258     
          21           4   1.23244334119171     
          21          17   1.16200064222862     
          21          20   1.19719253809372     
          22          19  0.992343084806133     
          23          20  0.968769392334616     
          24          23   1.83847253757875     
          25          23  0.987624023468215     
          26           1  0.419791949255039     
          27           4   1.53784089202994     
          27          26   1.15078744478687     
          28          27  0.922206253233540     
          29          28  0.961016507304377     
          30           5   1.42702938399740     
          30          26   1.25280271360941     
          30          29  0.929697464903967     
          31          28  0.968453692908702     
          32          29  0.976905763040438     
          33          32   1.00460467047021     
          34           1  0.556613634222936     
          35           5   1.26572304914132     
          35          34   1.17837889319134     
          36          35   1.23151707588121     
          37          36   1.23202132381256     
          38           2   1.15432025760499     
          38          34   1.11687928864567     
          38          37   1.28578202157772     
          39          36   1.03210055540323     
          40          37   1.07938877324067     
          41          40   1.83279516266811     
          42           2  0.938700009453067     
          42          40  0.837041256182979     
          43          42  0.943204349631875     
          44          43   1.80613157964802     
          45          43   1.08219418416465     
          46          45  0.959642190536647     
          47          16  0.929533161607493     
          48          47   1.00536173720738     
          49          48   1.89267517693106     
          50          49  0.954257101562060     
          51          49  0.995173979536235     
          52          51  0.960482185710471     
          53          52  0.967075959434658     
          54          53  0.967051348467250     
          55          54  0.993545231042219     
          56          54  0.961910661562912     
          57          56  0.983491467377947     
          58          57  0.982379633924592     
          59          58  0.972744514007584     
          60          59  0.985116862058988     
          61          59  0.971454572075762     
          62          61  0.983099617679126     
          63          62  0.970546778767132     
          64          63  0.974100523811878     
          65          64  0.975966571536205     
          66          64   1.00344784984820     
          67           3  0.934357786175396     
          68           4  0.918921158898907     
          69           5  0.934011098405798     
          70           8  0.936009580900612     
          71           9  0.941401091918282     
          72          11  0.981741036785512     
          73          11  0.977597095410665     
          74          11  0.976799899712440     
          75          12  0.960228788856855     
          76          12  0.958322059600465     
          77          13  0.941638040394031     
          78          13  0.956633425055721     
          79          22  0.966444995992276     
          80          22  0.964956904122887     
          81          22  0.973312614712396     
          82          25  0.963202689481129     
          83          25  0.948276737691989     
          84          25  0.966584368965270     
          85          28  0.944192608163013     
          86          29  0.930092202995552     
          87          31  0.979522035514037     
          88          31  0.973224847108675     
          89          31  0.980533778780800     
          90          32  0.964833942496341     
          91          32  0.959369337371081     
          92          33  0.974461990568366     
          93          33  0.984833826378343     
          94          33  0.984902923383874     
          95          39  0.957147068556727     
          96          39  0.951697480579761     
          97          39  0.973192444729778     
          98          42  0.929081017757674     
          99          46  0.981251633177648     
         100          46  0.988133416547213     
         101          46  0.987251799133683     
         102          47  0.958160002335983     
         103          47  0.966488313322200     
         104          48  0.931317309319291     
         105          50  0.973306666447600     
         106          50  0.974582130622905     
         107          50  0.976707614269569     
         108          51  0.952531480515920     
         109          51  0.959696059202275     
         110          52  0.970212883944128     
         111          52  0.971412778285168     
         112          53  0.966443330777401     
         113          53  0.962371100021803     
         114          54  0.952707779063161     
         115          55  0.976489428459104     
         116          55  0.976015574717303     
         117          55  0.981018881388909     
         118          56  0.961627546280094     
         119          56  0.957538104609186     
         120          57  0.961313433617621     
         121          57  0.966753933169701     
         122          58  0.959789058402198     
         123          58  0.963826449007544     
         124          59  0.948764347527591     
         125          60  0.981151900542339     
         126          60  0.978165065121747     
         127          60  0.974054161225084     
         128          61  0.961565565792378     
         129          61  0.960820679954985     
         130          62  0.965786458786121     
         131          62  0.966476049679434     
         132          63  0.963056333717442     
         133          63  0.965511230884705     
         134          64  0.953960200752317     
         135          65  0.976479376236319     
         136          65  0.975253637892000     
         137          65  0.982383206601652     
         138          66  0.977477929539073     
         139          66  0.971064643424610     
         140          66  0.974357641581030     
