  0.328020996774285     
 -3.046187834443437E-003
 -3.222568927131775E-002
 -5.203925207301463E-002
 -2.708694113276433E-002
 -0.155903059958813     
  3.194207423774298E-002
 -1.673892975245650E-002
 -1.760807659556463E-002
  1.875865960078693E-002
 -8.767339082268855E-002
 -4.937142798158867E-002
 -5.079491494145039E-002
  0.230080403935131     
 -0.281530186237536     
 -0.164080111624621     
 -0.212284123815370     
  2.522467472694956E-002
 -1.845537741583048E-002
 -6.382003272241921E-002
  7.466882918990336E-003
 -7.565083552642715E-002
  0.189228703008317     
 -0.255100940863481     
 -9.543687251492017E-002
 -0.168948163423892     
  3.792253172479043E-002
 -1.743561676938654E-002
 -2.020663500668096E-002
  1.298968553920865E-002
 -9.459084226594250E-002
 -4.296063776669179E-002
 -8.470275847121211E-002
 -0.212870748658013     
  4.198726878036574E-002
 -1.870271750328012E-002
 -7.080448145655271E-002
  2.356536149560773E-002
 -6.689619948487024E-002
  0.130280900017705     
 -0.233524491894809     
 -2.156234223292586E-002
  0.227098199823144     
 -0.294978472761263     
 -0.120623416280570     
  2.038162949475852E-002
  5.798428767329566E-002
 -8.031518415429595E-002
 -4.135915429664561E-002
 -0.100977372220005     
 -4.049386344173822E-002
 -6.159664665285902E-002
 -6.625589551859878E-002
 -1.491864575013579E-002
 -9.615974324850729E-002
 -7.178141513641201E-002
 -7.992190062507731E-002
 -8.515823320668758E-002
 -2.891570406740662E-002
 -9.788536143206628E-002
 -7.118566322463504E-002
 -7.520327028857210E-002
 -6.860477443130097E-002
 -1.590515445227769E-002
 -0.104721823097606     
 -9.567444715264806E-002
  6.457463343451952E-002
  5.934224473292127E-002
  5.471616164788262E-002
  5.333346702520114E-002
  5.465304832312368E-002
  3.585628189288081E-002
  3.649603919478239E-002
  3.923868356508242E-002
  3.005129423514297E-002
  4.494489935048906E-002
  4.049910654234667E-002
  4.361380806454374E-002
  4.782109120239042E-002
  4.671113385280468E-002
  4.875237787277142E-002
  4.569488179738335E-002
  4.975169950454472E-002
  4.669713622990912E-002
  5.878042656682603E-002
  4.870189285764293E-002
  4.434199323245669E-002
  3.114791225594904E-002
  4.077691088929714E-002
  3.672249767125013E-002
  3.505807593254240E-002
  3.098701872324050E-002
  3.817182905298144E-002
  3.913124457866191E-002
  5.652251664411101E-002
  3.688443754975745E-002
  5.128277019739214E-002
  7.094801212325086E-002
  6.495762993797816E-002
  5.007346560652159E-002
  5.036379066163155E-002
  5.483528846534225E-002
  7.223171323335909E-002
  2.049014188832121E-002
  4.838712743334239E-002
  3.486811113716926E-002
  4.888927943634191E-002
  4.807336585169819E-002
  4.500056274397879E-002
  3.763392495041940E-002
  2.809222398050293E-002
  3.209799232205390E-002
  3.559552009634059E-002
  4.264638757065109E-002
  3.401052355693535E-002
  4.069652416972536E-002
  2.898961185282534E-002
  3.202605570320860E-002
  3.088894812552923E-002
  3.084943004539287E-002
  2.528791820815413E-002
  3.179002354898353E-002
  2.302647322974583E-002
  3.619142558533839E-002
  4.287062130630559E-002
  3.984842077503536E-002
  2.686403308242435E-002
  4.073173216270365E-002
  3.007576953000801E-002
  2.954210568406024E-002
  3.645143548671326E-002
  3.767708823106464E-002
  3.090013952045090E-002
  3.062719968152883E-002
  2.556343849145160E-002
  3.882961299064502E-002
  3.895808229850417E-002
  3.353404693733453E-002
  2.633959987676326E-002
  4.274355556652387E-002
