 excitation energies, transition moments and TDA amplitudes
 state    eV      nm       fL        Rv(corr)
    1    2.194   565.0     0.7124    -2.8393     0.87( 143-> 144) -0.34( 142-> 146) -0.25( 142-> 145)
    2    2.350   527.6     0.1444    -0.9559    -0.85( 142-> 144) -0.32( 143-> 146) -0.30( 143-> 145)
    3    3.004   412.7     0.0013    -8.3393    -0.93( 141-> 144) -0.21( 138-> 144) -0.19( 139-> 144)
    4    3.414   363.2     0.0270     9.7727    -0.87( 139-> 144) -0.28( 143-> 146)  0.22( 138-> 144)
    5    3.609   343.5     0.0161    -9.6048    -0.68( 143-> 147) -0.52( 143-> 145)  0.44( 143-> 146)
    6    3.779   328.1     0.0300   -22.8788    -0.63( 142-> 145)  0.43( 142-> 146) -0.33( 143-> 147)
    7    3.815   325.0     0.0668     3.1583     0.60( 138-> 144)  0.48( 143-> 147) -0.45( 143-> 145)
    8    3.949   314.0     0.0683   -41.6930    -0.46( 138-> 144) -0.43( 142-> 147)  0.37( 143-> 146)
    9    4.017   308.7     0.1586     6.6802     0.54( 142-> 147)  0.45( 137-> 144) -0.30( 137-> 148)
