           6           1  0.332742462140684     
           7           2   1.44610014930802     
           7           6   1.23379170645832     
           8           7  0.930862035939627     
           9           8  0.965886911214302     
          10           3   1.44721054956348     
          10           6   1.26159611036374     
          10           9  0.891379521840628     
          11           9  0.977996607151313     
          12           8  0.939009487445014     
          13          12  0.981892093207688     
          14          13  0.946676175642434     
          15          14   1.81874858120652     
          16          14   1.08812837108257     
          17           1  0.605970314345633     
          18           3   1.23758182756076     
          18          17   1.17225970683048     
          19          18   1.18444368032568     
          20          19   1.39485493616887     
          21           4   1.25987663445483     
          21          17   1.12913362522105     
          21          20   1.16929633992003     
          22          19  0.993631618865745     
          23          20  0.979906069977331     
          24          23   1.84047111456178     
          25          23  0.986136868184592     
          26           1  0.345245155205382     
          27           4   1.39683311115815     
          27          26   1.31093661166786     
          28          27  0.914073950836108     
          29          28  0.958710600091280     
          30           5   1.41929302200588     
          30          26   1.21129161190508     
          30          29  0.909673202191590     
          31          28  0.951218915485219     
          32          29  0.965823022098000     
          33          32   1.00392980074928     
          34           1  0.507564733403693     
          35           5   1.30381054777749     
          35          34   1.14415941304481     
          36          35   1.19149911472935     
          37          36   1.28571516334806     
          38           2   1.14555110016849     
          38          34   1.19295632004520     
          38          37   1.25047521655507     
          39          36   1.00944479792160     
          40          37   1.06291004226008     
          41          40   1.81760892228829     
          42           2  0.956565323517524     
          42          40  0.863018473112575     
          43          42  0.909867354108028     
          44          43   1.77525152348128     
          45          43   1.14576350881187     
          46          45  0.962558055345257     
          47          16  0.924375134696807     
          48          47   1.03017969480315     
          49          48   1.85224318852064     
          50          49  0.980938517163807     
          51          49  0.969969502666695     
          52          51  0.982745215541708     
          53          52  0.975760544740795     
          54          53  0.973346673651959     
          55          54  0.986869705750096     
          56          54  0.988559026546772     
          57          56  0.966883213847707     
          58          57  0.984854762703018     
          59          58  0.955928392686322     
          60          59  0.986327755582627     
          61          59  0.977988744095706     
          62          61  0.992820284532015     
          63          62  0.959530553306893     
          64          63  0.998994238676718     
          65          64  0.976895628632774     
          66          64  0.977120347761295     
          67           3  0.933406940839206     
          68           4  0.931281466954326     
          69           5  0.933905596294997     
          70           8  0.932600907109896     
          71           9  0.945423475694986     
          72          11  0.979603276068817     
          73          11  0.975406311955013     
          74          11  0.976943090200277     
          75          12  0.960706801866698     
          76          12  0.956315053536252     
          77          13  0.959126998399958     
          78          13  0.950723682057674     
          79          22  0.971428764689800     
          80          22  0.971806618631013     
          81          22  0.960055811703611     
          82          25  0.953372774786724     
          83          25  0.952777054264881     
          84          25  0.966945944738288     
          85          28  0.942851239846901     
          86          29  0.937159806803258     
          87          31  0.980796890543444     
          88          31  0.985507153027016     
          89          31  0.980882199857773     
          90          32  0.968033886130256     
          91          32  0.966410712371407     
          92          33  0.981980620580549     
          93          33  0.983504742041481     
          94          33  0.977362256751930     
          95          39  0.969475352942315     
          96          39  0.972191779627088     
          97          39  0.957186032597938     
          98          42  0.921678622622207     
          99          46  0.979135588319784     
         100          46  0.983870692547863     
         101          46  0.988694069568918     
         102          47  0.960599387256771     
         103          47  0.941417111970912     
         104          48  0.939369874675558     
         105          50  0.972296418540642     
         106          50  0.978054989427734     
         107          50  0.966977346963052     
         108          51  0.960084267324683     
         109          51  0.949404289710885     
         110          52  0.958931753579532     
         111          52  0.967951474386999     
         112          53  0.965747481555781     
         113          53  0.960101297112676     
         114          54  0.942480421246626     
         115          55  0.978242657903014     
         116          55  0.975962609547547     
         117          55  0.980558106857238     
         118          56  0.959943927724594     
         119          56  0.960213773369392     
         120          57  0.969266809688353     
         121          57  0.972505906593216     
         122          58  0.968670475739212     
         123          58  0.968259751127031     
         124          59  0.952475552669626     
         125          60  0.976562944966948     
         126          60  0.974574485902811     
         127          60  0.983688173975564     
         128          61  0.956915235602362     
         129          61  0.954675938309955     
         130          62  0.965802769256076     
         131          62  0.966387032177138     
         132          63  0.960937212137922     
         133          63  0.960789254916564     
         134          64  0.952405101072148     
         135          65  0.980038462103810     
         136          65  0.981750624215454     
         137          65  0.976364220560326     
         138          66  0.982286511149494     
         139          66  0.982848322081215     
         140          66  0.975997860003624     
