  0.314555170447161     
  1.471791882117657E-003
 -3.376221139835778E-002
 -1.261723533000136E-002
 -2.677469506831009E-002
 -0.149312688981598     
  2.621515056326285E-002
 -3.228463409696136E-002
 -9.456418658675858E-003
  2.286740594610492E-002
 -9.271417227237766E-002
 -6.041672854034452E-002
 -5.238435433125765E-002
  0.222609337166010     
 -0.240772983484058     
 -0.148881682961079     
 -0.205050993726656     
  3.570766951643156E-002
 -4.096301130735380E-002
 -8.677703525735492E-002
  1.172156082084141E-002
 -8.015484175439003E-002
  0.154819608875295     
 -0.220665556826602     
 -8.479630772575053E-002
 -0.160831808841203     
  2.609764845156759E-002
 -2.465346710246585E-002
 -3.225237651187918E-002
  4.800087815235887E-002
 -9.396769273665484E-002
 -5.919973683093094E-002
 -8.577746418510124E-002
 -0.207950201394704     
  3.455285100573136E-002
 -5.572237834044813E-003
 -4.267645098332196E-002
  2.554285488182728E-002
 -7.351075441483257E-002
  0.144922136015293     
 -0.243959486770081     
 -2.533306821835080E-002
  0.212959910963141     
 -0.222922080410301     
 -0.156654514068458     
 -1.329968169767604E-002
  4.872102641198639E-002
 -6.535959124403234E-002
 -2.447771763346296E-002
 -9.919113613036856E-002
 -6.266673006203938E-002
 -6.668840620090855E-002
 -8.469317159708112E-002
 -4.515789486994848E-002
 -9.851920868860820E-002
 -6.902477869594481E-002
 -7.720065067255621E-002
 -9.065206508165513E-002
 -2.216450283715421E-002
 -7.802865528613445E-002
 -6.828793440096526E-002
 -5.830917545040482E-002
 -6.818086733452233E-002
 -3.359465217899782E-002
 -0.107526272940046     
 -9.591021384861342E-002
  6.043355862915023E-002
  6.887936869232747E-002
  5.508389767414479E-002
  5.507007324834179E-002
  4.886684192774660E-002
  3.158804878497867E-002
  3.764894521688933E-002
  3.953378208956582E-002
  3.222166240793489E-002
  4.700539460039443E-002
  4.424317112859999E-002
  4.706480690123349E-002
  5.459561198065610E-002
  4.363601655796379E-002
  4.599551717629180E-002
  4.741675972107673E-002
  5.276739644659134E-002
  5.021873924435549E-002
  4.146501323560858E-002
  4.724402927029536E-002
  3.769748047105836E-002
  3.110900303458686E-002
  4.344775472699114E-002
  4.112134838553494E-002
  3.278795628238396E-002
  4.262589648121329E-002
  3.829900269793618E-002
  3.483826904127674E-002
  4.911105333778265E-002
  4.591512018173638E-002
  4.333375766484626E-002
  6.348573904465937E-002
  6.353503393099602E-002
  4.528436382894263E-002
  4.105076761835247E-002
  5.915070377639664E-002
  5.539948619974300E-002
  3.496975275485037E-002
  4.351110652402590E-002
  3.516350944839386E-002
  3.770291022653660E-002
  4.099452797208325E-002
  4.339095944169102E-002
  2.837341899059220E-002
  3.790247570890903E-002
  2.879906020448320E-002
  2.567422457397572E-002
  3.263532733283270E-002
  3.957616893539928E-002
  3.442793985248993E-002
  3.441028039071059E-002
  3.938046100362436E-002
  4.644527524880759E-002
  3.548420000117858E-002
  2.945074270241188E-002
  2.253967782620481E-002
  3.258171034841506E-002
  3.176372034931563E-002
  3.630378008790247E-002
  4.293123564222823E-002
  4.388669104039278E-002
  3.471876549342812E-002
  3.795444065890508E-002
  4.110799400917109E-002
  3.777682899220947E-002
  3.461148453499097E-002
  3.892886067304313E-002
  2.351353472794959E-002
  3.638732196799643E-002
  3.172787388879739E-002
  2.508024634576700E-002
  2.030634611063908E-002
  3.770503093678568E-002
  3.392594118973591E-002
