 excitation energies, transition moments and TDA amplitudes
 state    eV      nm       fL        Rv(corr)
    1    2.230   555.9     0.8836     4.1828    -0.88( 143-> 144) -0.36( 142-> 146) -0.13( 142-> 147)
    2    2.366   523.9     0.1405     1.8764     0.86( 142-> 144) -0.36( 143-> 146)  0.20( 140-> 144)
    3    3.028   409.4     0.0141    -1.3669     0.75( 143-> 147) -0.62( 143-> 146)  0.13( 143-> 145)
    4    3.251   381.4     0.0011   -10.8261     0.92( 141-> 144)  0.28( 140-> 144)  0.12( 137-> 144)
    5    3.473   357.0     0.0148     0.5504     0.75( 140-> 144)  0.37( 137-> 144) -0.28( 141-> 144)
    6    3.567   347.6     0.1220    32.7886    -0.72( 142-> 147)  0.61( 142-> 146) -0.18( 143-> 145)
    7    3.727   332.6     0.0352    -9.4066     0.90( 143-> 145) -0.22( 142-> 147) -0.17( 143-> 147)
    8    3.845   322.5     0.0037    13.6902     0.66( 137-> 144)  0.54( 136-> 144) -0.29( 140-> 144)
    9    3.968   312.5     0.1267    -5.7659     0.71( 142-> 145)  0.24( 137-> 144) -0.24( 140-> 144)
