           6           1  0.402688306177214     
           7           2   1.39755451929068     
           7           6   1.25563299642335     
           8           7  0.911341832525055     
           9           8  0.983069249752765     
          10           3   1.51633943554647     
          10           6   1.19856178284964     
          10           9  0.902514533441852     
          11           9  0.974779115080603     
          12           8  0.933430495160799     
          13          12  0.976491335361320     
          14          13  0.920249028798340     
          15          14   1.86359873110370     
          16          14   1.05983192913136     
          17           1  0.516354026516300     
          18           3   1.19213562899390     
          18          17   1.23753156035873     
          19          18   1.17155294995028     
          20          19   1.45765031608523     
          21           4   1.24513689110063     
          21          17   1.16746340399612     
          21          20   1.11682638542630     
          22          19  0.996242530226631     
          23          20  0.931062214411851     
          24          23   1.89858380508274     
          25          23  0.946144424659389     
          26           1  0.402689504221555     
          27           4   1.47321970225437     
          27          26   1.17908345943245     
          28          27  0.932886991935163     
          29          28  0.968985342455629     
          30           5   1.45806954170595     
          30          26   1.27158947192648     
          30          29  0.915806419117652     
          31          28  0.953961141422171     
          32          29  0.928764002788156     
          33          32   1.00856707108051     
          34           1  0.490035932703070     
          35           5   1.24181905515658     
          35          34   1.17879086447254     
          36          35   1.18356178101409     
          37          36   1.38228657902255     
          38           2   1.25606530709454     
          38          34   1.17484041260140     
          38          37   1.15283093581210     
          39          36  0.989764210466494     
          40          37   1.07836931473151     
          41          40   1.77304460186017     
          42           2  0.916764954073880     
          42          40  0.905461198475036     
          43          42  0.887291052849786     
          44          43   1.88900161938861     
          45          43   1.02053092679740     
          46          45  0.981704644286189     
          47          16  0.978352767909696     
          48          47  0.959271007015394     
          49          48   1.93582959010258     
          50          49  0.964444159646142     
          51          49  0.959423152113234     
          52          51  0.961495646851578     
          53          52   1.00214212277651     
          54          53  0.951617805196060     
          55          54  0.988225035491680     
          56          54  0.974494768478565     
          57          56  0.973294106318311     
          58          57  0.985441751707359     
          59          58  0.945742208248395     
          60          59   1.00747716072458     
          61          59  0.961081353679715     
          62          61  0.999422172358398     
          63          62  0.977775751411997     
          64          63  0.970958229705104     
          65          64  0.977943702295466     
          66          64   1.00015349720947     
          67           3  0.933242246068789     
          68           4  0.929699255513142     
          69           5  0.939758650354894     
          70           8  0.935205848986175     
          71           9  0.939949454923782     
          72          11  0.980012541148756     
          73          11  0.974758965155533     
          74          11  0.976172817484794     
          75          12  0.965670618347438     
          76          12  0.958466472538492     
          77          13  0.958986878549348     
          78          13  0.962688269588869     
          79          22  0.963962687385383     
          80          22  0.965054581769923     
          81          22  0.971962953608951     
          82          25  0.965265217088282     
          83          25  0.962422817953590     
          84          25  0.972073595753716     
          85          28  0.944580171633472     
          86          29  0.943420683348865     
          87          31  0.981441222154782     
          88          31  0.979851581093571     
          89          31  0.978918505094557     
          90          32  0.967376700918169     
          91          32  0.969142121434041     
          92          33  0.983446596833948     
          93          33  0.983347865241469     
          94          33  0.980439523982793     
          95          39  0.977136150497078     
          96          39  0.968822337851319     
          97          39  0.969097344249695     
          98          42  0.927820840080376     
          99          46  0.973595335727675     
         100          46  0.985577808894183     
         101          46  0.986387758451193     
         102          47  0.956481082504224     
         103          47  0.965097060139463     
         104          48  0.936068465356568     
         105          50  0.975556732279873     
         106          50  0.977682233163770     
         107          50  0.978120512791475     
         108          51  0.963133083503609     
         109          51  0.959302118129008     
         110          52  0.970281011341882     
         111          52  0.966001409413282     
         112          53  0.958668446988454     
         113          53  0.968893209329048     
         114          54  0.952229032247023     
         115          55  0.979262669016069     
         116          55  0.977952481476181     
         117          55  0.981814943982753     
         118          56  0.965879938474847     
         119          56  0.960018047094709     
         120          57  0.962060591822963     
         121          57  0.971021829608220     
         122          58  0.971831005875238     
         123          58  0.965321033396518     
         124          59  0.951334298938780     
         125          60  0.980635780107742     
         126          60  0.974202219648878     
         127          60  0.973512934372031     
         128          61  0.961442362922948     
         129          61  0.955417810545110     
         130          62  0.958793766640943     
         131          62  0.965031629242095     
         132          63  0.966789631965008     
         133          63  0.958028947788600     
         134          64  0.955585801291674     
         135          65  0.980906029386160     
         136          65  0.982688492101192     
         137          65  0.983236172702430     
         138          66  0.982024603545554     
         139          66  0.973774601291743     
         140          66  0.977329078750325     
