  0.316111376759103     
 -2.563959465318177E-004
 -3.122636769149967E-002
 -1.565460964846999E-002
 -4.652543069287596E-002
 -0.145355308535308     
  4.638670527762656E-002
 -2.879776753643970E-002
 -2.252845320837604E-002
  3.412354010643792E-002
 -7.460154314985790E-002
 -4.550963049887358E-002
 -7.111554782137208E-002
  0.238631672986809     
 -0.239874984319466     
 -0.183112327964642     
 -0.212210475192539     
  4.120262231949789E-002
  2.518252563870504E-003
 -4.052708135045524E-002
  5.509546434803703E-002
 -7.684689508871223E-002
  0.148322415771965     
 -0.280812206226082     
 -9.852932955835669E-002
 -0.186217542773617     
  4.011348302652396E-002
 -1.500642967345556E-002
 -2.431847733482950E-002
  4.396174260816554E-002
 -8.815275622638463E-002
 -7.633994961690416E-002
 -9.480737432137865E-002
 -0.213341976771716     
  1.114925979470449E-002
 -3.288649519949605E-002
 -4.213525082834479E-002
  1.576531541205028E-002
 -6.428992470811501E-002
  0.143971584010319     
 -0.204435764425301     
 -4.092984887518814E-002
  0.227216666752149     
 -0.248328674616956     
 -0.168548427153199     
  9.630037830408611E-003
  3.697720330192888E-002
 -8.727808513308410E-002
 -3.384949671028714E-002
 -7.134337780270172E-002
 -5.842189596260461E-002
 -5.649250580681198E-002
 -6.124994189390431E-002
 -9.521014799289240E-003
 -0.112606779800475     
 -7.113903394147503E-002
 -8.409442331677575E-002
 -8.694174932350762E-002
 -1.604372902343254E-002
 -9.859721451453041E-002
 -6.733781961273522E-002
 -4.895168287563045E-002
 -8.022477770164294E-002
 -8.113235035825284E-003
 -0.111633121566099     
 -8.793877398975436E-002
  5.212657978910018E-002
  5.178020928144134E-002
  6.476476444915102E-002
  4.327849430791764E-002
  5.106666759625966E-002
  4.085988956380204E-002
  4.414788813392934E-002
  4.023186633226716E-002
  4.454228445517661E-002
  4.625806122078591E-002
  4.126389873060732E-002
  4.871653896562000E-002
  5.259894828324208E-002
  4.602676483982948E-002
  4.893646005832086E-002
  4.075375051975338E-002
  4.221958123126235E-002
  4.271164276742978E-002
  5.373677760936624E-002
  5.160289495485304E-002
  4.190867401401233E-002
  3.005647973405878E-002
  4.028681833138237E-002
  4.224157407431683E-002
  2.974999136893752E-002
  3.772449566969038E-002
  2.951588124054849E-002
  3.925577357051213E-002
  4.864350433160203E-002
  5.444413028408646E-002
  4.595722662887047E-002
  6.345108827020873E-002
  4.475260229081379E-002
  4.634630493169667E-002
  5.144708933190201E-002
  4.687081412723992E-002
  5.634907394446187E-002
  3.257586519050526E-002
  4.227382516743328E-002
  4.784699332622777E-002
  4.505789323034981E-002
  3.775123466167618E-002
  3.498397351811677E-002
  3.145369685621302E-002
  2.820543216810734E-002
  4.281255487761104E-002
  3.058050905847398E-002
  3.727636445209614E-002
  3.085172224433930E-002
  2.468120463011092E-002
  2.947942930792935E-002
  3.949169904144278E-002
  3.495708798502206E-002
  3.105342627017316E-002
  3.450592416095610E-002
  2.532421559978359E-002
  3.619589721330596E-002
  3.504792806191526E-002
  2.987365341963966E-002
  4.258463950391111E-002
  3.786671705645517E-002
  2.745140019771330E-002
  3.544501497051200E-002
  3.235672449224958E-002
  3.786981864871364E-002
  2.437685038571236E-002
  3.158173858307523E-002
  3.282746412885351E-002
  3.698780636164301E-002
  2.448018416180275E-002
  2.689760214493120E-002
  3.966566265161464E-002
  2.881738399870315E-002
  3.570953993394199E-002
