 excitation energies, transition moments and TDA amplitudes
 state    eV      nm       fL        Rv(corr)
    1    2.199   563.7     0.5476     0.5892    -0.83( 142-> 143)  0.40( 141-> 145)  0.24( 141-> 143)
    2    2.319   534.7     0.2231    -8.2338    -0.82( 141-> 143) -0.42( 142-> 145) -0.23( 142-> 143)
    3    3.203   387.1     0.0038    23.5532    -0.87( 140-> 143) -0.28( 138-> 143) -0.16( 142-> 145)
    4    3.580   346.3     0.0696     3.2156    -0.51( 142-> 144)  0.49( 141-> 144) -0.36( 142-> 145)
    5    3.689   336.1     0.0438   -11.3815    -0.61( 137-> 143) -0.36( 141-> 144) -0.34( 142-> 145)
    6    3.734   332.0     0.1122    -1.2442     0.65( 142-> 144) -0.40( 142-> 145)  0.27( 142-> 146)
    7    3.787   327.4     0.0044    -2.7994    -0.66( 138-> 143)  0.42( 135-> 143)  0.32( 137-> 143)
    8    3.943   314.4     0.1686    19.2704    -0.56( 141-> 144) -0.37( 142-> 144)  0.36( 138-> 143)
    9    4.059   305.5     1.1112   -48.6804     0.52( 141-> 145) -0.40( 142-> 146) -0.39( 141-> 147)
