           6           1  0.341691313868918     
           7           2   1.35612829814990     
           7           6   1.32043394172936     
           8           7  0.918790921167120     
           9           8  0.948815297563578     
          10           3   1.45802487496370     
          10           6   1.22189190151695     
          10           9  0.917424233239369     
          11           9  0.971679001518845     
          12           8  0.954101989475601     
          13          12  0.968749642476995     
          14          13  0.929985558947866     
          15          14   1.89223448221272     
          16          14   1.01114408951153     
          17           1  0.503566361536294     
          18           3   1.20664315891789     
          18          17   1.15498998057649     
          19          18   1.25748166359239     
          20          19   1.37285217040315     
          21           4   1.25381993985214     
          21          17   1.22101594461766     
          21          20   1.11036293661037     
          22          19  0.990866730483572     
          23          20   1.06878449126755     
          24          23   1.76602359677448     
          25          23  0.969113983354493     
          26           1  0.432050698428114     
          27           4   1.43471281031025     
          27          26   1.19434686770273     
          28          27  0.933977583114630     
          29          28  0.940995804217694     
          30           5   1.39284154828300     
          30          26   1.25839418757384     
          30          29  0.954141500882674     
          31          28  0.972844426520407     
          32          29  0.932752423143859     
          33          32  0.988147121960310     
          34           1  0.518747181667880     
          35           5   1.28977349179007     
          35          34   1.13481034497124     
          36          35   1.17662974725249     
          37          36   1.40627525351888     
          38           2   1.22383685467411     
          38          34   1.21361244733401     
          38          37   1.13775557201636     
          39          36  0.968235377166868     
          40          37   1.05980448029491     
          41          40   1.83884349788522     
          42           2  0.935933222863727     
          42          40  0.842722847350362     
          43          42  0.908937026383623     
          44          43   1.86128817548017     
          45          43   1.04646288004614     
          46          45  0.977847026617220     
          47          16  0.969169341331274     
          48          47  0.986890451118533     
          49          48   1.88278988496865     
          50          49   1.03094302668374     
          51          49  0.933420641541957     
          52          51  0.998493155814490     
          53          52  0.972003281938865     
          54          53  0.983756200175042     
          55          54  0.977702503028482     
          56          54  0.974066673976617     
          57          56  0.968162707315324     
          58          57  0.972141748744011     
          59          58  0.962804029149270     
          60          59  0.994487244188898     
          61          59  0.980445092850173     
          62          61  0.981275082113971     
          63          62  0.988832268097170     
          64          63  0.962652696659034     
          65          64  0.985042035389825     
          66          64   1.00107355248390     
          67           3  0.941605434023420     
          68           4  0.931964523068066     
          69           5  0.936617059288534     
          70           8  0.944522186690375     
          71           9  0.948008404229192     
          72          11  0.977533005661656     
          73          11  0.978225398554350     
          74          11  0.980090126331332     
          75          12  0.964064299719941     
          76          12  0.963149246529679     
          77          13  0.966482808226217     
          78          13  0.940931273158643     
          79          22  0.964496528890104     
          80          22  0.968132936822887     
          81          22  0.972388862006737     
          82          25  0.961155600717136     
          83          25  0.956131977908627     
          84          25  0.971682240010424     
          85          28  0.938832914294521     
          86          29  0.940696901588032     
          87          31  0.975573968366198     
          88          31  0.978798445051761     
          89          31  0.981253108020252     
          90          32  0.959508487018528     
          91          32  0.968372120406979     
          92          33  0.981265171983104     
          93          33  0.986242628116402     
          94          33  0.983258785065226     
          95          39  0.980599852851147     
          96          39  0.970630944650620     
          97          39  0.973624497091681     
          98          42  0.928746581023795     
          99          46  0.984319239054373     
         100          46  0.989848149488205     
         101          46  0.979978020235625     
         102          47  0.960716404095374     
         103          47  0.954555373571730     
         104          48  0.946257859758727     
         105          50  0.972512211041465     
         106          50  0.955455721215633     
         107          50  0.959542100607087     
         108          51  0.956810912041325     
         109          51  0.962196838352616     
         110          52  0.962398615868701     
         111          52  0.965708131764375     
         112          53  0.960706422753102     
         113          53  0.958708320234004     
         114          54  0.951058286244200     
         115          55  0.980104436670282     
         116          55  0.981220375936996     
         117          55  0.977465588110309     
         118          56  0.960534493453715     
         119          56  0.961163542234848     
         120          57  0.968892860420840     
         121          57  0.971912897531039     
         122          58  0.969818485506505     
         123          58  0.962977341359509     
         124          59  0.947124230030589     
         125          60  0.980594334406855     
         126          60  0.972653415424253     
         127          60  0.975393014598374     
         128          61  0.962479267656425     
         129          61  0.955049696874411     
         130          62  0.964907834880825     
         131          62  0.969656071588727     
         132          63  0.965774344829971     
         133          63  0.960608344251869     
         134          64  0.955657178007710     
         135          65  0.976675195307887     
         136          65  0.981246589727820     
         137          65  0.980099207730220     
         138          66  0.975293533836740     
         139          66  0.980161054200113     
         140          66  0.975551371652118     
