  0.355233895736693     
 -9.165088799001353E-005
 -1.459712903158916E-002
 -3.328162828334147E-002
 -6.284690288208683E-002
 -0.157254451956025     
  3.240744375683358E-002
 -3.651248236726889E-002
 -1.007636005499091E-002
  5.352947565576116E-002
 -8.246014574482441E-002
 -7.332606404168729E-002
 -4.024474136428235E-002
  0.208316205992063     
 -0.273254004327889     
 -0.163427378368308     
 -0.195351094571292     
  4.852744803436382E-002
  1.138039247793499E-002
 -5.070597919476150E-002
  1.928260263524484E-002
 -8.384667207018826E-002
  0.126277565034332     
 -0.256521478901583     
 -8.228607533948473E-002
 -0.183005320460333     
  1.945300179947385E-002
 -5.058697549539914E-003
 -3.243003017992674E-002
  6.010179967389551E-002
 -8.961431359662697E-002
 -6.791053839938321E-002
 -8.859820009661856E-002
 -0.219024701183936     
  3.879644408346117E-002
 -2.708015998553037E-002
 -5.699143121634975E-002
 -6.741553287854529E-004
 -5.972382632084994E-002
  0.195325411075530     
 -0.222975291708105     
 -1.495213309292520E-002
  0.222895249569806     
 -0.280712150496545     
 -0.168886237689433     
  9.057071410235817E-003
  3.485064762178292E-002
 -6.941607493487734E-002
 -2.954337741651347E-002
 -9.856197921099330E-002
 -5.914738476901160E-002
 -6.603804847112382E-002
 -8.953283574514881E-002
 -2.743141010331307E-002
 -0.111200963091631     
 -5.466078097448790E-002
 -5.497092272838788E-002
 -8.584244019261167E-002
 -2.218447913985866E-002
 -0.122391302769372     
 -7.947540248392215E-002
 -4.746113932895923E-002
 -5.831200310387175E-002
 -2.303220402223616E-002
 -0.105840766103516     
 -0.112710462770919     
  5.003602050374034E-002
  5.870004073424806E-002
  4.331695520287215E-002
  4.997141795596782E-002
  4.904096021140847E-002
  4.015418519103109E-002
  4.013460123592727E-002
  4.002270693389032E-002
  3.650952160687782E-002
  3.235346521899940E-002
  5.414870236960834E-002
  4.322231986006009E-002
  4.016625888446135E-002
  4.646098024530854E-002
  5.481102356944945E-002
  4.357948837804737E-002
  4.723810863263289E-002
  5.141062995005752E-002
  5.460354086893249E-002
  3.833528210032922E-002
  4.013658035768231E-002
  3.737996969778157E-002
  3.423427519419064E-002
  3.333840617331441E-002
  2.764048199942137E-002
  3.267194587407518E-002
  4.010756365483359E-002
  3.370277289931112E-002
  5.861862483390257E-002
  5.573699830728296E-002
  4.693409052167918E-002
  5.673552230166956E-002
  5.482233925489832E-002
  4.784603955389499E-002
  4.688653021532219E-002
  4.714971899867870E-002
  7.234826948602258E-002
  4.248014547242895E-002
  4.291336137472046E-002
  3.609178062197460E-002
  4.112109773626160E-002
  4.495347218090540E-002
  4.526982602698371E-002
  3.441082484364300E-002
  3.757059690126596E-002
  3.433132367381364E-002
  4.066003461469636E-002
  4.177883840388186E-002
  3.597979583327104E-002
  3.409055708245634E-002
  1.952555048903992E-002
  4.348158074615927E-002
  4.250688387365353E-002
  3.804182912446230E-002
  4.493558155974620E-002
  3.754315297434829E-002
  3.015488035129243E-002
  3.830328175891440E-002
  2.375705506601755E-002
  3.478406229857955E-002
  2.783522211504308E-002
  2.801069280143875E-002
  3.647684854731892E-002
  3.855882424093948E-002
  4.299330123161005E-002
  3.257519512010632E-002
  4.144996455685290E-002
  3.229051148998163E-002
  3.104881543180105E-002
  2.816216323014942E-002
  3.571778502770562E-002
  2.947955287433413E-002
  3.240940741768106E-002
  3.384061342455325E-002
