 excitation energies, transition moments and TDA amplitudes
 state    eV      nm       fL        Rv(corr)
    1    2.208   561.5     0.1193    -2.0154     0.87( 141-> 143) -0.27( 142-> 146) -0.21( 142-> 144)
    2    2.277   544.6     0.6578    -1.9177    -0.87( 142-> 143) -0.30( 141-> 146) -0.23( 141-> 144)
    3    2.767   448.1     0.0074    16.3080    -0.58( 142-> 146)  0.57( 142-> 145)  0.54( 142-> 144)
    4    2.930   423.1     0.0061    -5.4038    -0.64( 141-> 146)  0.53( 141-> 145)  0.51( 141-> 144)
    5    3.390   365.8     0.0024    -0.8373     0.59( 140-> 143) -0.49( 138-> 143) -0.31( 142-> 146)
    6    3.602   344.2     0.0425    -4.9582    -0.71( 140-> 143) -0.39( 138-> 143) -0.30( 137-> 143)
    7    3.702   334.9     0.1255   -11.0803    -0.67( 142-> 144)  0.57( 142-> 145) -0.19( 140-> 143)
    8    3.767   329.1     0.0582    -6.3576     0.62( 141-> 145) -0.50( 141-> 144)  0.29( 138-> 143)
    9    4.047   306.4     0.2930     0.8471    -0.46( 142-> 146)  0.40( 137-> 143) -0.40( 141-> 147)
