           6           1  0.325289666316689     
           7           2   1.33330269597256     
           7           6   1.32938700571236     
           8           7  0.916970653804571     
           9           8  0.939336882867341     
          10           3   1.49501952855433     
          10           6   1.22448365230084     
          10           9  0.911882492701724     
          11           9  0.988528363424326     
          12           8  0.944714316399576     
          13          12  0.967969567306618     
          14          13  0.971684541830868     
          15          14   1.80444171469212     
          16          14   1.06788351975012     
          17           1  0.550395472389384     
          18           3   1.18683191221759     
          18          17   1.16173990182916     
          19          18   1.24643011766803     
          20          19   1.37003079179049     
          21           4   1.27721303676306     
          21          17   1.17596383973929     
          21          20   1.13438622676333     
          22          19  0.977575989173280     
          23          20   1.01215774393477     
          24          23   1.79627208827404     
          25          23  0.981124632949753     
          26           1  0.387686925026510     
          27           4   1.44468988276430     
          27          26   1.18436687328149     
          28          27  0.933446855389493     
          29          28  0.981070569763295     
          30           5   1.41212693297813     
          30          26   1.30780815235453     
          30          29  0.917482430928417     
          31          28  0.966511596478566     
          32          29  0.922508748813364     
          33          32   1.00316518527129     
          34           1  0.481856018891540     
          35           5   1.24004338391926     
          35          34   1.24530885036316     
          36          35   1.14007844030186     
          37          36   1.44665016270953     
          38           2   1.29195259781279     
          38          34   1.16690968846184     
          38          37   1.08762479105712     
          39          36  0.972140449135493     
          40          37   1.05979808292737     
          41          40   1.83426523824610     
          42           2  0.909665342429110     
          42          40  0.873637515694957     
          43          42  0.977318964969798     
          44          43   1.79521546146154     
          45          43   1.05144634524946     
          46          45  0.976083382767345     
          47          16  0.950443454369488     
          48          47  0.984161627661495     
          49          48   1.88098073201765     
          50          49  0.965670291839404     
          51          49  0.999876516510420     
          52          51  0.939268156814634     
          53          52  0.990326444879949     
          54          53  0.966235976999650     
          55          54  0.991530705778947     
          56          54  0.958800634357540     
          57          56   1.00599812439030     
          58          57  0.965087338642016     
          59          58  0.986138709101670     
          60          59  0.975325147198531     
          61          59  0.965862379437646     
          62          61  0.984351923586159     
          63          62  0.999556300549658     
          64          63  0.974922213515351     
          65          64  0.999442677840165     
          66          64  0.966380740264494     
          67           3  0.940180615877474     
          68           4  0.927644950833042     
          69           5  0.945123239541603     
          70           8  0.935889863474018     
          71           9  0.946025245747365     
          72          11  0.968727275320975     
          73          11  0.974412054423990     
          74          11  0.976829287831098     
          75          12  0.961534360519522     
          76          12  0.962212617074792     
          77          13  0.943206078969609     
          78          13  0.960818823779068     
          79          22  0.969005544382291     
          80          22  0.969892507130974     
          81          22  0.975887534103389     
          82          25  0.960289784455305     
          83          25  0.968471597204907     
          84          25  0.954581423838508     
          85          28  0.935834675674750     
          86          29  0.943551608293363     
          87          31  0.974237840663036     
          88          31  0.977564451177827     
          89          31  0.976965837031766     
          90          32  0.972351854289578     
          91          32  0.973003829829613     
          92          33  0.981009084722350     
          93          33  0.982443026243548     
          94          33  0.985218823888758     
          95          39  0.967195308218272     
          96          39  0.977745731540309     
          97          39  0.977271415539701     
          98          42  0.923735044221900     
          99          46  0.988001319901026     
         100          46  0.982643532999740     
         101          46  0.985337771097458     
         102          47  0.968981351352901     
         103          47  0.950216563594600     
         104          48  0.941718841627598     
         105          50  0.978976277896010     
         106          50  0.977676426996805     
         107          50  0.974669078843450     
         108          51  0.955911902398491     
         109          51  0.961236985425542     
         110          52  0.968720418240141     
         111          52  0.965604867383902     
         112          53  0.954287572425944     
         113          53  0.952450928955219     
         114          54  0.948509103122209     
         115          55  0.974289367187309     
         116          55  0.974673275624173     
         117          55  0.984883503410378     
         118          56  0.953827148562224     
         119          56  0.960435709635338     
         120          57  0.965689424783471     
         121          57  0.961147246403894     
         122          58  0.955259667141238     
         123          58  0.962762957638009     
         124          59  0.951641468317997     
         125          60  0.980445163324615     
         126          60  0.973880987565468     
         127          60  0.979456434574164     
         128          61  0.965901463820892     
         129          61  0.953385719543818     
         130          62  0.961348713949892     
         131          62  0.966320049538495     
         132          63  0.964553249192420     
         133          63  0.949884474340869     
         134          64  0.956681552170794     
         135          65  0.973478908598868     
         136          65  0.980317528010832     
         137          65  0.977044406964841     
         138          66  0.983465713293093     
         139          66  0.978892910259397     
         140          66  0.983689986562664     
