  0.300717128449477     
  9.476405660504117E-003
 -4.155972603260771E-002
 -1.660878245334452E-002
 -1.320418985114280E-002
 -0.156512156396497     
  3.739784624538123E-002
 -4.991384568957535E-003
 -3.565991414220537E-002
  4.098429699699091E-002
 -0.110757735640121     
 -4.531683370062822E-002
 -5.856344288644877E-002
  0.208141687344412     
 -0.254447403076710     
 -0.166175015375242     
 -0.214993635481703     
  1.928479457310051E-002
 -3.045795164548615E-002
 -7.256048234233692E-002
 -4.797923391604897E-003
 -7.766796892334682E-002
  0.166976043531053     
 -0.232098665070700     
 -8.021573646589975E-002
 -0.150263353480513     
  1.946355009183964E-002
 -9.947299202804238E-003
 -4.577125930516601E-002
  4.654669551063284E-002
 -8.223506091580468E-002
 -5.858695134196523E-002
 -0.105629923391760     
 -0.202775286440994     
  3.699982825977388E-002
  3.595643879410071E-002
 -5.535731724587745E-002
  2.456801472832870E-002
 -6.781373939251534E-002
  0.143636695454906     
 -0.250595532943016     
 -5.453612509807737E-002
  0.231280335966964     
 -0.247737576467305     
 -0.139996792380503     
  8.734905966151008E-003
  4.672951005964610E-002
 -7.076540128132258E-002
 -1.725015512764916E-002
 -8.890582399174463E-002
 -7.621802944279477E-002
 -4.429466328712550E-002
 -5.972345838609794E-002
 -2.198194296366296E-002
 -0.124241237842940     
 -6.729406433260365E-002
 -6.537183231479204E-002
 -7.015318731943410E-002
 -2.657884555127321E-002
 -9.452572705926254E-002
 -7.033550300441060E-002
 -5.226783866919149E-002
 -6.152887115267625E-002
 -4.050795314060895E-002
 -0.110438655139694     
 -9.993828741310029E-002
  5.675183093694136E-002
  7.373760432989129E-002
  5.611612962180967E-002
  6.106867993424359E-002
  4.644854857898428E-002
  3.459973729570309E-002
  4.071216559423141E-002
  3.044798648751301E-002
  3.277899376466609E-002
  5.067873339087492E-002
  3.859985710760150E-002
  5.005083360687357E-002
  5.129270992430968E-002
  4.280157600607692E-002
  4.423967288278108E-002
  5.600801141994827E-002
  4.988276438322703E-002
  5.485994078969780E-002
  4.870823858238327E-002
  3.935768479008417E-002
  4.201400665883959E-002
  3.223150139231723E-002
  3.993373700000935E-002
  3.459904745855946E-002
  3.342810116243555E-002
  2.398400447306048E-002
  4.115562523615057E-002
  3.110867108063453E-002
  5.708793213642938E-002
  4.823210559595081E-002
  5.496632270208990E-002
  5.745464214197338E-002
  4.867838561140203E-002
  5.121824430089683E-002
  3.778196900078157E-002
  5.249611927719267E-002
  5.336845683721558E-002
  3.997635398921617E-002
  4.544994738817554E-002
  4.595629776642607E-002
  3.654702851719960E-002
  3.999326334253550E-002
  3.478060401057081E-002
  4.189695356201384E-002
  2.813506084848272E-002
  3.914395706664020E-002
  3.543583129250216E-002
  4.615164169929464E-002
  2.935921879915193E-002
  2.650090469600130E-002
  2.461499250331578E-002
  3.075042688599638E-002
  4.017147034004431E-002
  2.866893499155576E-002
  2.724039442878479E-002
  3.585036603500691E-002
  2.924329947627602E-002
  3.182191895153863E-002
  3.498800694091597E-002
  3.609655728771510E-002
  2.798218671987385E-002
  3.707621534358030E-002
  3.345526507987084E-002
  4.006906250950704E-002
  3.029633818007127E-002
  3.959332889871925E-002
  3.523871169378434E-002
  1.988848724051795E-002
  4.189473524064458E-002
  4.202151482345151E-002
  2.004315669798162E-002
  2.802536687300505E-002
  3.224729701647833E-002
  3.777679620781205E-002
