 excitation energies, transition moments and TDA amplitudes
 state    eV      nm       fL        Rv(corr)
    1    2.367   523.8     0.7157    -1.4087     0.88( 142-> 143)  0.32( 141-> 145) -0.24( 141-> 144)
    2    2.437   508.8     0.1021     8.6907     0.83( 141-> 143) -0.37( 142-> 145)  0.31( 142-> 144)
    3    3.322   373.2     0.0009     0.5549    -0.92( 140-> 143) -0.20( 139-> 143) -0.12( 138-> 143)
    4    3.690   336.0     0.2098    23.8958    -0.69( 142-> 144) -0.62( 142-> 145) -0.18( 142-> 146)
    5    3.770   328.8     0.0773    -3.5905    -0.46( 139-> 143) -0.42( 138-> 143) -0.42( 142-> 145)
    6    3.995   310.3     0.0919     2.1088    -0.57( 136-> 143) -0.54( 138-> 143) -0.25( 141-> 144)
    7    4.025   308.1     0.0572    31.2104    -0.58( 139-> 143) -0.46( 141-> 145) -0.40( 141-> 144)
    8    4.109   301.8     0.0374     4.0508    -0.94( 142-> 147)  0.22( 142-> 146) -0.12( 139-> 143)
    9    4.196   295.5     0.1214     4.8064     0.52( 135-> 143)  0.33( 134-> 143) -0.25( 134-> 145)
