           6           1  0.365365736924250     
           7           2   1.44552572834256     
           7           6   1.19054006313611     
           8           7  0.960881177682638     
           9           8  0.934021803137674     
          10           3   1.40936542159795     
          10           6   1.27435939298947     
          10           9  0.951421709512295     
          11           9  0.932581184471163     
          12           8  0.977752760391729     
          13          12  0.941733703771048     
          14          13  0.930537651296038     
          15          14   1.85022895679705     
          16          14   1.06333385061921     
          17           1  0.531979303995775     
          18           3   1.26946363838945     
          18          17   1.22435735774118     
          19          18   1.10576874720495     
          20          19   1.55687418346942     
          21           4   1.33537906816486     
          21          17   1.14076665166362     
          21          20   1.03551708500049     
          22          19  0.991370938372341     
          23          20  0.933395307533178     
          24          23   1.87931142617240     
          25          23  0.967300077776085     
          26           1  0.426425838813010     
          27           4   1.41077696386668     
          27          26   1.24057948617748     
          28          27  0.935396075650230     
          29          28  0.931270442749351     
          30           5   1.44039657227377     
          30          26   1.21522264445864     
          30          29  0.917574902551518     
          31          28  0.994731866059737     
          32          29  0.974597866475576     
          33          32  0.995508209843137     
          34           1  0.508330560787559     
          35           5   1.27585515811321     
          35          34   1.17161797128269     
          36          35   1.16232689708839     
          37          36   1.31702221198523     
          38           2   1.20750351105820     
          38          34   1.18041453086917     
          38          37   1.19229695684694     
          39          36   1.05743779154747     
          40          37   1.09859209660255     
          41          40   1.79989442219961     
          42           2  0.938416909170370     
          42          40  0.841246043902580     
          43          42  0.921492863494865     
          44          43   1.83505950129017     
          45          43   1.06345466860282     
          46          45  0.981835114642033     
          47          16  0.957491979776666     
          48          47  0.991719318354354     
          49          48   1.91518026005824     
          50          49  0.971717281223959     
          51          49  0.968575681721163     
          52          51  0.962008415980917     
          53          52   1.00834450470139     
          54          53  0.948584171609689     
          55          54  0.990379485472903     
          56          54  0.957863575685022     
          57          56  0.989731304650507     
          58          57  0.983099098027285     
          59          58  0.961378654292122     
          60          59  0.997575474975703     
          61          59  0.961377045907053     
          62          61  0.976400775768649     
          63          62  0.998841315291999     
          64          63  0.961527517224474     
          65          64  0.981450776436298     
          66          64  0.989454015153983     
          67           3  0.938598725724693     
          68           4  0.923715494769139     
          69           5  0.932550475159523     
          70           8  0.928016200929781     
          71           9  0.945070538066108     
          72          11  0.983110951238504     
          73          11  0.977611906576498     
          74          11  0.984026318582458     
          75          12  0.963889933459653     
          76          12  0.950315878466554     
          77          13  0.973649380233548     
          78          13  0.957800188574674     
          79          22  0.970882800866564     
          80          22  0.972121265902756     
          81          22  0.963804169346496     
          82          25  0.959890704444130     
          83          25  0.957099914786191     
          84          25  0.969871881208818     
          85          28  0.936727326038178     
          86          29  0.937292384788843     
          87          31  0.972767891913217     
          88          31  0.976912220233080     
          89          31  0.971932835929270     
          90          32  0.966029191135849     
          91          32  0.965740678915595     
          92          33  0.985186000138386     
          93          33  0.981474919218350     
          94          33  0.979107076126407     
          95          39  0.946410804477576     
          96          39  0.967157693606203     
          97          39  0.935982745700983     
          98          42  0.926577924094190     
          99          46  0.986195204588419     
         100          46  0.977210791074283     
         101          46  0.985806394090786     
         102          47  0.955692691838376     
         103          47  0.956426743353621     
         104          48  0.929092183966777     
         105          50  0.973428845006028     
         106          50  0.973367809419032     
         107          50  0.977491195031596     
         108          51  0.953647736875545     
         109          51  0.954801631294110     
         110          52  0.969820179035823     
         111          52  0.967494760216449     
         112          53  0.960025476553775     
         113          53  0.964198686012687     
         114          54  0.950574752550787     
         115          55  0.973125496069615     
         116          55  0.975521875538846     
         117          55  0.978033035756089     
         118          56  0.965347210651236     
         119          56  0.957295434451836     
         120          57  0.962133461968188     
         121          57  0.968978313883780     
         122          58  0.963314351160091     
         123          58  0.962077621715511     
         124          59  0.951615977861313     
         125          60  0.973774573267588     
         126          60  0.977273684458074     
         127          60  0.978922786644899     
         128          61  0.964834434514327     
         129          61  0.964063111834870     
         130          62  0.960081494747306     
         131          62  0.970149482074626     
         132          63  0.966420174106610     
         133          63  0.961758513471433     
         134          64  0.960149520246399     
         135          65  0.980147844486226     
         136          65  0.976223040600033     
         137          65  0.983311053020792     
         138          66  0.981825829543202     
         139          66  0.979396783348379     
         140          66  0.976369445682307     
