  0.301901499349795     
 -9.628544129505201E-003
 -2.829436908585858E-002
 -3.346561615801846E-002
 -3.037446177080216E-002
 -0.146117673940467     
  1.803469834513738E-002
 -7.731815390158658E-003
 -1.703769578076653E-002
  2.916767691183697E-002
 -9.606741713694422E-002
 -6.401335744205827E-002
 -5.186884129315228E-002
  0.237000739812548     
 -0.301654648444734     
 -0.153461615413942     
 -0.209918240396783     
  3.596059809569896E-002
 -1.305388614412095E-002
 -6.645479803079368E-002
  1.422044414093904E-002
 -6.376949099564300E-002
  0.100780447136863     
 -0.230509517289669     
 -7.706342373763775E-002
 -0.160232046034578     
  3.505199265883929E-002
 -1.208878919316092E-002
 -2.758195908816408E-002
  3.395245455633056E-002
 -9.325742877999055E-002
 -5.658784865826849E-002
 -9.151696510357432E-002
 -0.208440544225908     
  1.412879649938237E-002
  2.952563475375758E-003
 -5.313825796217664E-002
  4.626294640728323E-002
 -5.595411429818942E-002
  0.127552166965090     
 -0.230357473160593     
 -4.529066295869111E-002
  0.227071228169827     
 -0.249678350284987     
 -0.137659684319510     
  1.312648752704959E-002
  3.514267084524691E-002
 -8.083647432646934E-002
 -1.230607550547447E-002
 -9.718227269042590E-002
 -4.053411421575959E-002
 -5.854250279308992E-002
 -7.308533220414137E-002
 -2.575493398113782E-002
 -0.117593428380355     
 -7.263426919219107E-002
 -7.639886181445377E-002
 -6.468743025081736E-002
 -2.758446418535510E-002
 -0.109488479070317     
 -6.250557355800268E-002
 -6.579952282975032E-002
 -9.525068977082185E-002
 -3.368490238649624E-002
 -0.104130866741666     
 -0.116435394882393     
  6.139791993228261E-002
  5.984124419630377E-002
  4.876639717077313E-002
  5.195963320075936E-002
  4.104293742286036E-002
  3.940296411214339E-002
  3.049025321985510E-002
  3.683944823440555E-002
  3.669144073289021E-002
  3.873523183941396E-002
  5.365961895613069E-002
  3.861602019124699E-002
  5.837724935649935E-002
  6.006315651823479E-002
  4.411409330575167E-002
  5.987450344734524E-002
  4.777363386854261E-002
  5.265792350925891E-002
  5.121415128228324E-002
  5.252866886066776E-002
  3.954628065119781E-002
  3.601425789288060E-002
  3.541836216058403E-002
  3.452175166174698E-002
  3.676070719332603E-002
  3.657375128507523E-002
  2.663053138704052E-002
  3.395384607511298E-002
  4.912622732074334E-002
  6.559212536180858E-002
  4.872574928288087E-002
  5.510963521581569E-002
  5.187265747294767E-002
  5.108312783185809E-002
  4.429113554819941E-002
  4.920306006319630E-002
  6.382289826256105E-002
  2.946524751791779E-002
  4.975278756210522E-002
  4.561120526634732E-002
  3.835283328875949E-002
  5.164634608029572E-002
  4.384037260428519E-002
  3.426863275346337E-002
  3.170526849226840E-002
  3.326077807430305E-002
  3.233449615512807E-002
  4.333426398949525E-002
  3.006128331845614E-002
  3.152771076676153E-002
  3.417112422681134E-002
  3.732525313862023E-002
  3.628743094582054E-002
  3.402633796437349E-002
  2.259615913117996E-002
  4.294257201565499E-002
  3.844164864429445E-002
  4.265617071321570E-002
  3.417703257310956E-002
  3.040307039536816E-002
  3.753428156515271E-002
  4.578936937322564E-002
  3.361243618031828E-002
  3.797500392513198E-002
  4.141170190674504E-002
  4.006259385053268E-002
  2.811648321982219E-002
  4.556679397384056E-002
  3.170945623117405E-002
  3.455922914201215E-002
  3.325601997192318E-002
  3.248593863044602E-002
  3.503601579255466E-002
  3.680177112517036E-002
