 excitation energies, transition moments and TDA amplitudes
 state    eV      nm       fL        Rv(corr)
    1    2.143   578.6     0.6207     6.4967     0.84( 144-> 145)  0.35( 143-> 147) -0.29( 143-> 145)
    2    2.311   536.4     0.2348     3.2398     0.80( 143-> 145) -0.37( 144-> 147)  0.28( 144-> 145)
    3    3.255   380.9     0.0075    25.7131    -0.93( 142-> 145)  0.21( 139-> 145)  0.13( 143-> 146)
    4    3.580   346.3     0.0194     6.8773    -0.62( 144-> 147)  0.60( 140-> 145)  0.24( 139-> 145)
    5    3.601   344.3     0.0301   -11.7132    -0.69( 144-> 146) -0.57( 144-> 148)  0.31( 140-> 145)
    6    3.696   335.5     0.0160    19.0208    -0.67( 144-> 148)  0.41( 144-> 146)  0.29( 144-> 149)
    7    3.900   317.9     0.1284   -16.8217    -0.45( 140-> 145) -0.40( 143-> 146) -0.39( 144-> 146)
    8    3.977   311.7     0.3591   -27.4110     0.49( 143-> 147) -0.42( 144-> 149) -0.40( 139-> 145)
    9    4.054   305.8     0.2850     2.1186    -0.60( 139-> 145)  0.41( 143-> 148)  0.31( 143-> 146)
