           6           1  0.436698711521113     
           7           2   1.46588748549238     
           7           6   1.17443264512367     
           8           7  0.935325055450791     
           9           8  0.954257186754497     
          10           3   1.39620164643958     
          10           6   1.24919396128207     
          10           9  0.934241423715705     
          11           9  0.965807215789029     
          12           8  0.951049102025584     
          13          12  0.959746998362686     
          14          13  0.959519491365826     
          15          14   1.77930860633898     
          16          14   1.12207693505603     
          17           1  0.478458108641897     
          18           3   1.27717479974433     
          18          17   1.18681207495559     
          19          18   1.16733756505401     
          20          19   1.47420298250877     
          21           4   1.34048675255753     
          21          17   1.18266900090302     
          21          20   1.06180375713574     
          22          19  0.976345211558224     
          23          20  0.969862349197429     
          24          23   1.85740450104239     
          25          23  0.931445131346135     
          26           1  0.376452926492118     
          27           4   1.37405440878613     
          27          26   1.28227128361798     
          28          27  0.946522448759574     
          29          28  0.963083609027071     
          30           5   1.43734304140163     
          30          26   1.21361826870054     
          30          29  0.937501910770540     
          31          28  0.959057213725398     
          32          29  0.928323663773860     
          33          32   1.00628138905316     
          34           1  0.530739969505430     
          35           5   1.27369939416632     
          35          34   1.08271627099701     
          36          35   1.19343683837603     
          37          36   1.37632929636165     
          38           2   1.14470254993222     
          38          34   1.29499511449493     
          38          37   1.15921372769865     
          39          36   1.00322796742868     
          40          37   1.05532800622696     
          41          40   1.81777762747210     
          42           2  0.935983744351131     
          42          40  0.861723265329197     
          43          42  0.902690135877839     
          44          43   1.82440058994403     
          45          43   1.09531966396218     
          46          45  0.971792372951858     
          47          16  0.935112093613276     
          48          47  0.990572551257761     
          49          48   1.86929581432031     
          50          49  0.971788311877720     
          51          49  0.975393740355867     
          52          51  0.973145622943096     
          53          52  0.986747010398149     
          54          53  0.960858855501555     
          55          54  0.966457070645022     
          56          54  0.981261683730782     
          57          56  0.969161071242144     
          58          57  0.987453731781919     
          59          58  0.982053517231604     
          60          59  0.973129512484123     
          61          59  0.955237702330903     
          62          61  0.997262012921548     
          63          62  0.978393789655858     
          64          63  0.948431183837399     
          65          64  0.996837185026384     
          66          64  0.982822815556526     
          67           3  0.933663632151671     
          68           4  0.933420170812195     
          69           5  0.935569207488795     
          70           8  0.937985265982265     
          71           9  0.940496283757923     
          72          11  0.975191313963409     
          73          11  0.979804186988339     
          74          11  0.978593578746015     
          75          12  0.960293349073078     
          76          12  0.959763567727901     
          77          13  0.946231417201501     
          78          13  0.962026365886239     
          79          22  0.970190881897623     
          80          22  0.969060510243053     
          81          22  0.974179827747447     
          82          25  0.964647790978666     
          83          25  0.976440713590529     
          84          25  0.974048602138716     
          85          28  0.937663698709169     
          86          29  0.937785314653070     
          87          31  0.978164852231631     
          88          31  0.981911086367835     
          89          31  0.978950387745188     
          90          32  0.968073150328768     
          91          32  0.966034283939914     
          92          33  0.978930535807247     
          93          33  0.981937820501215     
          94          33  0.985427084524110     
          95          39  0.974604042407788     
          96          39  0.965411610029908     
          97          39  0.959960471586079     
          98          42  0.933477686939299     
          99          46  0.981362059436242     
         100          46  0.987456004379016     
         101          46  0.986187260285585     
         102          47  0.963177169840493     
         103          47  0.955230025273120     
         104          48  0.942424464449059     
         105          50  0.973738654542494     
         106          50  0.971802656137252     
         107          50  0.971659900957747     
         108          51  0.949110609472813     
         109          51  0.965770648149165     
         110          52  0.966380047092162     
         111          52  0.966567073545059     
         112          53  0.965657407749772     
         113          53  0.961987177793884     
         114          54  0.951063873625622     
         115          55  0.981720259280149     
         116          55  0.978744864570612     
         117          55  0.978758121164043     
         118          56  0.962896918981006     
         119          56  0.960138167832563     
         120          57  0.963982547099451     
         121          57  0.964200118247050     
         122          58  0.952794176307508     
         123          58  0.961314743674272     
         124          59  0.942122566587229     
         125          60  0.977048098394338     
         126          60  0.979086977438802     
         127          60  0.981047044010221     
         128          61  0.954330179913574     
         129          61  0.960955270171677     
         130          62  0.960400150917390     
         131          62  0.956181590092137     
         132          63  0.962223149766044     
         133          63  0.965184558381213     
         134          64  0.956047674036712     
         135          65  0.979916592081922     
         136          65  0.974451179940220     
         137          65  0.975385726529093     
         138          66  0.976389844946245     
         139          66  0.981371369006477     
         140          66  0.977946106220099     
