  0.307391645323539     
  4.816176306963627E-003
 -2.872320004202056E-002
 -3.517902931620309E-002
 -3.064498992881770E-002
 -0.143938302480835     
  3.085144685897756E-002
 -3.409663298435905E-002
 -2.842724835455801E-002
  3.863779768155062E-002
 -9.884545828337110E-002
 -5.833423908591495E-002
 -4.424553629691186E-002
  0.210094507943823     
 -0.282327371032229     
 -0.160464962393926     
 -0.218777825880066     
  3.492304497681920E-002
 -1.171195259704660E-002
 -6.847965387950428E-002
  4.296713692180543E-002
 -7.251091884949368E-002
  0.141142246076220     
 -0.256202741560486     
 -0.103567368953267     
 -0.173142534670141     
  5.661895359838676E-002
 -2.204968951309461E-002
 -1.999044207999390E-002
  4.574386414873732E-002
 -9.461168097764894E-002
 -5.275263627878779E-002
 -8.988298844469167E-002
 -0.198772315175455     
  2.631936703550153E-002
 -3.215056617736600E-002
 -4.536683894482607E-002
  1.736563143911773E-002
 -6.646780324438240E-002
  0.155814369798279     
 -0.221618815866435     
 -4.254203766345821E-002
  0.230520856300982     
 -0.258142440877367     
 -0.152827419267620     
  8.057057676269519E-003
  5.365702880139489E-002
 -7.507506852233092E-002
 -2.615713385287410E-002
 -8.111321604634547E-002
 -8.411156330517944E-002
 -5.983534407860347E-002
 -6.218693377409235E-002
 -2.062376068318628E-002
 -0.116158804640686     
 -7.725754805799401E-002
 -5.147347142259484E-002
 -8.397812227587753E-002
 -1.748121937432767E-002
 -0.105119747052075     
 -6.885774167337022E-002
 -6.906874261807605E-002
 -6.700615305144986E-002
 -2.262525433413654E-002
 -0.119158843827689     
 -0.106264873693387     
  5.209761992041628E-002
  6.069927127977981E-002
  5.482780725886949E-002
  4.323249394965378E-002
  5.288464383921787E-002
  3.185580463626536E-002
  3.710690407696460E-002
  4.240989250099592E-002
  2.806353571173903E-002
  5.222131454447365E-002
  4.614581440279775E-002
  4.920596498627205E-002
  4.290164695660459E-002
  5.243651041381725E-002
  4.773223968737739E-002
  5.129674547535756E-002
  4.473558044809167E-002
  5.177589608971989E-002
  5.417347043148735E-002
  5.463385406307986E-002
  3.209583024096152E-002
  3.266136375266293E-002
  5.047445717171073E-002
  3.662293974363873E-002
  3.971378273399861E-002
  3.493120733430866E-002
  2.918518143579718E-002
  3.608212948632383E-002
  5.666325281480533E-002
  4.875336662547514E-002
  5.407055784435921E-002
  5.959826287570869E-002
  5.162170294671542E-002
  3.791666665622218E-002
  5.097819781105162E-002
  5.874351187890303E-002
  6.459952769537203E-002
  4.470056003341771E-002
  4.634251067012896E-002
  4.318895369082132E-002
  5.005753902007737E-002
  3.401528405296683E-002
  3.171765975147578E-002
  3.474580375295866E-002
  3.946167179435867E-002
  3.778570127536052E-002
  4.148862015039234E-002
  4.012378493045710E-002
  4.229159076247946E-002
  2.632132295087375E-002
  3.294807667884936E-002
  4.650546372234732E-002
  2.827348830281851E-002
  4.263362065775178E-002
  2.487015152480698E-002
  4.159879405413569E-002
  1.954263304933301E-002
  3.481628913385004E-002
  2.728966586597981E-002
  3.784259504211940E-002
  3.373844147918181E-002
  3.410471702679074E-002
  3.877465103749456E-002
  3.662452093690061E-002
  2.965789083363368E-002
  3.326187189430885E-002
  3.402519320345054E-002
  3.822059922113241E-002
  4.282469438365943E-002
  3.360063557556725E-002
  2.974841453345034E-002
  2.991633705147645E-002
  3.869671226720706E-002
  2.852264246314318E-002
