 excitation energies, transition moments and TDA amplitudes
 state    eV      nm       fL        Rv(corr)
    1    2.246   551.9     0.9032    -7.1036     0.85( 144-> 145)  0.34( 143-> 147)  0.29( 143-> 145)
    2    2.370   523.1     0.3435    -1.2157    -0.83( 143-> 145)  0.33( 144-> 147)  0.28( 144-> 145)
    3    2.986   415.2     0.0203     3.8105     0.94( 142-> 145)  0.12( 143-> 145)  0.12( 141-> 145)
    4    3.516   352.7     0.0412    15.4850    -0.84( 141-> 145)  0.36( 144-> 146) -0.21( 139-> 145)
    5    3.595   344.9     0.0054     4.6551    -0.78( 139-> 145)  0.35( 138-> 145)  0.29( 136-> 145)
    6    3.665   338.3     0.0551     0.5958    -0.85( 144-> 146) -0.31( 141-> 145) -0.18( 139-> 145)
    7    3.956   313.4     0.0785    20.7160     0.46( 143-> 146)  0.43( 144-> 149) -0.42( 144-> 147)
    8    4.070   304.6     0.0240    -1.0115    -0.60( 138-> 145)  0.31( 136-> 145) -0.29( 144-> 149)
    9    4.119   301.0     0.0208    39.7653    -0.63( 143-> 146)  0.37( 144-> 149)  0.28( 136-> 145)
