           6           1  0.444168558595661     
           7           2   1.50366394721523     
           7           6   1.18170928406929     
           8           7  0.902457410484914     
           9           8  0.962741998951821     
          10           3   1.49849125304747     
          10           6   1.20144494445914     
          10           9  0.913235473390080     
          11           9  0.968823623923156     
          12           8  0.931441679811970     
          13          12  0.980590964120822     
          14          13  0.941191399767909     
          15          14   1.80183923625841     
          16          14   1.09997313563712     
          17           1  0.480634619152191     
          18           3   1.21198420120144     
          18          17   1.15491922376968     
          19          18   1.23288912704364     
          20          19   1.35707757728950     
          21           4   1.18653750562632     
          21          17   1.24700660476909     
          21          20   1.12119868515262     
          22          19   1.02445416154132     
          23          20   1.02099992040608     
          24          23   1.83333060429126     
          25          23  0.934201184745978     
          26           1  0.431726235748974     
          27           4   1.45193052902131     
          27          26   1.31157516638422     
          28          27  0.880115219028745     
          29          28  0.981485845228966     
          30           5   1.54670519855250     
          30          26   1.12904373466991     
          30          29  0.933682572373084     
          31          28  0.958488797622903     
          32          29  0.942883829321624     
          33          32   1.00787935271286     
          34           1  0.452396477107223     
          35           5   1.20390738833212     
          35          34   1.24605655591150     
          36          35   1.14011455766522     
          37          36   1.36802706005693     
          38           2   1.20441292992504     
          38          34   1.19332512952568     
          38          37   1.13930908807939     
          39          36  0.979396471857580     
          40          37   1.09916680660907     
          41          40   1.81947236891352     
          42           2  0.914356243520205     
          42          40  0.832019273493209     
          43          42  0.933076907540671     
          44          43   1.82691311138684     
          45          43   1.06774299978915     
          46          45  0.979804128185605     
          47          16  0.907153548451689     
          48          47   1.02945888695374     
          49          48   1.85546059709875     
          50          49  0.990790633448639     
          51          49  0.962728315506039     
          52          51  0.966276656225293     
          53          52  0.988889291057397     
          54          53  0.977431787030581     
          55          54  0.978933649428300     
          56          54  0.947095934193178     
          57          56  0.979962712831773     
          58          57  0.980889725649376     
          59          58  0.987877810917519     
          60          59  0.977149813003195     
          61          59  0.955525914552311     
          62          61  0.985794084702688     
          63          62  0.976160979434260     
          64          63  0.972140370240912     
          65          64  0.982644190731608     
          66          64  0.983225650225990     
          67           3  0.932525262808305     
          68           4  0.940411273882027     
          69           5  0.930137162512791     
          70           8  0.944031989682251     
          71           9  0.944725773234743     
          72          11  0.975672590382684     
          73          11  0.978089207736873     
          74          11  0.978455216982813     
          75          12  0.970149799265099     
          76          12  0.957212890595383     
          77          13  0.947931471558773     
          78          13  0.952341715693954     
          79          22  0.968892342273690     
          80          22  0.962379251510041     
          81          22  0.950533213419426     
          82          25  0.966716333889008     
          83          25  0.975609416301102     
          84          25  0.963130806403725     
          85          28  0.947012827987138     
          86          29  0.929443672193141     
          87          31  0.976525064320266     
          88          31  0.982500719898177     
          89          31  0.975117942104251     
          90          32  0.963220612566964     
          91          32  0.963558239244014     
          92          33  0.981117187479049     
          93          33  0.979038458689921     
          94          33  0.982809426107539     
          95          39  0.973452251623562     
          96          39  0.967050707442602     
          97          39  0.973968588196686     
          98          42  0.933424195541687     
          99          46  0.987422818104788     
         100          46  0.984983242971646     
         101          46  0.980547709581661     
         102          47  0.961641504000253     
         103          47  0.960151572908897     
         104          48  0.939142237205715     
         105          50  0.971935839410893     
         106          50  0.969110857137287     
         107          50  0.969581988545694     
         108          51  0.965704698186215     
         109          51  0.954786595948618     
         110          52  0.969597388101062     
         111          52  0.962532237077850     
         112          53  0.954270857502241     
         113          53  0.959914797057557     
         114          54  0.951630323258292     
         115          55  0.975761959284555     
         116          55  0.977382967959779     
         117          55  0.978242459688516     
         118          56  0.955226436594492     
         119          56  0.969564480973494     
         120          57  0.968513976333525     
         121          57  0.966356633936186     
         122          58  0.945072338352321     
         123          58  0.960795105014166     
         124          59  0.949658103632314     
         125          60  0.980768742422216     
         126          60  0.975336478609359     
         127          60  0.981494212431229     
         128          61  0.962922251434803     
         129          61  0.963009256713484     
         130          62  0.969439807532325     
         131          62  0.966988496352440     
         132          63  0.965410505231510     
         133          63  0.968947621770936     
         134          64  0.961613413680923     
         135          65  0.976162819361841     
         136          65  0.972008551389745     
         137          65  0.980307156692930     
         138          66  0.981973786137584     
         139          66  0.975527700275445     
         140          66  0.979115487648141     
