  0.319877395018360     
 -1.668270359087565E-003
 -3.608275033865205E-002
 -4.467183080736792E-002
 -1.923932283497720E-002
 -0.167004105385747     
  5.025915099077638E-002
 -2.825017852767431E-002
 -3.396149749822097E-002
  4.607562647822139E-002
 -8.916770832619303E-002
 -5.411763678976644E-002
 -5.246252248537608E-002
  0.242963027756928     
 -0.265213804581253     
 -0.158951664909692     
 -0.218483434651124     
  2.920156405353991E-002
 -1.997226985055445E-002
 -5.170470757374002E-002
  1.133285224831093E-002
 -8.525297411162036E-002
  0.158458527397162     
 -0.234373986793309     
 -0.104053008097698     
 -0.162730667817954     
  3.928037368440718E-002
 -3.225324738841095E-002
 -3.315618976268997E-002
  5.303668719284937E-002
 -7.950955571100060E-002
 -6.301993181476995E-002
 -8.629452196963250E-002
 -0.228223753903093     
  4.078409376880687E-002
 -4.778856916235696E-003
 -7.012382763223357E-002
  3.719161500746448E-002
 -7.280082608438221E-002
  0.163200032479495     
 -0.221442789140606     
 -3.168870475971541E-002
  0.222171308900100     
 -0.294535994836333     
 -0.129060481735293     
  2.035748751702249E-002
  4.811129316260043E-002
 -9.727068134618033E-002
 -2.465824960210306E-002
 -7.834649795383264E-002
 -5.774470458142034E-002
 -6.218756741473275E-002
 -7.484892425829415E-002
 -2.636828250672885E-002
 -0.108844571433191     
 -7.416324054072376E-002
 -7.035335472567361E-002
 -6.049843276482303E-002
 -1.825293306675935E-002
 -0.115641984056847     
 -5.790480087263195E-002
 -6.048015632950232E-002
 -7.939356748082638E-002
 -1.516970943289131E-002
 -0.111919082909301     
 -0.110849004555020     
  6.263263895606863E-002
  6.866203345250810E-002
  5.082950646330942E-002
  5.564056558630648E-002
  4.674592337187911E-002
  3.622951285445508E-002
  4.384496907247493E-002
  4.240455264604281E-002
  2.867717677295900E-002
  4.109163388453363E-002
  5.279172564484391E-002
  3.720119526076116E-002
  4.326372624060615E-002
  3.666009083706034E-002
  5.537079660654864E-002
  5.161066818785798E-002
  4.313883756240744E-002
  4.149184067969802E-002
  4.678930175595397E-002
  4.315364133792776E-002
  4.041615715899460E-002
  4.378608234047643E-002
  4.335455989067838E-002
  4.105534743124994E-002
  2.314383614523741E-002
  4.048216609289934E-002
  3.613942400201575E-002
  3.043330241477316E-002
  4.652269439723944E-002
  4.758294772063831E-002
  4.591167685087250E-002
  6.254207503583309E-002
  4.954879666313394E-002
  5.657936681708287E-002
  5.138587162276576E-002
  4.133899404333496E-002
  6.319818664155474E-002
  1.952783591037643E-002
  5.977155009361768E-002
  5.120136268567732E-002
  4.961621830515150E-002
  4.432181606493346E-002
  3.615401588311296E-002
  3.186839189506896E-002
  3.638778363884265E-002
  3.257386157179221E-002
  3.601204895586130E-002
  2.935809587728455E-002
  3.123804440267020E-002
  3.339124367806279E-002
  3.228153021100399E-002
  3.828528567673384E-002
  2.757357529063098E-002
  2.726779953409175E-002
  3.784760763749140E-002
  3.714209772374966E-002
  3.474178107618309E-002
  4.487264818716896E-002
  3.827136829460609E-002
  2.117875192942131E-002
  2.450288032892989E-002
  4.158073852125199E-002
  3.716614276114516E-002
  4.248871021826084E-002
  3.767277938245617E-002
  2.928697251225176E-002
  2.546744429666825E-002
  4.315218195746073E-002
  3.921777050198660E-002
  2.710988764771327E-002
  3.506947757967216E-002
  2.348560261801480E-002
  2.988246798929151E-002
  3.822614028830529E-002
