 excitation energies, transition moments and TDA amplitudes
 state    eV      nm       fL        Rv(corr)
    1    2.302   538.6     0.6876    -5.2959     0.86( 142-> 143)  0.38( 141-> 146) -0.20( 141-> 143)
    2    2.346   528.6     0.2457     2.7803    -0.86( 141-> 143)  0.35( 142-> 146) -0.19( 142-> 143)
    3    3.124   396.9     0.0132   -13.1322     0.75( 142-> 144)  0.61( 142-> 145) -0.19( 142-> 146)
    4    3.296   376.2     0.0066    -6.2821     0.78( 139-> 143) -0.47( 140-> 143)  0.26( 138-> 143)
    5    3.619   342.6     0.0070    13.8124    -0.56( 141-> 144) -0.46( 141-> 145) -0.44( 138-> 143)
    6    3.638   340.8     0.0094   -18.9928     0.52( 141-> 144) -0.42( 138-> 143) -0.39( 136-> 143)
    7    3.758   329.9     0.0074     4.1001     0.61( 137-> 143)  0.59( 138-> 143) -0.36( 136-> 143)
    8    4.064   305.1     0.1837    10.9206    -0.63( 142-> 145)  0.46( 142-> 144) -0.35( 142-> 146)
    9    4.168   297.5     0.0647    15.5875    -0.60( 135-> 143)  0.37( 134-> 143) -0.35( 135-> 147)
