           6           1  0.382482417303922     
           7           2   1.46054549227615     
           7           6   1.18885841434325     
           8           7  0.956871054852708     
           9           8  0.948674506740358     
          10           3   1.40560419919523     
          10           6   1.30095425533931     
          10           9  0.906640807333021     
          11           9  0.984435108469295     
          12           8  0.941984815273816     
          13          12  0.979012531286597     
          14          13  0.931511826387030     
          15          14   1.84575823209247     
          16          14   1.07675168857079     
          17           1  0.543736458305117     
          18           3   1.25469317136271     
          18          17   1.19382090217027     
          19          18   1.17252413117154     
          20          19   1.41827973174804     
          21           4   1.23834279251905     
          21          17   1.13725828444623     
          21          20   1.19832992620950     
          22          19  0.983341565605936     
          23          20  0.963103955659195     
          24          23   1.87467282836126     
          25          23  0.948817379903084     
          26           1  0.417923065452307     
          27           4   1.43328330071287     
          27          26   1.28421224686079     
          28          27  0.908081995127122     
          29          28  0.963193618205750     
          30           5   1.50783956549746     
          30          26   1.17766321580185     
          30          29  0.928105883158284     
          31          28  0.954313341023061     
          32          29  0.928102000286555     
          33          32   1.00308183265072     
          34           1  0.448446361885957     
          35           5   1.22761672337492     
          35          34   1.19219539656825     
          36          35   1.18081038721813     
          37          36   1.37180364320936     
          38           2   1.16274378544731     
          38          34   1.23847360412399     
          38          37   1.19442521924246     
          39          36  0.975623519357431     
          40          37   1.02772276514752     
          41          40   1.85608335337558     
          42           2  0.940205970396394     
          42          40  0.862166478519264     
          43          42  0.942138988584656     
          44          43   1.75915043200532     
          45          43   1.12390987879285     
          46          45  0.962081368311126     
          47          16  0.947683608582401     
          48          47   1.00045359986273     
          49          48   1.85520965409703     
          50          49   1.00948412908182     
          51          49  0.960245751051140     
          52          51  0.966112798923138     
          53          52  0.976067931715359     
          54          53  0.965052568801237     
          55          54  0.977162696555685     
          56          54  0.971121283955559     
          57          56  0.978398928173548     
          58          57  0.997114220299295     
          59          58  0.976455885401982     
          60          59  0.988868701915772     
          61          59  0.980262309528336     
          62          61  0.974769091553238     
          63          62  0.993459909965477     
          64          63  0.967372664381362     
          65          64  0.969059292093772     
          66          64  0.997242313677557     
          67           3  0.939592380517394     
          68           4  0.929903707190616     
          69           5  0.933649336815189     
          70           8  0.928745249188364     
          71           9  0.947605127258934     
          72          11  0.975220691229915     
          73          11  0.978730567099297     
          74          11  0.973177251188043     
          75          12  0.963072493145708     
          76          12  0.956183756566227     
          77          13  0.954237562483273     
          78          13  0.958502811015553     
          79          22  0.963531704122773     
          80          22  0.978535179366142     
          81          22  0.969458197224467     
          82          25  0.958069298093857     
          83          25  0.968411408111300     
          84          25  0.973513046928938     
          85          28  0.946191353688395     
          86          29  0.943466030933214     
          87          31  0.983491896294192     
          88          31  0.980913304683114     
          89          31  0.980557678548514     
          90          32  0.966720665202048     
          91          32  0.969633367897612     
          92          33  0.977945097085908     
          93          33  0.981309198815661     
          94          33  0.986960603416376     
          95          39  0.968479831083117     
          96          39  0.979092102860370     
          97          39  0.977993090153844     
          98          42  0.919136920682890     
          99          46  0.987654976936773     
         100          46  0.979049754712254     
         101          46  0.988395565073424     
         102          47  0.969771069773933     
         103          47  0.954530840327919     
         104          48  0.947387588254918     
         105          50  0.956887448508684     
         106          50  0.961627140509245     
         107          50  0.970738087568334     
         108          51  0.959106025694198     
         109          51  0.968467119185752     
         110          52  0.967321259188496     
         111          52  0.969102978116508     
         112          53  0.965506365046354     
         113          53  0.960241887379121     
         114          54  0.957918576647726     
         115          55  0.978545542319243     
         116          55  0.978686121953945     
         117          55  0.982008596324785     
         118          56  0.966419850954353     
         119          56  0.965630509021472     
         120          57  0.963615027600352     
         121          57  0.963109108845340     
         122          58  0.953531858196397     
         123          58  0.957215844622845     
         124          59  0.942803848878016     
         125          60  0.973114010286165     
         126          60  0.977773914449583     
         127          60  0.978900482229758     
         128          61  0.959614609772260     
         129          61  0.962024253770118     
         130          62  0.964566791506443     
         131          62  0.968939178304211     
         132          63  0.965533813645418     
         133          63  0.963157026598331     
         134          64  0.957283188410750     
         135          65  0.978462105889646     
         136          65  0.983144333182023     
         137          65  0.977613253736031     
         138          66  0.978790000123310     
         139          66  0.977724580429435     
         140          66  0.972689265997862     
