  0.307198953340951     
  7.649075699932784E-003
 -3.220346777174754E-003
 -2.829719736979186E-002
 -4.741007848835821E-002
 -0.129092942245283     
  3.577509965487913E-002
 -3.759782487844276E-002
 -2.071159137232126E-002
  5.718275573973086E-002
 -6.771973387134800E-002
 -5.568616137903604E-002
 -5.426275541724834E-002
  0.213078580254258     
 -0.264575654770585     
 -0.150582698090196     
 -0.213922584774846     
  4.102135580264932E-002
  4.150532238820759E-002
 -2.929820236358704E-002
  4.233227761687886E-002
 -7.655287073557737E-002
  0.121657462889223     
 -0.295088671199849     
 -9.764398561405851E-002
 -0.201935051504728     
  3.414759149154767E-002
 -2.732554068379489E-002
 -3.601604870990460E-002
 -4.378765198667089E-003
 -8.444754786447639E-002
 -5.569192925860111E-002
 -9.732850157739836E-002
 -0.222422062902289     
 -1.519316171266993E-002
 -3.686302901008975E-002
 -6.646181745559776E-002
  2.284748120783897E-002
 -5.868162352127815E-002
  0.156453173881324     
 -0.211104723214162     
 -3.786820266537916E-002
  0.249923825863466     
 -0.261865097262871     
 -0.152953909284880     
  1.386330700109273E-002
  5.555018976098536E-002
 -7.930734035888420E-002
 -3.027653421384979E-002
 -9.778470677481366E-002
 -7.299228811034197E-002
 -6.754158730190962E-002
 -5.891189300291444E-002
 -3.646812270955557E-002
 -9.349367789380914E-002
 -8.819139349839933E-002
 -6.215306542807397E-002
 -6.644625491921552E-002
 -3.136789650565142E-002
 -0.118828616777510     
 -5.341550717559151E-002
 -5.918084114882483E-002
 -7.409347520481280E-002
 -3.033501110741987E-002
 -0.112668385153279     
 -9.568820991023408E-002
  4.974734676371184E-002
  5.361727998746479E-002
  5.848877840499300E-002
  3.811662662211335E-002
  5.298055948856772E-002
  5.270826280408725E-002
  4.380290395798858E-002
  4.378634687650584E-002
  3.727153729049226E-002
  4.419207626824073E-002
  3.566389345383403E-002
  4.324405651399765E-002
  5.121543475181034E-002
  4.852827099075008E-002
  4.903795861993010E-002
  4.029943315582829E-002
  5.125562032383946E-002
  5.093722141424972E-002
  5.562558864572065E-002
  5.947043446777689E-002
  4.743185693862495E-002
  4.234862273409556E-002
  3.688956335858262E-002
  3.825400388173972E-002
  4.193300981192605E-002
  4.174174309736423E-002
  3.856511431983878E-002
  2.781647329126458E-002
  5.109457785926474E-002
  5.837222210603210E-002
  4.982892314628251E-002
  5.305837670482838E-002
  5.355544788618871E-002
  4.273599243332482E-002
  6.295934500663969E-002
  5.821165917236959E-002
  6.236737084736033E-002
  4.925044655121436E-002
  4.014647654542802E-002
  3.754028272568988E-002
  4.432865212576087E-002
  3.138340728631761E-002
  3.884786556039832E-002
  3.402343895203130E-002
  4.359418049986252E-002
  3.993872300126000E-002
  4.560596101244541E-002
  2.632810367349758E-002
  2.469629425130837E-002
  3.860284332696351E-002
  3.988364737603900E-002
  2.791509712125917E-002
  2.992719017639889E-002
  3.534800548868033E-002
  2.830710363276778E-002
  2.857325634010799E-002
  3.497249221336662E-002
  3.608374858283792E-002
  3.640434796836034E-002
  2.848317388126431E-002
  2.998376938753333E-002
  4.044694811955385E-002
  3.322825512732819E-002
  3.578242003154886E-002
  3.474727353986673E-002
  4.196928013556134E-002
  3.317657968615195E-002
  3.646593870774584E-002
  3.366295411739306E-002
  3.261022628069077E-002
  3.100115905501133E-002
  4.411883419633567E-002
  3.533769119224617E-002
  2.128866450873845E-002
