 excitation energies, transition moments and TDA amplitudes
 state    eV      nm       fL        Rv(corr)
    1    2.131   581.9     0.1719    -1.1908    -0.63( 141-> 143) -0.57( 142-> 143) -0.28( 140-> 143)
    2    2.411   514.3     0.4577   -12.3736     0.64( 142-> 143) -0.55( 141-> 143) -0.34( 142-> 144)
    3    2.918   424.8     0.0471    -2.4450     0.88( 140-> 143) -0.23( 142-> 144) -0.18( 142-> 143)
    4    3.578   346.6     0.0086     9.0927    -0.51( 137-> 143)  0.51( 139-> 143) -0.33( 135-> 143)
    5    3.658   338.9     0.1986   -18.8168    -0.60( 142-> 144) -0.39( 141-> 145) -0.31( 139-> 143)
    6    3.758   329.9     0.0220   -10.9522    -0.53( 137-> 143) -0.52( 139-> 143)  0.33( 141-> 144)
    7    3.899   318.0     0.0702    11.7889    -0.79( 142-> 146) -0.36( 141-> 144) -0.24( 141-> 145)
    8    3.953   313.6     0.5318    -7.5449     0.72( 142-> 145) -0.33( 142-> 147) -0.32( 141-> 145)
    9    4.032   307.5     0.0660     7.4573    -0.34( 134-> 143) -0.34( 135-> 143) -0.32( 136-> 143)
