           6           1  0.362551035348999     
           7           2   1.29930665391133     
           7           6   1.32503480422793     
           8           7  0.964349810377700     
           9           8  0.951689174726722     
          10           3   1.41430624005877     
          10           6   1.19536297669158     
          10           9  0.945906752374934     
          11           9  0.980606109301335     
          12           8  0.911045647980986     
          13          12  0.988055679023451     
          14          13  0.927969354948294     
          15          14   1.84356844707381     
          16          14   1.06319797069516     
          17           1  0.488008803633906     
          18           3   1.25887538116318     
          18          17   1.04646157581157     
          19          18   1.33126768325117     
          20          19   1.32462297474110     
          21           4   1.23553160043023     
          21          17   1.30263839968394     
          21          20   1.08319808076182     
          22          19  0.975734740327723     
          23          20   1.09228137904021     
          24          23   1.74550514919535     
          25          23  0.955221049491523     
          26           1  0.457456300085881     
          27           4   1.46099483676424     
          27          26   1.20050956005266     
          28          27  0.937455966334285     
          29          28  0.939691611477188     
          30           5   1.37524733404579     
          30          26   1.22019243916905     
          30          29  0.950400188284529     
          31          28  0.966860644245462     
          32          29  0.938708587105852     
          33          32   1.00310416976837     
          34           1  0.511006589974877     
          35           5   1.33141313571283     
          35          34   1.10829359291334     
          36          35   1.13560474549710     
          37          36   1.41806260954454     
          38           2   1.27434478204652     
          38          34   1.22167400228256     
          38          37   1.13777301812221     
          39          36   1.00310169985253     
          40          37   1.00769279004064     
          41          40   1.86694279097358     
          42           2  0.957464683665494     
          42          40  0.861209140549008     
          43          42  0.914501696097138     
          44          43   1.83304821950276     
          45          43   1.08446526035170     
          46          45  0.961310494259938     
          47          16  0.972300256542703     
          48          47  0.969493243851743     
          49          48   1.90585690536215     
          50          49  0.964577661172727     
          51          49  0.985132925887102     
          52          51  0.948908904396735     
          53          52  0.995592830224326     
          54          53  0.961206459188122     
          55          54  0.997743822234216     
          56          54  0.952820210432120     
          57          56  0.972273256443105     
          58          57  0.994794189411861     
          59          58  0.976429325439550     
          60          59  0.966512989839447     
          61          59  0.971151662354487     
          62          61  0.990805147771997     
          63          62  0.975289527661310     
          64          63  0.949725348123079     
          65          64  0.972947540365399     
          66          64  0.993181483136975     
          67           3  0.933089535098651     
          68           4  0.932678655672816     
          69           5  0.933892938055716     
          70           8  0.931211462105543     
          71           9  0.925360302208588     
          72          11  0.971354259813265     
          73          11  0.980783477814897     
          74          11  0.975290756902584     
          75          12  0.961315633227147     
          76          12  0.959846277590934     
          77          13  0.959433468598481     
          78          13  0.957495747780144     
          79          22  0.966076014262838     
          80          22  0.972354069992946     
          81          22  0.972608850989208     
          82          25  0.971348598596468     
          83          25  0.971052538044433     
          84          25  0.957087391233998     
          85          28  0.940365414067571     
          86          29  0.930486288795896     
          87          31  0.975640824418236     
          88          31  0.977566439684293     
          89          31  0.981150238361616     
          90          32  0.967500738055524     
          91          32  0.966954959864041     
          92          33  0.979653395288484     
          93          33  0.974802681178130     
          94          33  0.985225020087285     
          95          39  0.970988881321581     
          96          39  0.956324151767327     
          97          39  0.973976542520655     
          98          42  0.926181880749531     
          99          46  0.985274551905124     
         100          46  0.988910328195587     
         101          46  0.978455424602669     
         102          47  0.962131138504068     
         103          47  0.958306621954554     
         104          48  0.936382625941197     
         105          50  0.973022019090107     
         106          50  0.977290039199274     
         107          50  0.982093181675735     
         108          51  0.960067867922276     
         109          51  0.952559081894768     
         110          52  0.963555758941365     
         111          52  0.965617627631300     
         112          53  0.967091640731724     
         113          53  0.955118922378933     
         114          54  0.953075532987342     
         115          55  0.981457414267133     
         116          55  0.973539989317740     
         117          55  0.978137408945352     
         118          56  0.966162673241543     
         119          56  0.967989280924822     
         120          57  0.967433256736371     
         121          57  0.964492168838738     
         122          58  0.957587771444689     
         123          58  0.955617043883525     
         124          59  0.951920314102491     
         125          60  0.978091429996549     
         126          60  0.981465236392683     
         127          60  0.984997481863404     
         128          61  0.960605815947962     
         129          61  0.960994815147496     
         130          62  0.965512678043258     
         131          62  0.969529596875707     
         132          63  0.965484197163333     
         133          63  0.966295526187719     
         134          64  0.959768769492973     
         135          65  0.977388670634528     
         136          65  0.983381010127673     
         137          65  0.980362666605681     
         138          66  0.977982226949502     
         139          66  0.974633913679681     
         140          66  0.983095459941290     
