  0.322705697132468     
  3.609064510438520E-002
 -3.742592269257639E-002
 -5.336354231558094E-002
 -2.605967382571794E-002
 -0.139265513542307     
  2.237146753188801E-002
 -8.095861705239571E-003
 -1.524206819948226E-002
  9.475757494556980E-004
 -8.629543045013843E-002
 -3.817255071076708E-002
 -7.049497353945888E-002
  0.224520544170151     
 -0.269231391249432     
 -0.149841900462278     
 -0.224838015828451     
  8.662368687839095E-003
 -3.456140963536569E-002
 -7.977948592590689E-002
  2.963582116469166E-002
 -5.105396231565074E-002
  0.159621618810206     
 -0.265018644135912     
 -7.274399724030634E-002
 -0.164800415674948     
  1.106375322956765E-002
 -2.901024728427615E-002
 -3.887784492040769E-002
  4.083368617590200E-002
 -8.242073676253892E-002
 -4.655813333654901E-002
 -9.673232708927948E-002
 -0.197876234507874     
  4.285544011104525E-002
  2.419177279968654E-002
 -3.956806125595769E-002
  9.439798745845884E-003
 -6.302452698839467E-002
  0.141580406921625     
 -0.251773064129441     
 -3.250264912328493E-002
  0.191738151318040     
 -0.255410299318143     
 -0.180689975206381     
 -2.780273085312146E-003
  4.271346624858596E-002
 -6.678393355615242E-002
 -5.858721950652068E-003
 -8.489474569033018E-002
 -5.232919832562022E-002
 -5.493095912604762E-002
 -6.495209261532420E-002
 -2.599448944106797E-002
 -9.698354936885334E-002
 -8.791252419652551E-002
 -5.719155946905463E-002
 -7.875369810157995E-002
 -2.775228483649528E-002
 -0.108135509726169     
 -5.608166241557644E-002
 -7.020781163811307E-002
 -8.508465303598989E-002
 -1.638153487566996E-002
 -9.976104794865481E-002
 -0.110812944888368     
  5.379183506837615E-002
  6.097425675940804E-002
  5.168080660548535E-002
  5.246517398738737E-002
  5.330753526092524E-002
  3.976244749073843E-002
  3.460718671776475E-002
  4.589020260142407E-002
  4.041651092916454E-002
  5.049015996501915E-002
  4.207412727225612E-002
  3.385892710984928E-002
  5.590552806639715E-002
  5.943381441057827E-002
  4.595350659494057E-002
  6.286592414104519E-002
  5.519572289084740E-002
  5.475441377166534E-002
  4.015931751161528E-002
  4.399198628967849E-002
  4.487002643299765E-002
  4.287482933833275E-002
  4.228186531621214E-002
  4.374404506258278E-002
  3.196261039255632E-002
  2.357454113235158E-002
  3.432766143058585E-002
  4.231073267856511E-002
  4.508012895750491E-002
  5.608030010559539E-002
  5.347511750601031E-002
  6.812912766506207E-002
  5.123737781822646E-002
  6.324998190350006E-002
  4.413271864636648E-002
  3.959511104490310E-002
  7.021140867192799E-002
  3.772119646760486E-002
  5.023270511330569E-002
  3.826863909356504E-002
  5.177563151628961E-002
  3.304622827827264E-002
  2.893170295869674E-002
  2.319239448097987E-002
  2.665624682927115E-002
  2.560099280095540E-002
  2.749413683244206E-002
  3.004940312978954E-002
  3.848637303529612E-002
  3.833058725916982E-002
  2.561565482193917E-002
  2.816499170558806E-002
  3.316205182826060E-002
  4.068076714586610E-002
  3.632809192893482E-002
  3.695467385912832E-002
  3.501356347130746E-002
  3.519504960791042E-002
  3.092579279281948E-002
  3.133950183300760E-002
  3.571951071995461E-002
  3.378345473221345E-002
  3.498340689007884E-002
  3.412520599755264E-002
  4.411920909792133E-002
  3.156244854690582E-002
  3.767483031277719E-002
  4.179377314756716E-002
  4.118629238624194E-002
  3.024691737095975E-002
  2.964758852986205E-002
  3.227539876076735E-002
  2.650431800586539E-002
  3.383414092530135E-002
