 excitation energies, transition moments and TDA amplitudes
 state    eV      nm       fL        Rv(corr)
    1    2.149   576.8     0.1618    -5.1720     0.74( 142-> 144)  0.42( 143-> 144)  0.28( 143-> 145)
    2    2.229   556.2     0.5536     8.7456    -0.75( 143-> 144)  0.41( 142-> 144)  0.28( 142-> 146)
    3    2.983   415.7     0.0073   -10.1519     0.93( 141-> 144) -0.16( 142-> 145)  0.15( 143-> 146)
    4    3.337   371.5     0.0311    -2.3318     0.69( 143-> 145) -0.57( 143-> 147) -0.30( 143-> 146)
    5    3.553   348.9     0.0392    -8.6318    -0.41( 143-> 146) -0.41( 143-> 147)  0.39( 142-> 146)
    6    3.612   343.2     0.0570   -18.8463    -0.59( 142-> 147)  0.49( 142-> 145)  0.35( 140-> 144)
    7    3.739   331.6     0.1710     1.7310     0.58( 143-> 147)  0.42( 140-> 144)  0.42( 143-> 145)
    8    3.866   320.7     0.0382    15.9469    -0.58( 137-> 144) -0.45( 135-> 144) -0.35( 136-> 145)
    9    3.932   315.3     0.2445    70.4872     0.54( 142-> 147)  0.43( 139-> 144)  0.33( 142-> 145)
