           7           2   1.38736728695552     
           7           6   1.26712818842164     
           8           7  0.905191500008132     
           9           8  0.972277149388500     
          10           3   1.35938290769910     
          10           6   1.31540932627648     
          10           9  0.910782486777828     
          11           9  0.957137017027059     
          12           8  0.942672900764841     
          13          12  0.983043318837883     
          14          13  0.907159053509729     
          15          14   1.84115371688140     
          16          14   1.09881586810758     
          17           1  0.556608821501176     
          18           3   1.29198593521098     
          18          17   1.14857263133168     
          19          18   1.15051793439578     
          20          19   1.43869376959408     
          21           4   1.27392344117394     
          21          17   1.20025054532894     
          21          20   1.12472139356476     
          22          19  0.981203100968183     
          23          20  0.965677625486670     
          24          23   1.80401768003775     
          25          23   1.02474549258767     
          26           1  0.449735063154704     
          27           4   1.41721328504964     
          27          26   1.21263357560892     
          28          27  0.906401909566636     
          29          28  0.956216131917330     
          30           5   1.40889766726762     
          30          26   1.23563110607324     
          30          29  0.933833844312593     
          31          28  0.975138646537658     
          32          29  0.936640886889020     
          33          32   1.00367829678912     
          34           1  0.493915892607090     
          35           5   1.29135774099536     
          35          34   1.17615853486416     
          36          35   1.19694336842774     
          37          36   1.31443949882620     
          38           2   1.29138000088729     
          38          34   1.13257038070515     
          38          37   1.14511346015680     
          39          36   1.00342070810272     
          40          37   1.14008062249888     
          41          40   1.76548227095482     
          42           2  0.919934780058395     
          42          40  0.858064391736490     
          43          42  0.929281067526828     
          44          43   1.84976643261552     
          45          43   1.01558636339676     
          46          45  0.979690927681958     
          47          16  0.936203041935787     
          48          47  0.995367508261542     
          49          48   1.90599565344079     
          50          49  0.949901863410214     
          51          49  0.990372800229801     
          52          51  0.982432108363737     
          53          52  0.973568866083439     
          54          53  0.991367494831304     
          55          54  0.987017945681814     
          56          54  0.945284377167863     
          57          56  0.987469725946516     
          58          57  0.986027265610311     
          59          58  0.952642585673479     
          60          59  0.971264473650765     
          61          59  0.997755533927358     
          62          61  0.966701173916369     
          63          62  0.974991046708510     
          64          63  0.966310324658088     
          65          64  0.989876167108087     
          66          64  0.996311772497914     
          67           3  0.942341245254248     
          68           4  0.925425517021841     
          69           5  0.937363954366451     
          70           8  0.935933559446513     
          71           9  0.942806274830425     
          72          11  0.981114070559792     
          73          11  0.979750698709951     
          74          11  0.975905058988958     
          75          12  0.962206651403068     
          76          12  0.958915283837542     
          77          13  0.962209300831423     
          78          13  0.955681226308094     
          79          22  0.972250511206097     
          80          22  0.963789584835622     
          81          22  0.978822028177769     
          82          25  0.940596545031300     
          83          25  0.949177706723578     
          84          25  0.958480849795916     
          85          28  0.948084496074438     
          86          29  0.938563480883139     
          87          31  0.974835571793431     
          88          31  0.981134091755094     
          89          31  0.976868766629333     
          90          32  0.962232404087443     
          91          32  0.970478629014872     
          92          33  0.981248461429489     
          93          33  0.981991760260823     
          94          33  0.982131859941911     
          95          39  0.960456080066622     
          96          39  0.963637370237879     
          97          39  0.976196480909240     
          98          42  0.925011335209855     
          99          46  0.987931673947574     
         100          46  0.973995050520303     
         101          46  0.987265299926165     
         102          47  0.969989838018544     
         103          47  0.959693505357391     
         104          48  0.932161759185186     
         105          50  0.975142413613282     
         106          50  0.980170090539988     
         107          50  0.981335627617505     
         108          51  0.949182404400605     
         109          51  0.959672670738960     
         110          52  0.968122525332794     
         111          52  0.966401026926732     
         112          53  0.960368359470323     
         113          53  0.965456192063616     
         114          54  0.953799457856651     
         115          55  0.981111418484703     
         116          55  0.974758048937083     
         117          55  0.979792367154338     
         118          56  0.968731683848514     
         119          56  0.962290238478286     
         120          57  0.962067907096176     
         121          57  0.968840413766365     
         122          58  0.963432182583648     
         123          58  0.960945212979134     
         124          59  0.955907633260896     
         125          60  0.983642002518152     
         126          60  0.980155133732239     
         127          60  0.977036010192290     
         128          61  0.963764435131845     
         129          61  0.962567197633065     
         130          62  0.976705886396295     
         131          62  0.965144268678128     
         132          63  0.964332777309960     
         133          63  0.963137076790245     
         134          64  0.951608321133268     
         135          65  0.975485034011917     
         136          65  0.979345822489738     
         137          65  0.982041858193222     
         138          66  0.973080646329689     
         139          66  0.979882731683460     
         140          66  0.974652056754281     
