 excitation energies, transition moments and TDA amplitudes
 state    eV      nm       fL        Rv(corr)
    1    2.269   546.5     0.4849    -2.3575    -0.77( 142-> 143) -0.43( 141-> 143) -0.31( 141-> 145)
    2    2.406   515.2     0.4197     8.1845    -0.74( 141-> 143)  0.44( 142-> 143)  0.36( 142-> 145)
    3    2.946   420.9     0.0432    -3.9672    -0.93( 140-> 143) -0.21( 141-> 143)  0.10( 142-> 145)
    4    3.462   358.2     0.0002     0.5325     0.69( 139-> 143)  0.61( 137-> 143) -0.22( 135-> 143)
    5    3.758   329.9     0.0158     0.0539     0.70( 138-> 143) -0.42( 139-> 143)  0.36( 142-> 145)
    6    3.813   325.1     0.1253    -6.6808     0.87( 142-> 144)  0.34( 141-> 144)  0.12( 141-> 146)
    7    3.997   310.2     0.2926    -1.0742    -0.58( 142-> 146) -0.46( 141-> 144) -0.31( 141-> 145)
    8    4.061   305.3     0.2565    -1.4084     0.52( 142-> 145) -0.45( 141-> 146)  0.39( 141-> 144)
    9    4.193   295.7     0.1929    20.0494    -0.53( 142-> 146)  0.50( 142-> 147)  0.44( 141-> 144)
