           6           1  0.363889292284636     
           7           2   1.42959116808635     
           7           6   1.28899205982670     
           8           7  0.881345227053541     
           9           8  0.977445957014310     
          10           3   1.37712184346013     
          10           6   1.25130439090589     
          10           9  0.914828559686033     
          11           9  0.966193151887250     
          12           8  0.943476650060605     
          13          12  0.968242270445941     
          14          13  0.930924331995834     
          15          14   1.83131938687209     
          16          14   1.09517492161397     
          17           1  0.514924932524288     
          18           3   1.34282684347859     
          18          17   1.11249560358817     
          19          18   1.14407017951396     
          20          19   1.43329587787943     
          21           4   1.22865482601693     
          21          17   1.24255193017896     
          21          20   1.11994049046583     
          22          19  0.995763232690382     
          23          20  0.927234369902463     
          24          23   1.87999663092136     
          25          23  0.967343724175249     
          26           1  0.438524963240915     
          27           4   1.44481685853283     
          27          26   1.27380702689145     
          28          27  0.906922766597493     
          29          28  0.967115343548636     
          30           5   1.49574826194937     
          30          26   1.16168539532392     
          30          29  0.949100347071502     
          31          28  0.969704675212650     
          32          29  0.925466324912062     
          33          32   1.01530116693447     
          34           1  0.481070458843368     
          35           5   1.21308909423467     
          35          34   1.14917653785691     
          36          35   1.25181589991909     
          37          36   1.28864291476105     
          38           2   1.14527905840437     
          38          34   1.23493291690943     
          38          37   1.21372210461936     
          39          36  0.998335881580977     
          40          37   1.08366004626693     
          41          40   1.81956104611770     
          42           2  0.942938256182467     
          42          40  0.838802736094235     
          43          42  0.958253407501943     
          44          43   1.82737500331529     
          45          43   1.03272210955750     
          46          45  0.974523545970615     
          47          16  0.927367662774083     
          48          47  0.978486130907583     
          49          48   1.91620478777945     
          50          49  0.992612116807458     
          51          49  0.932420607861549     
          52          51  0.992483326635839     
          53          52  0.973707501340016     
          54          53  0.975163238013104     
          55          54  0.990171406381780     
          56          54  0.952419802516193     
          57          56  0.993982643678417     
          58          57  0.981896540792632     
          59          58  0.962989399270809     
          60          59  0.975355309195456     
          61          59  0.963141974414257     
          62          61   1.00170614087622     
          63          62  0.975709313613074     
          64          63  0.960089201622435     
          65          64  0.992401028198654     
          66          64  0.990685382784743     
          67           3  0.932703411383364     
          68           4  0.935385469595154     
          69           5  0.935122220251802     
          70           8  0.943178734731783     
          71           9  0.946320084809636     
          72          11  0.981134226048492     
          73          11  0.974646920950077     
          74          11  0.972929437203185     
          75          12  0.970555715615142     
          76          12  0.965752862380919     
          77          13  0.966152373641499     
          78          13  0.962418041832885     
          79          22  0.973732638494758     
          80          22  0.962303608655659     
          81          22  0.968120604739686     
          82          25  0.965525623894128     
          83          25  0.970551951760506     
          84          25  0.956591042346904     
          85          28  0.948300099037683     
          86          29  0.930172353755557     
          87          31  0.973550415195786     
          88          31  0.979270018313493     
          89          31  0.979794999231058     
          90          32  0.967738561829452     
          91          32  0.971444777792713     
          92          33  0.982915043294368     
          93          33  0.967416119057043     
          94          33  0.979405575074691     
          95          39  0.975250898012392     
          96          39  0.969062265726775     
          97          39  0.963138158760715     
          98          42  0.929120637202725     
          99          46  0.986550881474935     
         100          46  0.988153332194449     
         101          46  0.983182619297007     
         102          47  0.961819796529300     
         103          47  0.976909309916160     
         104          48  0.939034667879666     
         105          50  0.968268278026745     
         106          50  0.970529290065455     
         107          50  0.968225250119729     
         108          51  0.961700311939734     
         109          51  0.962481847274783     
         110          52  0.962738951753513     
         111          52  0.964855656875995     
         112          53  0.965035845543017     
         113          53  0.960391584608554     
         114          54  0.949734669289423     
         115          55  0.984971214544555     
         116          55  0.975759621927104     
         117          55  0.976185148807505     
         118          56  0.966034905624434     
         119          56  0.961085636856695     
         120          57  0.962962833071994     
         121          57  0.971900382435542     
         122          58  0.968803163903003     
         123          58  0.961951690516579     
         124          59  0.955870195619942     
         125          60  0.981707931365533     
         126          60  0.982070429249789     
         127          60  0.979896210565023     
         128          61  0.956529537951549     
         129          61  0.958405561048009     
         130          62  0.959276551212635     
         131          62  0.965253427323801     
         132          63  0.968367566041505     
         133          63  0.966803259896469     
         134          64  0.962141003454272     
         135          65  0.980647242794919     
         136          65  0.973346486515200     
         137          65  0.980233666084683     
         138          66  0.981159334236841     
         139          66  0.977782797664216     
         140          66  0.977929733535033     
