  0.314118493484468     
  1.264646172241424E-002
 -4.522252422150341E-002
 -1.627118323870569E-002
 -2.188209299649202E-002
 -0.163489947496286     
  8.279050922520792E-003
 -1.394995632237617E-002
 -2.779122718944915E-002
  5.613539466773743E-002
 -9.413084331765909E-002
 -4.027482993649034E-002
 -5.625918707289923E-002
  0.204119072070413     
 -0.247565951639978     
 -0.153472789706633     
 -0.213571467975392     
  2.857861796283556E-002
 -2.816765645953812E-002
 -6.220962664108587E-002
  4.639721978510369E-002
 -7.938354868222408E-002
  0.163898839492511     
 -0.230370743067040     
 -0.106899093565319     
 -0.141409108621482     
  2.985069387461925E-002
 -1.713911400806190E-002
 -6.085320854319676E-003
  2.620158443998433E-002
 -0.100842396578405     
 -4.822317882811777E-002
 -9.522344841920471E-002
 -0.210817691291792     
  2.955256139425622E-002
  1.744797535233822E-003
 -7.506740846971649E-002
  2.030536937158400E-002
 -7.051535872527737E-002
  0.185743938653994     
 -0.196638891945486     
 -1.575993359415939E-002
  0.185483838270052     
 -0.249256246905412     
 -0.184878301516592     
  1.511185157229811E-003
  4.762683812182456E-002
 -7.750267024642721E-002
 -3.610251824824218E-002
 -9.020253597477179E-002
 -5.809377571934782E-002
 -5.078692513764071E-002
 -7.521442027619329E-002
 -2.951772931882246E-002
 -0.113000796067072     
 -7.041301307650105E-002
 -5.807837603444010E-002
 -6.874451087592082E-002
 -3.268060902681125E-002
 -0.112576800663146     
 -7.034299188056892E-002
 -8.066574790095959E-002
 -6.156002268541627E-002
 -3.532817760745299E-002
 -0.108882701636517     
 -9.613249351413256E-002
  5.487996814837937E-002
  5.797337962900539E-002
  5.540330332841914E-002
  5.141294928755147E-002
  5.171168350371536E-002
  3.743039317817543E-002
  3.223238296938424E-002
  3.514672214625381E-002
  3.759507744949142E-002
  3.944300545297141E-002
  3.825005658586667E-002
  4.368106505533853E-002
  4.554655153427400E-002
  5.569846313375038E-002
  4.602227239003831E-002
  4.367406114789685E-002
  4.774419483931225E-002
  3.601645872195092E-002
  4.624384659192216E-002
  6.544214659433278E-002
  2.903761353991441E-002
  3.534823726483460E-002
  4.053931538792255E-002
  3.706220613593847E-002
  4.210814592035983E-002
  3.123041468961052E-002
  3.518786386819461E-002
  2.359119403145438E-002
  4.575656414784879E-002
  4.931669051307142E-002
  4.763491836085876E-002
  5.883819647763999E-002
  4.399870450609211E-002
  5.672415539130571E-002
  6.042793617082554E-002
  5.116175305156323E-002
  5.485715777986855E-002
  3.523562305766981E-002
  4.366515293963258E-002
  3.928321846951699E-002
  4.267506541676469E-002
  5.270965390504156E-002
  2.745024420286135E-002
  4.415158522932650E-002
  3.560013377984828E-002
  2.604937654282391E-002
  3.509225679899330E-002
  3.611226180225546E-002
  3.357625618128979E-002
  2.833085549052428E-002
  3.448202203865791E-002
  4.964196499396245E-002
  2.290590699446871E-002
  4.494498730691832E-002
  3.208036195482289E-002
  4.285332563495281E-002
  3.596221095489982E-002
  3.424989081817431E-002
  3.046933032002230E-002
  2.769777998273182E-002
  3.562081432367903E-002
  3.383947838007451E-002
  3.582491446661051E-002
  2.148459286544169E-002
  3.182495691618570E-002
  3.834561245129753E-002
  4.509816203236416E-002
  2.140432729030195E-002
  1.553026169090177E-002
  4.048877939928608E-002
  4.031130396115046E-002
  4.715427798786032E-002
  3.743554142959971E-002
  3.245039131447747E-002
