  0.323314547706733     
 -1.288559850012305E-002
 -4.289049152465640E-002
 -3.762213201239817E-002
 -3.574361335024445E-002
 -0.165998348343914     
  3.903343195689057E-002
 -2.718845637587641E-002
 -2.619354688320641E-002
  4.842267903336328E-002
 -8.381440696568454E-002
 -4.304169542068514E-002
 -5.673353986788410E-002
  0.196949311202179     
 -0.252491670808141     
 -0.163796880579988     
 -0.214172774517181     
  3.593911447778142E-002
 -4.684031445032488E-002
 -6.493170232681678E-002
  3.200345889668821E-002
 -8.191703207869239E-002
  0.163267389631085     
 -0.237020364887814     
 -9.215135695613608E-002
 -0.165559515648876     
  3.701022015378364E-002
 -2.339738485590903E-002
 -2.893244166803299E-002
  5.901192307797443E-002
 -8.556414408962709E-002
 -5.082504831074086E-002
 -0.102974753942946     
 -0.213999120591803     
  2.230898996335373E-002
 -9.384338423004124E-004
 -5.591317383479044E-002
  5.913199335391672E-002
 -4.895251456135874E-002
  0.134807480517430     
 -0.255402836956200     
 -3.475521941874593E-002
  0.209235784808194     
 -0.271003725284614     
 -0.141182124272098     
  1.534784088666896E-002
  2.753547717969118E-002
 -7.746957889085149E-002
 -8.751744449246424E-003
 -8.064022767987211E-002
 -6.171569261711607E-002
 -7.935309644597588E-002
 -7.689759085395842E-002
 -2.810510516564868E-002
 -9.846404034385259E-002
 -6.660041457832389E-002
 -7.169644384955998E-002
 -8.488163904316615E-002
 -4.156564619861847E-002
 -9.114257923083358E-002
 -6.675625357117632E-002
 -6.588612153970352E-002
 -6.831132305129284E-002
 -3.136264501026442E-002
 -9.340189872202398E-002
 -0.109107903304012     
  5.409290563054203E-002
  5.808159917026612E-002
  6.180647785963089E-002
  4.963817179946217E-002
  4.312544237014215E-002
  3.558628721280244E-002
  4.049963202306572E-002
  3.839322310265214E-002
  4.163108288945527E-002
  5.100943028112337E-002
  4.906021442873099E-002
  5.493785311238641E-002
  4.308913968323347E-002
  4.720260522384523E-002
  4.674915721850004E-002
  4.448174392117310E-002
  5.458069212529237E-002
  4.446287749764133E-002
  4.845017065263457E-002
  4.576515123053349E-002
  4.412520659829655E-002
  4.132729171621197E-002
  3.566587623893369E-002
  3.694115679872234E-002
  4.054204308570231E-002
  3.113862660309119E-002
  2.940490333374735E-002
  3.549275485858960E-002
  4.425009075375508E-002
  6.024693301659267E-002
  6.558600824103344E-002
  6.339487957419820E-002
  5.416996989132361E-002
  6.073300941330284E-002
  4.551012020895917E-002
  5.151564595385161E-002
  4.709173264695621E-002
  3.969098820512418E-002
  4.627977367217873E-002
  4.036784310541230E-002
  5.208625907723774E-002
  4.186399474396774E-002
  3.577054223854381E-002
  2.913441430711594E-002
  3.885193036397949E-002
  3.436435880460220E-002
  3.955518538643310E-002
  3.970514608228848E-002
  3.360400399438224E-002
  3.895662144904199E-002
  3.838111765790586E-002
  3.598070463943492E-002
  3.821754993974125E-002
  2.510365981147833E-002
  3.648834523275202E-002
  3.991912505974649E-002
  2.837334724328833E-002
  2.365758156883313E-002
  3.174426671737951E-002
  3.724232757122625E-002
  3.795776077139779E-002
  3.250433940142639E-002
  3.077741422128244E-002
  2.685038796475903E-002
  4.276096652631023E-002
  3.317682641012010E-002
  3.109852805958468E-002
  2.832978427642063E-002
  3.809108142352058E-002
  3.723098600887009E-002
  3.557426813165265E-002
  4.242683808396264E-002
  2.701090063363987E-002
  3.471538967622601E-002
