 excitation energies, transition moments and TDA amplitudes
 state    eV      nm       fL        Rv(corr)
    1    2.209   561.3     0.6802     2.9041     0.84( 142-> 143)  0.35( 141-> 145)  0.25( 141-> 143)
    2    2.343   529.2     0.1787     2.4757     0.83( 141-> 143) -0.28( 142-> 145)  0.28( 142-> 144)
    3    3.278   378.2     0.0064    13.7712    -0.93( 140-> 143)  0.21( 141-> 144)  0.16( 139-> 143)
    4    3.561   348.2     0.0186     0.3747     0.74( 139-> 143) -0.44( 142-> 144)  0.27( 142-> 145)
    5    3.738   331.7     0.1092    -6.3205    -0.55( 142-> 144)  0.53( 142-> 146) -0.38( 139-> 143)
    6    3.824   324.3     0.0374     0.7245     0.50( 142-> 144)  0.45( 141-> 144)  0.44( 142-> 145)
    7    3.863   320.9     0.0094    -5.9814     0.66( 142-> 146) -0.47( 141-> 144) -0.42( 141-> 145)
    8    4.040   306.9     0.2114    -3.5147     0.68( 137-> 143) -0.44( 142-> 145) -0.22( 134-> 143)
    9    4.065   305.0     0.1534    -4.7652     0.84( 141-> 146)  0.27( 141-> 147) -0.22( 141-> 144)
