           6           1  0.386161143031860     
           7           2   1.41989941504254     
           7           6   1.28309605255975     
           8           7  0.880783889293617     
           9           8  0.957596859233084     
          10           3   1.53400482266240     
          10           6   1.18412156795341     
          10           9  0.917822258017823     
          11           9  0.975699703956489     
          12           8  0.968124650375325     
          13          12  0.978916939299393     
          14          13  0.916675585522959     
          15          14   1.85860588561781     
          16          14   1.04351420583960     
          17           1  0.517727515984521     
          18           3   1.16675045232761     
          18          17   1.25325169006444     
          19          18   1.18165218449295     
          20          19   1.41934485310578     
          21           4   1.33546738848084     
          21          17   1.13149872456037     
          21          20   1.12128290779788     
          22          19  0.987302892598539     
          23          20  0.987494684242827     
          24          23   1.83482195073658     
          25          23  0.974998156602054     
          26           1  0.339137439718995     
          27           4   1.33313083120346     
          27          26   1.30039043226039     
          28          27  0.922519392547281     
          29          28  0.958512310900997     
          30           5   1.37268011657751     
          30          26   1.28053235467137     
          30          29  0.947783906879105     
          31          28  0.973502292896212     
          32          29  0.962130888178682     
          33          32  0.992227127113856     
          34           1  0.546758111017186     
          35           5   1.30821117603380     
          35          34   1.05380960752197     
          36          35   1.22544793494229     
          37          36   1.33121964218944     
          38           2   1.19314954545132     
          38          34   1.26668593512346     
          38          37   1.15921328768621     
          39          36   1.00205612542210     
          40          37   1.08246063366434     
          41          40   1.76511425721016     
          42           2  0.898792915530232     
          42          40  0.914170314513713     
          43          42  0.892050206026612     
          44          43   1.80684509452562     
          45          43   1.11410097508321     
          46          45  0.960652508944687     
          47          16  0.952665314479965     
          48          47  0.975708770487952     
          49          48   1.86341359673210     
          50          49   1.00643832043890     
          51          49  0.976163829151620     
          52          51  0.961662975307431     
          53          52  0.963262144350653     
          54          53  0.968880116212271     
          55          54  0.979984515854775     
          56          54  0.968492807411058     
          57          56  0.983878374742806     
          58          57  0.964859103374495     
          59          58  0.957665591743962     
          60          59  0.985230171271048     
          61          59  0.973229548498205     
          62          61  0.983723653905313     
          63          62  0.983864555701529     
          64          63  0.960161349296390     
          65          64  0.998404753854932     
          66          64  0.994804585620839     
          67           3  0.935657790972433     
          68           4  0.931399581457494     
          69           5  0.936226383726847     
          70           8  0.944535848956493     
          71           9  0.944210296632357     
          72          11  0.980020550918597     
          73          11  0.977231309864137     
          74          11  0.979688432179217     
          75          12  0.966232588256024     
          76          12  0.959844284806059     
          77          13  0.950026674853910     
          78          13  0.957688787832184     
          79          22  0.975897463795739     
          80          22  0.966996860081970     
          81          22  0.967670207648671     
          82          25  0.959698667227704     
          83          25  0.951187462654484     
          84          25  0.968486657664037     
          85          28  0.939049971731264     
          86          29  0.924521636871416     
          87          31  0.979573449486840     
          88          31  0.975294836890414     
          89          31  0.976269079923036     
          90          32  0.963902869008193     
          91          32  0.961238212626206     
          92          33  0.978585410312046     
          93          33  0.986752872346706     
          94          33  0.984369800978226     
          95          39  0.975085081773444     
          96          39  0.960037649290896     
          97          39  0.966247920110524     
          98          42  0.933667462299426     
          99          46  0.982821450248470     
         100          46  0.985664646919525     
         101          46  0.988604449869523     
         102          47  0.966484211830336     
         103          47  0.965943143574800     
         104          48  0.945537116979314     
         105          50  0.970658734246930     
         106          50  0.967283311215787     
         107          50  0.963602302530528     
         108          51  0.961194375468868     
         109          51  0.959444510152579     
         110          52  0.970391639325141     
         111          52  0.968585904377927     
         112          53  0.965601135896852     
         113          53  0.966454515190558     
         114          54  0.952044870338972     
         115          55  0.982563980235351     
         116          55  0.982626549966081     
         117          55  0.979649233557682     
         118          56  0.967225528673062     
         119          56  0.961488512018925     
         120          57  0.968180601014793     
         121          57  0.968685452773898     
         122          58  0.963478745235488     
         123          58  0.967122585327061     
         124          59  0.956946743850810     
         125          60  0.980609037553881     
         126          60  0.981531013245182     
         127          60  0.976746622022111     
         128          61  0.961402133190115     
         129          61  0.968625157694952     
         130          62  0.971411050536483     
         131          62  0.959332199533564     
         132          63  0.966522324897636     
         133          63  0.968547479883207     
         134          64  0.959430417009994     
         135          65  0.976808501215636     
         136          65  0.979741148711617     
         137          65  0.975606117838637     
         138          66  0.972724794134173     
         139          66  0.979651174940763     
         140          66  0.980825358204036     
