 excitation energies, transition moments and TDA amplitudes
 state    eV      nm       fL        Rv(corr)
    1    2.139   579.7     0.6375    -9.0513     0.87( 144-> 145)  0.36( 143-> 147) -0.19( 142-> 145)
    2    2.427   510.9     0.2556     1.9878     0.83( 143-> 145) -0.42( 144-> 147) -0.19( 140-> 145)
    3    2.909   426.2     0.0528    14.8942     0.93( 142-> 145)  0.15( 144-> 145) -0.14( 143-> 145)
    4    3.473   357.0     0.0368     2.8740     0.92( 140-> 145) -0.24( 144-> 147)  0.13( 142-> 145)
    5    3.645   340.1     0.0228   -32.7208    -0.82( 144-> 146) -0.50( 144-> 148)  0.12( 143-> 146)
    6    3.916   316.6     0.2190    34.8737    -0.74( 144-> 148)  0.38( 144-> 146)  0.25( 144-> 147)
    7    3.984   311.2     0.0447     2.8480     0.58( 139-> 145) -0.45( 137-> 145) -0.43( 138-> 145)
    8    4.050   306.1     0.0427     0.6832    -0.51( 136-> 145) -0.49( 138-> 145)  0.46( 137-> 145)
    9    4.146   299.0     0.1378   -55.5105    -0.46( 139-> 145) -0.40( 137-> 145) -0.38( 143-> 146)
