           6           1  0.378597404337241     
           7           2   1.49134505901400     
           7           6   1.20235869875006     
           8           7  0.953157663163912     
           9           8  0.926686616614596     
          10           3   1.40390821923308     
          10           6   1.23005785539656     
          10           9  0.965462114663522     
          11           9  0.974900656204269     
          12           8  0.952491363473960     
          13          12  0.962397606555999     
          14          13  0.923133149188014     
          15          14   1.85083735413647     
          16          14   1.05415586781189     
          17           1  0.534682126313989     
          18           3   1.25167841402179     
          18          17   1.11341351948402     
          19          18   1.23635421658377     
          20          19   1.38198610737610     
          21           4   1.25482547732739     
          21          17   1.23727166706902     
          21          20   1.10293713691798     
          22          19  0.984086385790107     
          23          20   1.04028655362720     
          24          23   1.79009427414815     
          25          23  0.947990963487187     
          26           1  0.348886339234446     
          27           4   1.47521196260662     
          27          26   1.21561022827136     
          28          27  0.912453485106868     
          29          28  0.955913208819868     
          30           5   1.39779556305902     
          30          26   1.31380630842292     
          30          29  0.884037424106285     
          31          28  0.988497997512829     
          32          29  0.982023886292736     
          33          32   1.00367699902241     
          34           1  0.561792942003804     
          35           5   1.25612712853158     
          35          34   1.07203555448360     
          36          35   1.29807969085943     
          37          36   1.31013809891335     
          38           2   1.12434004048015     
          38          34   1.22606407117791     
          38          37   1.22594791753995     
          39          36  0.982468020944975     
          40          37   1.00343385814713     
          41          40   1.88475344094535     
          42           2  0.971365164510252     
          42          40  0.842698835997601     
          43          42  0.910741509182075     
          44          43   1.84519454661173     
          45          43   1.04372515285481     
          46          45  0.978664372885999     
          47          16  0.943764189316113     
          48          47  0.995391661154412     
          49          48   1.84160112667645     
          50          49   1.01943760887260     
          51          49  0.970893219961115     
          52          51  0.964328135777410     
          53          52  0.971106494405240     
          54          53  0.974726595213391     
          55          54  0.977068343941763     
          56          54  0.952761799514129     
          57          56  0.978457574859866     
          58          57  0.997484605920263     
          59          58  0.977587040683977     
          60          59  0.992777720295868     
          61          59  0.942025768025113     
          62          61  0.992354198825900     
          63          62  0.986204010961562     
          64          63  0.965792446913212     
          65          64  0.988317923223735     
          66          64  0.996945391991283     
          67           3  0.938147009972640     
          68           4  0.925793439529016     
          69           5  0.934685720814246     
          70           8  0.934680398793237     
          71           9  0.938268486743906     
          72          11  0.976074710389320     
          73          11  0.970239472350108     
          74          11  0.978349550633628     
          75          12  0.964690193281673     
          76          12  0.955560175582036     
          77          13  0.957763136931843     
          78          13  0.946325699783830     
          79          22  0.971009912054183     
          80          22  0.965847781517128     
          81          22  0.973416815556587     
          82          25  0.962679592784495     
          83          25  0.968776971431374     
          84          25  0.974102355463479     
          85          28  0.940653316367879     
          86          29  0.934921678529995     
          87          31  0.968828090844011     
          88          31  0.979798271996054     
          89          31  0.975351668677815     
          90          32  0.958714916065868     
          91          32  0.961719035958127     
          92          33  0.981814128836088     
          93          33  0.978107418659847     
          94          33  0.982216995409366     
          95          39  0.978700128997852     
          96          39  0.969176474484206     
          97          39  0.971704257883210     
          98          42  0.917156287537417     
          99          46  0.987943980747355     
         100          46  0.981784392174135     
         101          46  0.983469161157025     
         102          47  0.956483075386645     
         103          47  0.970515347463050     
         104          48  0.949784010487565     
         105          50  0.963055171873974     
         106          50  0.966028947397186     
         107          50  0.959804671297995     
         108          51  0.962193059570650     
         109          51  0.959170466489996     
         110          52  0.972582152367756     
         111          52  0.966223473052665     
         112          53  0.957675651371921     
         113          53  0.969512778828490     
         114          54  0.959393133005288     
         115          55  0.975968375387447     
         116          55  0.979143245589953     
         117          55  0.984388412880805     
         118          56  0.969548177325708     
         119          56  0.964656634276328     
         120          57  0.965800184064059     
         121          57  0.969707158322862     
         122          58  0.959335815410228     
         123          58  0.958258970784721     
         124          59  0.954188719487764     
         125          60  0.981729930968184     
         126          60  0.974366813584717     
         127          60  0.978520395789194     
         128          61  0.965118720411616     
         129          61  0.970381514369246     
         130          62  0.964820910197411     
         131          62  0.963494915057379     
         132          63  0.963421699823201     
         133          63  0.960992954936144     
         134          64  0.955693400634709     
         135          65  0.983192101192584     
         136          65  0.977947599662606     
         137          65  0.977413834066614     
         138          66  0.975482060688998     
         139          66  0.979934411900263     
         140          66  0.977116925171590     
