  0.303445405925207     
  2.010189846874511E-002
 -1.777359195773798E-002
 -3.158740614903000E-002
 -3.826147035464356E-002
 -0.146269980639832     
  4.696511886711319E-002
 -2.348217399069608E-002
 -2.067584539427259E-002
  4.428282443535103E-002
 -8.315215157601852E-002
 -6.507843345731867E-002
 -5.232747339015642E-002
  0.192902685993246     
 -0.252209797398653     
 -0.162874302147809     
 -0.212514302380017     
  4.088986695807018E-002
 -2.097007137138895E-002
 -7.778431677009134E-002
  4.969984600123167E-002
 -8.562589546614063E-002
  0.168951983680605     
 -0.227842244229002     
 -0.107043488008946     
 -0.189939640819468     
  4.163267984938557E-002
 -2.100888070953211E-002
 -2.529282578326253E-002
  3.676285048793559E-002
 -9.494710866635359E-002
 -5.002217471205039E-002
 -8.969314175848364E-002
 -0.213381043605400     
  1.855548453283618E-002
 -2.855533483601924E-002
 -5.496661148494919E-002
  1.232793735206306E-002
 -6.105562599093339E-002
  0.146558722910715     
 -0.234850475325548     
 -3.472731156050823E-002
  0.233864502541085     
 -0.286526721502185     
 -0.126706055535325     
  9.751403411291104E-003
  4.747293311580902E-002
 -7.818143002821021E-002
 -1.403743280766800E-002
 -9.364904890694792E-002
 -4.558577528244889E-002
 -3.701701477110753E-002
 -0.106025160253224     
 -2.193868306728852E-002
 -9.043943247371544E-002
 -7.519200174507112E-002
 -7.200973903828167E-002
 -8.580664861279796E-002
 -1.284446761542579E-002
 -0.102960613446811     
 -5.503845455160583E-002
 -5.685874064393381E-002
 -6.907696759856385E-002
 -3.144811652663115E-002
 -0.113330014907139     
 -8.659751153966866E-002
  5.260831237310548E-002
  5.520555370206903E-002
  5.332908950021320E-002
  5.087201156583432E-002
  4.210786883548590E-002
  3.911945655838034E-002
  3.735392188262621E-002
  3.431838159993550E-002
  4.024062013861907E-002
  4.147706815613794E-002
  4.303857470111472E-002
  4.895807157899035E-002
  4.620102085421307E-002
  4.325071231732569E-002
  4.596382133336574E-002
  4.858265497366077E-002
  4.567494319374199E-002
  3.705610535275183E-002
  5.635550267622602E-002
  4.919160946534995E-002
  2.605970453087059E-002
  4.167936641787817E-002
  4.896085728040411E-002
  3.879321125852331E-002
  3.642119895910467E-002
  3.288603941186696E-002
  4.230629589428281E-002
  3.484555800206268E-002
  5.022661691940578E-002
  5.130651903061167E-002
  5.177578074292688E-002
  6.587782341302140E-002
  7.563059901012947E-002
  3.287098064284955E-002
  5.780517526124485E-002
  5.586111762244605E-002
  6.327320265388836E-002
  2.856384295766456E-002
  3.982412200327723E-002
  4.054570225969578E-002
  4.374307655843257E-002
  3.673184640935689E-002
  4.271266754592917E-002
  3.582775020594986E-002
  3.961204138636298E-002
  3.297486734100008E-002
  1.795785886407020E-002
  3.454335019385302E-002
  3.455789644684137E-002
  3.733186403537281E-002
  3.367462531159693E-002
  3.678924576033737E-002
  3.191909636773071E-002
  2.796444342463433E-002
  2.887956211277443E-002
  3.739828942975076E-002
  2.158053738482668E-002
  3.805322587665805E-002
  2.905939701331695E-002
  4.303519126748556E-002
  2.893713739327575E-002
  3.241660892382037E-002
  3.535367417648028E-002
  2.727739628897374E-002
  3.545756869847416E-002
  3.362263019116174E-002
  3.071400318264816E-002
  2.521900773394314E-002
  3.573090084583153E-002
  2.581042303354830E-002
  3.068292125392347E-002
  4.642551913682680E-002
  3.850623486263216E-002
  3.409713256853997E-002
