 excitation energies, transition moments and TDA amplitudes
 state    eV      nm       fL        Rv(corr)
    1    2.238   553.9     0.6668     2.6521     0.85( 142-> 143)  0.37( 141-> 145)  0.22( 141-> 144)
    2    2.300   539.2     0.1364    -3.2110    -0.83( 141-> 143)  0.35( 142-> 145)  0.21( 142-> 143)
    3    3.203   387.1     0.0049    -8.5355    -0.90( 140-> 143)  0.24( 139-> 143)  0.14( 141-> 144)
    4    3.540   350.2     0.0429    -1.1136    -0.60( 139-> 143) -0.41( 142-> 144) -0.37( 142-> 145)
    5    3.701   335.0     0.0763     5.1682    -0.55( 141-> 144)  0.43( 139-> 143) -0.37( 142-> 145)
    6    3.758   330.0     0.0104     4.3581    -0.70( 138-> 143) -0.53( 136-> 143) -0.20( 142-> 144)
    7    3.808   325.6     0.0375     8.1091     0.68( 142-> 144) -0.40( 139-> 143) -0.36( 142-> 145)
    8    3.837   323.2     0.0473   -29.1043     0.72( 142-> 146)  0.50( 141-> 144) -0.27( 141-> 145)
    9    4.057   305.6     0.4318    -2.3442    -0.79( 141-> 146)  0.36( 141-> 145)  0.22( 141-> 144)
