           6           1  0.320872756425698     
           7           2   1.29073524250515     
           7           6   1.32795291305027     
           8           7  0.954401983102056     
           9           8  0.950752883925557     
          10           3   1.45113117863688     
          10           6   1.22522678134296     
          10           9  0.937322521114682     
          11           9  0.969366268231220     
          12           8  0.939908294727154     
          13          12  0.960529205357700     
          14          13  0.925176184247836     
          15          14   1.84134513974031     
          16          14   1.07157815708227     
          17           1  0.558971593850649     
          18           3   1.26380169049632     
          18          17   1.11731068272631     
          19          18   1.23952878202976     
          20          19   1.37035932969526     
          21           4   1.23129588297029     
          21          17   1.20934324088556     
          21          20   1.16874719515883     
          22          19  0.980431765072821     
          23          20  0.954167253056888     
          24          23   1.88239998661633     
          25          23  0.948548230823605     
          26           1  0.433568627042959     
          27           4   1.42736314514939     
          27          26   1.22955195122552     
          28          27  0.932234837823207     
          29          28  0.951144332870047     
          30           5   1.45286237690370     
          30          26   1.20661234998292     
          30          29  0.938251523974338     
          31          28  0.945859394682975     
          32          29  0.943248684628787     
          33          32   1.00949313395301     
          34           1  0.480593463418624     
          35           5   1.27947479724177     
          35          34   1.20106371084859     
          36          35   1.12035196310181     
          37          36   1.41348529026258     
          38           2   1.32173898195859     
          38          34   1.15374718881915     
          38          37   1.12943224784962     
          39          36  0.998309411784909     
          40          37   1.05331627050215     
          41          40   1.80439669810293     
          42           2  0.946770225521070     
          42          40  0.883462107837579     
          43          42  0.904420881552526     
          44          43   1.79020989248110     
          45          43   1.13128501131668     
          46          45  0.961640924759609     
          47          16  0.934831484803495     
          48          47  0.990454090443998     
          49          48   1.88793112570262     
          50          49  0.995272435752243     
          51          49  0.952786109022972     
          52          51   1.00345628820982     
          53          52  0.969160182873644     
          54          53  0.952526069725280     
          55          54  0.995618750958830     
          56          54  0.982034388155188     
          57          56  0.974983682997085     
          58          57  0.984346919247967     
          59          58  0.954272666714811     
          60          59  0.985301688525013     
          61          59  0.973797804281066     
          62          61  0.992480219579070     
          63          62  0.963821869120312     
          64          63  0.968695122381821     
          65          64  0.988734101903403     
          66          64  0.978878567038619     
          67           3  0.929949889963105     
          68           4  0.935442756029007     
          69           5  0.936085473722586     
          70           8  0.933392904096967     
          71           9  0.945148904177486     
          72          11  0.975557234710357     
          73          11  0.976004731091366     
          74          11  0.981210623646059     
          75          12  0.964211478247368     
          76          12  0.958218661096070     
          77          13  0.968304060286866     
          78          13  0.959100279818433     
          79          22  0.968498007617172     
          80          22  0.968011011078628     
          81          22  0.976180308146131     
          82          25  0.964710488648048     
          83          25  0.958313748824152     
          84          25  0.971804131036025     
          85          28  0.943764841791414     
          86          29  0.939117500451665     
          87          31  0.982547598692009     
          88          31  0.980724612275322     
          89          31  0.975293924522082     
          90          32  0.964171732901753     
          91          32  0.964834094094540     
          92          33  0.978645459380782     
          93          33  0.976246843905100     
          94          33  0.980588125763203     
          95          39  0.977119982872709     
          96          39  0.965033670802525     
          97          39  0.963206291270101     
          98          42  0.920120022132059     
          99          46  0.971490335530507     
         100          46  0.987798915791290     
         101          46  0.982618627726893     
         102          47  0.967096324684362     
         103          47  0.966202779272787     
         104          48  0.942366988033039     
         105          50  0.971356467758237     
         106          50  0.976366692640829     
         107          50  0.963313995506799     
         108          51  0.957078001590014     
         109          51  0.948296845785690     
         110          52  0.963970177503905     
         111          52  0.962233037389078     
         112          53  0.954163700969321     
         113          53  0.968912849839583     
         114          54  0.950710531534467     
         115          55  0.977652658160780     
         116          55  0.977283441766219     
         117          55  0.973424720615535     
         118          56  0.955622713485756     
         119          56  0.961357840926282     
         120          57  0.971568344776762     
         121          57  0.967375136021802     
         122          58  0.962543862143536     
         123          58  0.967012731630727     
         124          59  0.951012038096229     
         125          60  0.981033505410962     
         126          60  0.974909805118217     
         127          60  0.975216898649916     
         128          61  0.961375763847735     
         129          61  0.959342671992195     
         130          62  0.973985626413854     
         131          62  0.968926654671826     
         132          63  0.965975959114625     
         133          63  0.969911455217616     
         134          64  0.962856007324192     
         135          65  0.977694625248940     
         136          65  0.979714142150425     
         137          65  0.974903423804879     
         138          66  0.982880451161186     
         139          66  0.979217691465374     
         140          66  0.981709883913519     
