  0.291183459596666     
  1.851739688641452E-002
 -5.472633238656055E-002
 -1.695873628529121E-002
 -1.498902666675850E-002
 -0.162186955342512     
  2.596700651894057E-002
 -2.005688459580490E-002
 -1.056091993245190E-002
  2.493266492199409E-002
 -8.436540040017171E-002
 -3.187685565544829E-002
 -8.039825212651674E-002
  0.244695491795967     
 -0.258163651239275     
 -0.169927749561538     
 -0.217691606027947     
  3.808562474751920E-003
 -5.760541271942721E-002
 -7.351934042883634E-002
  1.562283786666452E-003
 -6.780077139331375E-002
  0.152291912387789     
 -0.225957247775657     
 -9.606610350619338E-002
 -0.156320127731010     
  2.565663254085049E-002
 -3.227280727431392E-004
 -3.045785906061216E-002
  4.931480379378028E-002
 -8.607614348961956E-002
 -5.638298639491790E-002
 -8.337915915511207E-002
 -0.211159360158915     
  6.225720361394504E-002
  3.213465227538137E-002
 -3.055101679312244E-002
  3.168056517949269E-002
 -7.552135969689200E-002
  0.125776214132859     
 -0.251817983230127     
 -3.940498932628600E-002
  0.228501121829503     
 -0.282486856194881     
 -0.145230040259361     
 -9.332491316591529E-004
  3.939111826284147E-002
 -8.383941363020941E-002
 -2.939308354155656E-002
 -8.694898059428979E-002
 -7.360698880678829E-002
 -5.115068698673930E-002
 -9.086875670725192E-002
 -3.471062920985091E-002
 -0.101697872017050     
 -6.700863116922751E-002
 -8.097479880247072E-002
 -8.493795562827433E-002
 -1.941800794852799E-002
 -8.842793719527897E-002
 -8.392295991305243E-002
 -6.305033711525798E-002
 -8.638213289527386E-002
 -2.092127416071943E-002
 -9.350497324093787E-002
 -0.113974681166612     
  5.605667578337370E-002
  6.260116395850990E-002
  4.667108095848338E-002
  5.565264026979910E-002
  4.741555929881047E-002
  3.404930481506230E-002
  4.719522345923211E-002
  3.856275229294115E-002
  3.674071192188688E-002
  5.336532300923746E-002
  4.554419985167890E-002
  3.189549482908760E-002
  6.160925696680886E-002
  5.875647402705730E-002
  4.738516785339564E-002
  5.327462663419091E-002
  4.202668801100251E-002
  4.658138670905276E-002
  5.565398349820194E-002
  5.476054844919764E-002
  3.449893393357828E-002
  4.188996845781368E-002
  4.248548392322804E-002
  3.675575881719473E-002
  3.126324804744374E-002
  3.780274698059749E-002
  3.576260617733285E-002
  3.609808857447572E-002
  4.990388345274188E-002
  4.227150678610936E-002
  4.295160144066157E-002
  5.725714505950563E-002
  5.589241569072567E-002
  4.915540721510092E-002
  4.619436786436626E-002
  6.849283759383884E-002
  5.906245145798605E-002
  4.566662450306913E-002
  4.805501512645904E-002
  3.833316306509515E-002
  3.618123750743996E-002
  3.047975608991826E-002
  3.980185893931898E-002
  3.992671124158398E-002
  3.570975363359619E-002
  3.689294937765475E-002
  2.974748957324902E-002
  3.424400972570818E-002
  4.026424261043637E-002
  3.121085207205798E-002
  3.067906858839675E-002
  3.443005323561188E-002
  4.502164244400941E-002
  4.367654934883258E-002
  2.844488710320314E-002
  3.296718778686625E-002
  3.606467598536744E-002
  3.741903302853522E-002
  3.738079424666529E-002
  3.471293291430777E-002
  3.990504114277282E-002
  3.476907303978205E-002
  3.069652462631223E-002
  4.244729674654413E-002
  4.359206378299196E-002
  2.920439260101626E-002
  3.354873710621953E-002
  4.018427715127426E-002
  3.796981359852769E-002
  3.409830029566707E-002
  3.715629151846134E-002
  3.901027158078962E-002
  2.611344710089880E-002
  3.042138296214136E-002
