 excitation energies, transition moments and TDA amplitudes
 state    eV      nm       fL        Rv(corr)
    1    2.328   532.6     0.2722   -13.5388    -0.64( 142-> 144) -0.54( 143-> 144) -0.33( 141-> 144)
    2    2.390   518.8     0.6240     1.8093     0.71( 143-> 144) -0.53( 142-> 144)  0.26( 142-> 146)
    3    2.776   446.6     0.0405    21.0426     0.90( 141-> 144) -0.27( 142-> 144)  0.15( 143-> 146)
    4    3.534   350.8     0.2423    40.9620    -0.93( 143-> 145)  0.21( 143-> 147) -0.11( 142-> 146)
    5    3.716   333.7     0.0011     0.4523    -0.73( 139-> 144)  0.38( 138-> 144) -0.34( 143-> 146)
    6    3.769   328.9     0.0077     0.5028     0.65( 138-> 144)  0.37( 136-> 144) -0.31( 142-> 145)
    7    3.878   319.7     0.1430   -25.6324    -0.59( 142-> 145) -0.33( 136-> 144) -0.29( 139-> 144)
    8    4.035   307.3     0.0006    11.7328     0.45( 135-> 144)  0.39( 138-> 144)  0.32( 139-> 144)
    9    4.041   306.8     0.0662    15.2541    -0.64( 143-> 148)  0.55( 143-> 147) -0.40( 142-> 145)
