           6           1  0.337146056569336     
           7           2   1.44727764290044     
           7           6   1.16296684371144     
           8           7  0.948493227695549     
           9           8  0.948573537618624     
          10           3   1.39209597197477     
          10           6   1.32856763577348     
          10           9  0.919564011458232     
          11           9  0.970358202416734     
          12           8  0.962998582558220     
          13          12  0.978242100024170     
          14          13  0.927130713234935     
          15          14   1.86945482121134     
          16          14   1.04853690334337     
          17           1  0.564363123162322     
          18           3   1.27266655460413     
          18          17   1.16084571305953     
          19          18   1.17691554396559     
          20          19   1.43703424596114     
          21           4   1.26228167746357     
          21          17   1.15038594107651     
          21          20   1.14764543134092     
          22          19  0.988230092210195     
          23          20  0.943919722813542     
          24          23   1.87291938760671     
          25          23  0.964091088018295     
          26           1  0.468632191806032     
          27           4   1.46188111069506     
          27          26   1.18178106930887     
          28          27  0.964938460276630     
          29          28  0.925402997810239     
          30           5   1.49544523008113     
          30          26   1.19746908405631     
          30          29  0.930741921677838     
          31          28  0.975982401360529     
          32          29  0.965876069868365     
          33          32  0.997872951874637     
          34           1  0.478906396681586     
          35           5   1.21291084764830     
          35          34   1.20992515816963     
          36          35   1.20760531954777     
          37          36   1.33752466683268     
          38           2   1.23781078444485     
          38          34   1.17443117351591     
          38          37   1.15268811749534     
          39          36  0.987757706602741     
          40          37   1.14226477591199     
          41          40   1.75443870988144     
          42           2  0.913438873222910     
          42          40  0.842931619352221     
          43          42  0.950341233480163     
          44          43   1.80026242201300     
          45          43   1.07552345803368     
          46          45  0.972319138637323     
          47          16  0.953499109519413     
          48          47  0.971475328323241     
          49          48   1.89852082848685     
          50          49  0.991896802036086     
          51          49  0.950244710140593     
          52          51  0.979198649192945     
          53          52  0.984141747047826     
          54          53  0.950449967088869     
          55          54  0.990332248820289     
          56          54  0.975376624609669     
          57          56  0.984624197471467     
          58          57  0.974677784513792     
          59          58  0.961063541370013     
          60          59   1.00126857282982     
          61          59  0.949957360839212     
          62          61  0.980113210542856     
          63          62  0.985551941600607     
          64          63  0.964058237871018     
          65          64  0.992233161805287     
          66          64  0.983215122701852     
          67           3  0.935055343825701     
          68           4  0.925963593065230     
          69           5  0.935995571234736     
          70           8  0.923310634513603     
          71           9  0.945457115899346     
          72          11  0.980962319629253     
          73          11  0.976331113039780     
          74          11  0.974716150899937     
          75          12  0.963385783621989     
          76          12  0.956842596558525     
          77          13  0.940843274721817     
          78          13  0.958918775869892     
          79          22  0.966946472125283     
          80          22  0.968268960707775     
          81          22  0.963972975719756     
          82          25  0.957601188049911     
          83          25  0.959045120745167     
          84          25  0.969964078808754     
          85          28  0.933746696965038     
          86          29  0.934072068668984     
          87          31  0.976970962807774     
          88          31  0.974140516159983     
          89          31  0.975989108777550     
          90          32  0.963480506243227     
          91          32  0.966352260723361     
          92          33  0.982112223016745     
          93          33  0.980137961039535     
          94          33  0.986736850745759     
          95          39  0.971349631860654     
          96          39  0.979887389129094     
          97          39  0.966069042884838     
          98          42  0.932601608887577     
          99          46  0.986716261940909     
         100          46  0.982296448169655     
         101          46  0.984542802790335     
         102          47  0.956721762232178     
         103          47  0.970192290783098     
         104          48  0.941418420874250     
         105          50  0.968440140612889     
         106          50  0.973205691177605     
         107          50  0.973383683858207     
         108          51  0.961506804440756     
         109          51  0.959249227869093     
         110          52  0.961713392476818     
         111          52  0.967463432127223     
         112          53  0.959676958650092     
         113          53  0.959152813916695     
         114          54  0.949632428716943     
         115          55  0.976205858109246     
         116          55  0.976257986985707     
         117          55  0.982297333865312     
         118          56  0.960329266160608     
         119          56  0.959021513946829     
         120          57  0.956859248210954     
         121          57  0.964069508022710     
         122          58  0.962146152033821     
         123          58  0.966053712746341     
         124          59  0.953012535523331     
         125          60  0.975132214891924     
         126          60  0.973687781437814     
         127          60  0.978617016123327     
         128          61  0.970403740587283     
         129          61  0.966070477069263     
         130          62  0.968918194851906     
         131          62  0.968784232299066     
         132          63  0.958886088778486     
         133          63  0.962017906361229     
         134          64  0.955966915390106     
         135          65  0.974194165381984     
         136          65  0.980383873058820     
         137          65  0.974540622596680     
         138          66  0.975066159095369     
         139          66  0.981983265693594     
         140          66  0.976825179512929     
