  0.301979651554922     
 -2.260973901321073E-003
 -3.155352500004938E-002
 -2.119457193845165E-002
 -4.914715010397774E-002
 -0.160787972493922     
  4.837426136919554E-002
 -2.816083006037662E-002
 -2.590845210007853E-002
  5.558207989873454E-002
 -0.102188998916856     
 -4.445863318869492E-002
 -3.988259637847769E-002
  0.189111405541456     
 -0.292782297326800     
 -0.149338219597169     
 -0.211302185327789     
  2.959989667141461E-002
 -3.646183299440953E-002
 -6.751799873076170E-002
  4.614204654679233E-002
 -8.138667195489813E-002
  0.157268617433439     
 -0.235477414686740     
 -0.101337193101318     
 -0.162598707521432     
  3.003406419732757E-002
 -1.322546715639472E-002
 -1.234119092429076E-002
  3.708614715232361E-002
 -8.972354949188421E-002
 -4.552714963480131E-002
 -8.705365997547254E-002
 -0.212988609739044     
  2.663227961389536E-002
 -1.291616809244989E-002
 -8.352966037296117E-002
  1.602763959299391E-002
 -5.297594896868496E-002
  0.185803857697081     
 -0.197251308227567     
 -5.467263764185226E-002
  0.216053088957903     
 -0.258642710772820     
 -0.159444195625995     
  8.351008058047782E-003
  5.060487297382998E-002
 -7.499529662496141E-002
 -3.323865231108059E-002
 -8.816874050428680E-002
 -6.793866194279286E-002
 -6.718821989762436E-002
 -5.739970543902562E-002
 -4.829804202863563E-002
 -0.111303315604337     
 -6.274668815425954E-002
 -5.885472583376217E-002
 -6.814853243453278E-002
 -3.861078933864093E-002
 -9.153338823449175E-002
 -8.473831859550351E-002
 -5.134803283798206E-002
 -9.733456976355992E-002
 -2.694334388745379E-002
 -8.906397038848191E-002
 -0.107173386090686     
  5.414361159274006E-002
  5.722045072982429E-002
  4.872413101527684E-002
  5.236900517951282E-002
  5.500347115530291E-002
  2.775844174456421E-002
  3.596272877503448E-002
  4.086069499062750E-002
  4.130766233052785E-002
  5.000633610811367E-002
  5.305534302076009E-002
  4.810286421271448E-002
  4.620939934988966E-002
  5.512089074501825E-002
  4.938913842190595E-002
  4.851897648800296E-002
  4.018470039189226E-002
  5.366670982152355E-002
  4.214774634368390E-002
  5.553767592497250E-002
  4.110726130685738E-002
  4.245066272223919E-002
  3.484660420562369E-002
  3.113173807981418E-002
  3.842395846137869E-002
  2.849202123962291E-002
  4.275632730275380E-002
  3.956535705109954E-002
  5.209153435832425E-002
  5.117356444170695E-002
  5.830031688596249E-002
  5.393106217782173E-002
  4.780220139825919E-002
  4.490508463291942E-002
  5.843378719488745E-002
  7.142611484808725E-002
  4.355666216749610E-002
  3.703700724431624E-002
  5.474917323052253E-002
  4.021392856331285E-002
  4.005354244325543E-002
  3.478240235323438E-002
  3.240048344871660E-002
  3.584675187398789E-002
  3.262498580074014E-002
  4.002836693986167E-002
  4.466750967703814E-002
  2.726103975082916E-002
  1.809882940245955E-002
  3.964148988491778E-002
  3.968282441332160E-002
  3.491794438787044E-002
  3.344347244348023E-002
  2.807496109608343E-002
  3.398888670285927E-002
  2.989093130520315E-002
  3.366043586593315E-002
  2.666189989356893E-002
  3.722224424312714E-002
  4.677037769611914E-002
  3.205429589852360E-002
  2.532324359277582E-002
  3.188713901710571E-002
  4.404970071585534E-002
  4.606438590340134E-002
  2.902435276771542E-002
  3.344575893992907E-002
  4.007001572217617E-002
  4.888891147660879E-002
  4.644973465764879E-002
  3.491091763717291E-002
  3.426063871519958E-002
  2.922592778546562E-002
  1.735519629338156E-002
