 excitation energies, transition moments and TDA amplitudes
 state    eV      nm       fL        Rv(corr)
    1    2.185   567.4     0.6861    13.6394     0.87( 142-> 143)  0.40( 141-> 145)  0.10( 140-> 143)
    2    2.391   518.4     0.1424     1.2195     0.83( 141-> 143) -0.47( 142-> 145)  0.15( 138-> 143)
    3    3.126   396.7     0.0138     4.5519    -0.93( 140-> 143) -0.15( 142-> 145) -0.13( 137-> 143)
    4    3.394   365.3     0.0569    18.8378     0.61( 142-> 147) -0.47( 142-> 145) -0.46( 142-> 146)
    5    3.550   349.2     0.0272    -8.4998    -0.69( 138-> 143)  0.36( 136-> 143) -0.35( 137-> 143)
    6    3.661   338.7     0.0364     9.4959     0.77( 142-> 144)  0.31( 138-> 143) -0.25( 137-> 143)
    7    3.779   328.1     0.0742     0.4901     0.42( 138-> 143) -0.42( 142-> 144)  0.41( 136-> 143)
    8    3.945   314.3     0.2349    12.5917    -0.47( 141-> 144)  0.40( 141-> 146)  0.38( 141-> 145)
    9    4.047   306.4     0.5074    -4.8392    -0.57( 141-> 147)  0.42( 142-> 145) -0.32( 142-> 146)
