           6           1  0.349866648200001     
           7           2   1.37911580509398     
           7           6   1.29331952889125     
           8           7  0.904324959157401     
           9           8  0.970792901561047     
          10           3   1.41067159119708     
          10           6   1.24820845431219     
          10           9  0.938812827429811     
          11           9  0.949117972521560     
          12           8  0.934241234240804     
          13          12  0.998618774064263     
          14          13  0.951904404168722     
          15          14   1.79935979097917     
          16          14   1.06845459038623     
          17           1  0.515404519214347     
          18           3   1.28587033987255     
          18          17   1.14459502082323     
          19          18   1.16588068954341     
          20          19   1.44137033556042     
          21           4   1.21478958007670     
          21          17   1.23154300293235     
          21          20   1.13064260435781     
          22          19  0.972083676286005     
          23          20  0.958608934304337     
          24          23   1.84659407981897     
          25          23  0.977722919731240     
          26           1  0.411900104827595     
          27           4   1.52480810103907     
          27          26   1.14833303063842     
          28          27  0.924814738297605     
          29          28  0.939347905149092     
          30           5   1.40067896928413     
          30          26   1.29221339997227     
          30          29  0.910861094955231     
          31          28  0.970642649126164     
          32          29  0.973160260987312     
          33          32   1.00718184313003     
          34           1  0.506687437805968     
          35           5   1.28809978757945     
          35          34   1.15380891874228     
          36          35   1.18082428085405     
          37          36   1.31361150753566     
          38           2   1.23102955393762     
          38          34   1.18446652316797     
          38          37   1.16621856833819     
          39          36   1.02930527387258     
          40          37   1.05826405892802     
          41          40   1.89106939262831     
          42           2  0.946611888354711     
          42          40  0.795564672959526     
          43          42  0.930175193357093     
          44          43   1.82933328966835     
          45          43   1.06207061763288     
          46          45  0.972582505559308     
          47          16  0.959275769662773     
          48          47  0.996565705088699     
          49          48   1.87409213074144     
          50          49  0.989875384900580     
          51          49  0.968522414074676     
          52          51  0.966631889744640     
          53          52  0.984817012052933     
          54          53  0.962985841946572     
          55          54  0.975764451396279     
          56          54  0.953136766585940     
          57          56  0.987288544437197     
          58          57  0.973554935445628     
          59          58  0.965596906998471     
          60          59  0.981302917113562     
          61          59  0.962991459377564     
          62          61  0.983197977244123     
          63          62  0.985522725468032     
          64          63  0.958050098465837     
          65          64  0.980381661333149     
          66          64   1.01250960291955     
          67           3  0.931182047007189     
          68           4  0.926778403361747     
          69           5  0.937210234270550     
          70           8  0.939052706228901     
          71           9  0.940368595020453     
          72          11  0.984199382070091     
          73          11  0.979992745841576     
          74          11  0.974710874083861     
          75          12  0.959076934200007     
          76          12  0.960306851213143     
          77          13  0.937320205706104     
          78          13  0.945361712628975     
          79          22  0.966874778930512     
          80          22  0.972969698872837     
          81          22  0.973672331432475     
          82          25  0.965045528629082     
          83          25  0.963426940540955     
          84          25  0.944287540640799     
          85          28  0.947969834437038     
          86          29  0.943291813994728     
          87          31  0.974731030484702     
          88          31  0.977322848316448     
          89          31  0.975020860419677     
          90          32  0.961138448021911     
          91          32  0.961002089100917     
          92          33  0.984699095682959     
          93          33  0.962777625749956     
          94          33  0.981225635435068     
          95          39  0.963539046082161     
          96          39  0.967890539917943     
          97          39  0.951038003621874     
          98          42  0.927817253010101     
          99          46  0.985711124938452     
         100          46  0.985787695789780     
         101          46  0.986857935615175     
         102          47  0.942861461194164     
         103          47  0.967579753406875     
         104          48  0.943718753342597     
         105          50  0.971890933076470     
         106          50  0.971461218815020     
         107          50  0.968554454926888     
         108          51  0.958441844627227     
         109          51  0.965317836267732     
         110          52  0.967233319499044     
         111          52  0.965303139192216     
         112          53  0.962369862231534     
         113          53  0.962693232884677     
         114          54  0.957336445147901     
         115          55  0.983275987588195     
         116          55  0.980646814431860     
         117          55  0.975346769354398     
         118          56  0.966898550723203     
         119          56  0.964158767671707     
         120          57  0.968592287165096     
         121          57  0.971175632108150     
         122          58  0.968602497247345     
         123          58  0.963266707709642     
         124          59  0.953735603486250     
         125          60  0.981473238780283     
         126          60  0.977014974167745     
         127          60  0.980119896333034     
         128          61  0.959040323229888     
         129          61  0.955429207900786     
         130          62  0.958915588781112     
         131          62  0.964789760473009     
         132          63  0.964373523109322     
         133          63  0.958626155460896     
         134          64  0.948819010921682     
         135          65  0.979655447444790     
         136          65  0.976570603568168     
         137          65  0.981652885013901     
         138          66  0.970940912687189     
         139          66  0.974552233109132     
         140          66  0.978133803783714     
