  0.314187615016557     
  3.307240042811577E-002
 -2.273692990384202E-002
 -4.527690897431835E-002
 -3.453994668819416E-002
 -0.136559859040289     
  2.908950924935372E-002
 -2.995615418880870E-002
 -1.749957639823929E-002
  3.673232479843236E-002
 -8.372746051233104E-002
 -4.474609725276846E-002
 -4.577661218366025E-002
  0.218370068901297     
 -0.265381482038240     
 -0.178525997933967     
 -0.224063839119489     
  2.503932290792799E-002
 -5.124328882318530E-002
 -5.794624742184773E-002
  8.263488393929563E-002
 -6.606429154327564E-002
  0.119963545520986     
 -0.281316258240293     
 -8.094107092513259E-002
 -0.187018084435660     
  5.244096498195461E-002
 -1.000283214062581E-002
 -2.715549587067922E-002
  3.544096811612851E-002
 -7.819048014397989E-002
 -6.564159170482586E-002
 -8.665616498141215E-002
 -0.204936979258876     
  1.896875630647887E-002
 -4.390912688492676E-003
 -5.835736134775527E-002
  8.626599751530240E-003
 -6.306679632692358E-002
  0.149164797499515     
 -0.210489037850184     
 -2.936152242020817E-002
  0.208557102774782     
 -0.291217676151796     
 -0.151132306904621     
  1.551150605349161E-002
  3.326992620322278E-002
 -7.718809013986050E-002
 -2.959636171753299E-002
 -7.204423207516086E-002
 -5.390872393250845E-002
 -5.022021040595437E-002
 -7.500028467965958E-002
 -1.990843239975604E-002
 -0.102287368527272     
 -7.275534909199255E-002
 -6.848705658818766E-002
 -5.342769627268673E-002
 -2.443832358020259E-002
 -9.547002299515306E-002
 -8.588577515053863E-002
 -8.557471759526791E-002
 -7.243105053988153E-002
 -1.035648062520433E-002
 -9.016551200746292E-002
 -0.114448019056523     
  5.472255668497250E-002
  5.175819714750685E-002
  5.805037285412928E-002
  4.594179355067174E-002
  4.016752059587203E-002
  3.691654117991672E-002
  3.505626407882756E-002
  4.204499451143773E-002
  3.316826804763295E-002
  4.563604572705593E-002
  4.808200134507934E-002
  4.565418681024402E-002
  5.632565650829424E-002
  4.937819002103461E-002
  4.801525012257102E-002
  5.317291469796115E-002
  4.966783970722777E-002
  4.693948246253454E-002
  6.044461126757794E-002
  4.791701111444258E-002
  4.078232166452744E-002
  4.765132325142041E-002
  3.877309257374240E-002
  2.667786144528483E-002
  3.524371197604781E-002
  3.576135303994465E-002
  3.512457023843207E-002
  4.365121318928522E-002
  4.781414223268310E-002
  5.278181775500368E-002
  5.405899156126659E-002
  6.010649920823963E-002
  5.601353615884297E-002
  3.482823262469981E-002
  5.220587220480022E-002
  5.376267720325689E-002
  5.591043158328701E-002
  4.196737948219187E-002
  5.155995787204903E-002
  5.498343681118190E-002
  4.172366492070934E-002
  3.500376064184907E-002
  4.110630185251218E-002
  3.202974377432122E-002
  3.174050491239011E-002
  2.546662297264735E-002
  2.923711233149928E-002
  3.472152561185593E-002
  2.902032753691963E-002
  4.423870393723661E-002
  3.618863250467219E-002
  3.573664416745337E-002
  2.954516677537999E-002
  2.640936997517518E-002
  3.350723382870724E-002
  2.534807846336673E-002
  3.855561185742162E-002
  3.539613982297474E-002
  3.417940487774396E-002
  3.462577121063104E-002
  3.751266262424613E-002
  2.540368764875978E-002
  3.667946342367345E-002
  3.321751446509058E-002
  3.235854691545392E-002
  3.588014893220837E-002
  4.131653398638468E-002
  3.134427176799093E-002
  4.176287064903283E-002
  3.460306212927000E-002
  2.405773423240154E-002
  2.689741813422686E-002
  3.308088748250748E-002
  2.982943346772204E-002
