 excitation energies, transition moments and TDA amplitudes
 state    eV      nm       fL        Rv(corr)
    1    2.116   586.0     0.7010     7.5657     0.88( 143-> 144)  0.29( 142-> 146) -0.15( 141-> 144)
    2    2.388   519.2     0.3803    -3.4095     0.86( 142-> 144) -0.32( 143-> 146)  0.19( 143-> 148)
    3    2.892   428.7     0.0230   -11.5598    -0.92( 141-> 144) -0.27( 139-> 144)  0.10( 142-> 144)
    4    3.322   373.2     0.0651     9.3666    -0.87( 139-> 144)  0.20( 141-> 144)  0.17( 136-> 144)
    5    3.350   370.1     0.0467    18.6218    -0.64( 143-> 146) -0.64( 143-> 148)  0.34( 143-> 147)
    6    3.649   339.8     0.0018    16.0217    -0.71( 138-> 144)  0.47( 143-> 145)  0.32( 137-> 144)
    7    3.726   332.7     0.0604    16.2544    -0.71( 143-> 145) -0.43( 138-> 144)  0.25( 142-> 145)
    8    3.871   320.3     0.1370   -44.5133    -0.62( 142-> 146) -0.59( 142-> 148)  0.28( 142-> 147)
    9    3.998   310.1     0.0072     4.6517    -0.49( 137-> 144) -0.38( 136-> 144) -0.33( 138-> 144)
