           6           1  0.318628283795731     
           7           2   1.47281221493600     
           7           6   1.20644981378526     
           8           7  0.925063807693127     
           9           8  0.956219423506609     
          10           3   1.41887293129625     
          10           6   1.30274094140141     
          10           9  0.897925917872952     
          11           9  0.989152935134474     
          12           8  0.942143142714852     
          13          12  0.995442225404130     
          14          13  0.937812960382683     
          15          14   1.84193186832247     
          16          14   1.05926606666772     
          17           1  0.568808046346020     
          18           3   1.24953221375063     
          18          17   1.05543568501650     
          19          18   1.28582686483583     
          20          19   1.30479753320077     
          21           4   1.07441789545244     
          21          17   1.30976867092546     
          21          20   1.19850703009699     
          22          19  0.967640901806425     
          23          20   1.03997058432174     
          24          23   1.76816950787579     
          25          23  0.981384313932357     
          26           1  0.456674262903475     
          27           4   1.57798711324428     
          27          26   1.19392872123037     
          28          27  0.900400386873102     
          29          28  0.955353280849910     
          30           5   1.46792323693854     
          30          26   1.19998038671011     
          30          29  0.930439780625194     
          31          28  0.972241276922247     
          32          29  0.939322702518005     
          33          32  0.999037510297616     
          34           1  0.450375206648726     
          35           5   1.23287214466861     
          35          34   1.16279575532079     
          36          35   1.20466495329969     
          37          36   1.36110130236790     
          38           2   1.19030591894219     
          38          34   1.21997918979466     
          38          37   1.16398643657704     
          39          36  0.999491992137208     
          40          37   1.06953203957634     
          41          40   1.85111122359918     
          42           2  0.967509944679476     
          42          40  0.794006192069053     
          43          42  0.966278063304168     
          44          43   1.76377255624363     
          45          43   1.08230397936227     
          46          45  0.978850947405428     
          47          16  0.950570275409580     
          48          47  0.986439041870469     
          49          48   1.86184544427406     
          50          49  0.981637016374164     
          51          49  0.994934101755765     
          52          51  0.968529261896616     
          53          52  0.993099177049309     
          54          53  0.962091063429355     
          55          54  0.980569515054634     
          56          54  0.972750319207112     
          57          56  0.966189354586064     
          58          57  0.986499207082672     
          59          58  0.982500876715459     
          60          59  0.967131785722719     
          61          59  0.975273418795976     
          62          61  0.963281833910525     
          63          62  0.975674785480057     
          64          63  0.970904189702901     
          65          64   1.00421517696338     
          66          64  0.984135641878701     
          67           3  0.935741960438598     
          68           4  0.935881365708000     
          69           5  0.936594861708170     
          70           8  0.937232222102959     
          71           9  0.946514005396246     
          72          11  0.974579496037466     
          73          11  0.975754097037806     
          74          11  0.971983048621228     
          75          12  0.963142029147955     
          76          12  0.960232012459008     
          77          13  0.941441561401437     
          78          13  0.951085082426287     
          79          22  0.969184637517207     
          80          22  0.979150116169728     
          81          22  0.973528177343328     
          82          25  0.954984707277572     
          83          25  0.970894536630457     
          84          25  0.963181302053635     
          85          28  0.945726455606268     
          86          29  0.943409366867013     
          87          31  0.980501365699074     
          88          31  0.977124679455982     
          89          31  0.976065483712020     
          90          32  0.971499348831975     
          91          32  0.966004470026377     
          92          33  0.985603987908971     
          93          33  0.981515394063670     
          94          33  0.983706579249690     
          95          39  0.973975972136216     
          96          39  0.961023816409135     
          97          39  0.970230833916112     
          98          42  0.924374390044298     
          99          46  0.975473169171636     
         100          46  0.989960856632509     
         101          46  0.985311387830907     
         102          47  0.958120080131291     
         103          47  0.961210511375259     
         104          48  0.943569659784593     
         105          50  0.974754253649042     
         106          50  0.969043617142851     
         107          50  0.979408243727907     
         108          51  0.950657149918869     
         109          51  0.952115286343046     
         110          52  0.966741528688577     
         111          52  0.970099499080516     
         112          53  0.965335992032261     
         113          53  0.966178459878331     
         114          54  0.957318521594104     
         115          55  0.983201706183533     
         116          55  0.975779184655585     
         117          55  0.979559502814566     
         118          56  0.963652971420470     
         119          56  0.967192087076995     
         120          57  0.971856952158058     
         121          57  0.970694882966277     
         122          58  0.964409921238928     
         123          58  0.956173524661569     
         124          59  0.948382897235732     
         125          60  0.985345356888473     
         126          60  0.982529915709095     
         127          60  0.980928121614376     
         128          61  0.964786409329909     
         129          61  0.963449884990311     
         130          62  0.975101233659296     
         131          62  0.968634591428922     
         132          63  0.962281870795486     
         133          63  0.959534356773025     
         134          64  0.952685918795056     
         135          65  0.972637463421049     
         136          65  0.975671298159590     
         137          65  0.982221045819234     
         138          66  0.975810430797632     
         139          66  0.976087673013095     
         140          66  0.981436749356511     
