  0.290394087082636     
  1.875102218791547E-002
 -3.371048937190668E-002
 -4.195626681271936E-002
 -2.888770672685226E-002
 -0.158952112419865     
  2.418121515107785E-002
 -2.501582804311209E-002
 -1.237399924227667E-002
  2.452137937529919E-002
 -7.743051799566647E-002
 -6.453037595797362E-002
 -6.841870541559469E-002
  0.196971601801798     
 -0.280663325952277     
 -0.145144649045216     
 -0.217855402476610     
  3.645563496418003E-002
 -2.970941899547519E-002
 -9.036592234981100E-002
  2.033434934414835E-002
 -8.077297999863298E-002
  0.182517519700723     
 -0.222873647184458     
 -8.963092564871999E-002
 -0.158576901052671     
  3.782093694858180E-002
 -7.207704284247107E-003
 -3.329946456071120E-002
  3.411186628059015E-002
 -8.839199060729364E-002
 -6.826031600664439E-002
 -8.272139176728821E-002
 -0.208252806226877     
  2.380584052142698E-002
  1.252246370828303E-002
 -5.016835277657705E-002
  2.500571643378047E-002
 -5.718854641665949E-002
  0.140830193240717     
 -0.239782160334799     
 -3.019759852082782E-002
  0.221005054455631     
 -0.239126022588813     
 -0.142479538526092     
  7.847344686999325E-003
  6.292027799302158E-002
 -6.848901079282932E-002
 -1.792982509859264E-002
 -9.754592408486573E-002
 -4.831301035595104E-002
 -7.573602836295379E-002
 -8.138386836193323E-002
 -3.664354409276260E-002
 -9.972687621067866E-002
 -6.987404723317159E-002
 -4.565263066951264E-002
 -5.714255190757989E-002
 -3.876149335033041E-002
 -0.122129807273383     
 -8.846454064299625E-002
 -6.997721713176652E-002
 -7.373729915393135E-002
 -2.991969645616432E-002
 -0.109619600126822     
 -0.100778657462388     
  5.914891612101758E-002
  5.426679688610347E-002
  5.464692480992461E-002
  4.583333540203771E-002
  5.300700737653086E-002
  4.111865095177036E-002
  4.185745209408298E-002
  4.961933783353212E-002
  3.544890835971815E-002
  4.461304245211017E-002
  3.331716040110300E-002
  5.236607027821505E-002
  4.992175720109326E-002
  3.917044513895729E-002
  4.484862342304030E-002
  5.060531888979813E-002
  4.045829523256106E-002
  5.792147962174299E-002
  4.630986500576262E-002
  4.491815717759118E-002
  4.373026959029536E-002
  3.997298719316356E-002
  3.467972428618105E-002
  4.521762012273745E-002
  2.092569831421187E-002
  3.935625565954071E-002
  2.773197408731287E-002
  3.847918587670129E-002
  5.025500884196910E-002
  5.226864628527916E-002
  5.673357638393972E-002
  5.781627509008413E-002
  4.448199262369879E-002
  4.538562262139423E-002
  4.849474983100543E-002
  5.824237124783627E-002
  6.588163601131225E-002
  4.015287710336768E-002
  4.787083859970920E-002
  3.606723192803496E-002
  4.767733107300831E-002
  4.015487152728547E-002
  4.699945606088807E-002
  2.845393809114150E-002
  3.216931809869095E-002
  4.772940406695059E-002
  2.258919536801485E-002
  3.358078395716690E-002
  3.362110350088032E-002
  3.124877308908713E-002
  3.226777923516932E-002
  3.821639591489312E-002
  3.606100624403374E-002
  4.281349439392168E-002
  4.439573346252335E-002
  3.753746109255263E-002
  4.133358458232173E-002
  3.779900637541511E-002
  3.208550345222094E-002
  2.680291609103103E-002
  2.506790816983895E-002
  3.717020737446242E-002
  2.688555323879971E-002
  3.586822825951053E-002
  3.287332574750046E-002
  2.705262107377671E-002
  4.106220973497698E-002
  3.126742804196481E-002
  3.914235087477214E-002
  3.818395905980609E-002
  3.181589258894968E-002
  3.166983876642837E-002
  3.865978667008174E-002
  4.237574056595994E-002
