 excitation energies, transition moments and TDA amplitudes
 state    eV      nm       fL        Rv(corr)
    1    2.161   573.7     0.6776     7.6116     0.87( 143-> 144)  0.35( 142-> 145) -0.26( 142-> 146)
    2    2.273   545.5     0.0801     4.7608    -0.85( 142-> 144)  0.37( 143-> 145) -0.25( 143-> 146)
    3    3.171   391.0     0.0040   -10.8848     0.94( 141-> 144) -0.15( 140-> 144) -0.14( 141-> 146)
    4    3.543   349.9     0.0562     0.7855    -0.58( 143-> 145) -0.54( 143-> 147)  0.32( 143-> 148)
    5    3.638   340.8     0.0226    27.8250    -0.53( 143-> 146)  0.51( 140-> 144) -0.44( 143-> 147)
    6    3.711   334.1     0.0780    -5.2928    -0.65( 143-> 146) -0.37( 143-> 145)  0.35( 143-> 147)
    7    3.889   318.8     0.0698   -23.0070     0.50( 140-> 144)  0.43( 137-> 144)  0.40( 136-> 144)
    8    3.918   316.4     0.2272   -49.8487     0.54( 142-> 147)  0.53( 142-> 145)  0.29( 142-> 146)
    9    3.976   311.8     0.1949    42.9047    -0.45( 142-> 146) -0.43( 137-> 144) -0.41( 138-> 144)
