           6           1  0.372637317089679     
           7           2   1.37953821047072     
           7           6   1.23865856312784     
           8           7  0.934790588398887     
           9           8  0.965580222440014     
          10           3   1.42539972265604     
          10           6   1.24971923882991     
          10           9  0.923837953695906     
          11           9  0.962980574895012     
          12           8  0.939070004600726     
          13          12  0.949689885500157     
          14          13  0.934585062485751     
          15          14   1.78121893685949     
          16          14   1.13184043212944     
          17           1  0.583074946436034     
          18           3   1.26881868723372     
          18          17   1.13587724164254     
          19          18   1.22067706534999     
          20          19   1.41764206425694     
          21           4   1.28616735677273     
          21          17   1.16590772659936     
          21          20   1.13011638475551     
          22          19  0.967225765996110     
          23          20  0.924840907403798     
          24          23   1.88054706283360     
          25          23  0.987301832005274     
          26           1  0.379826170837760     
          27           4   1.40637444580574     
          27          26   1.24720982276180     
          28          27  0.935584419844442     
          29          28  0.974481775383270     
          30           5   1.41793310014093     
          30          26   1.24336600258318     
          30          29  0.917852342861796     
          31          28  0.956665010894479     
          32          29  0.922958693762603     
          33          32   1.01089605037937     
          34           1  0.492237722132613     
          35           5   1.30969661523712     
          35          34   1.13537698510220     
          36          35   1.15655835175195     
          37          36   1.42807875548866     
          38           2   1.31228172605668     
          38          34   1.19180979570785     
          38          37   1.10490639475106     
          39          36   1.00680595529040     
          40          37   1.04988772393923     
          41          40   1.79605488474789     
          42           2  0.916809471636236     
          42          40  0.901385430127802     
          43          42  0.899821878574732     
          44          43   1.85395001549681     
          45          43   1.05508965145396     
          46          45  0.982247810990465     
          47          16  0.923646697666819     
          48          47   1.00638585689300     
          49          48   1.88194556078332     
          50          49  0.973951846157378     
          51          49  0.981903538125455     
          52          51  0.955756268214474     
          53          52  0.981155992969429     
          54          53  0.944885052449587     
          55          54   1.00236776233937     
          56          54  0.957390982674262     
          57          56  0.974999743885711     
          58          57  0.997084345922710     
          59          58  0.957704863377398     
          60          59  0.973967116445358     
          61          59  0.965692549991460     
          62          61  0.980943722904100     
          63          62  0.979851825388011     
          64          63  0.974538116924896     
          65          64  0.972050270519304     
          66          64   1.00753547433488     
          67           3  0.933018209203084     
          68           4  0.928827093945573     
          69           5  0.933546707028142     
          70           8  0.937165762931323     
          71           9  0.943472429777533     
          72          11  0.979848812005702     
          73          11  0.976545388003647     
          74          11  0.975112694300667     
          75          12  0.965146215170246     
          76          12  0.960584827432111     
          77          13  0.965285166697701     
          78          13  0.952437779528031     
          79          22  0.974956826999365     
          80          22  0.978145277317210     
          81          22  0.971908979287928     
          82          25  0.961571946446981     
          83          25  0.965392013472457     
          84          25  0.946582115730655     
          85          28  0.939877997060957     
          86          29  0.938239093615840     
          87          31  0.978265421612306     
          88          31  0.973867217272149     
          89          31  0.976806184355172     
          90          32  0.962298398817823     
          91          32  0.968988038302798     
          92          33  0.980558131636145     
          93          33  0.979551755057418     
          94          33  0.982125616618703     
          95          39  0.969565836181831     
          96          39  0.957757759859841     
          97          39  0.970980593603944     
          98          42  0.931622744342448     
          99          46  0.983589528426977     
         100          46  0.988060238509312     
         101          46  0.980698137411745     
         102          47  0.970939852769678     
         103          47  0.958830439347338     
         104          48  0.938917371643468     
         105          50  0.976667448891266     
         106          50  0.975717554316238     
         107          50  0.970448426032133     
         108          51  0.960161283260083     
         109          51  0.962462531984064     
         110          52  0.964860532507434     
         111          52  0.965835151540761     
         112          53  0.957424233632037     
         113          53  0.970724999340105     
         114          54  0.950806342811000     
         115          55  0.977652741255594     
         116          55  0.974199180386155     
         117          55  0.974264921026780     
         118          56  0.964724669621639     
         119          56  0.962529700065792     
         120          57  0.959294680315510     
         121          57  0.962227642583364     
         122          58  0.958428145062477     
         123          58  0.957595914311455     
         124          59  0.952024212819577     
         125          60  0.977176931857603     
         126          60  0.982355317144506     
         127          60  0.980328411485008     
         128          61  0.959789031668812     
         129          61  0.964123780899646     
         130          62  0.964133889692541     
         131          62  0.969723123670121     
         132          63  0.968778723218273     
         133          63  0.958118427271055     
         134          64  0.956031502166010     
         135          65  0.984586926398973     
         136          65  0.978501039745366     
         137          65  0.983713260195603     
         138          66  0.977319658733825     
         139          66  0.971821830017982     
         140          66  0.974049438580728     
