  0.318564587696051     
  1.655500497767637E-003
 -2.506589382655022E-002
 -2.116992644079385E-002
 -4.478678759786625E-002
 -0.169937362249800     
  4.361243961404115E-002
 -1.992716775772507E-003
 -2.018626201566320E-002
  5.176179491900212E-002
 -9.409481578070622E-002
 -6.416879350573623E-002
 -4.146937521122140E-002
  0.192565948013865     
 -0.255593319979605     
 -0.172487303452538     
 -0.208724172509249     
  4.232646999050615E-002
 -2.209198733041706E-002
 -5.121249168144271E-002
  3.744913256976723E-002
 -7.813360725661234E-002
  0.135347459847789     
 -0.264397488593530     
 -8.014965431392884E-002
 -0.171232451824123     
  6.184902463165498E-002
 -2.716560054383255E-002
 -3.308660649828088E-002
  1.925031026075974E-002
 -8.419497662954978E-002
 -5.677236251599016E-002
 -8.919604608744436E-002
 -0.216381412426588     
  1.011982622302510E-002
 -1.043298268632586E-002
 -7.496885712706813E-002
  3.328467918862321E-002
 -5.313959856681816E-002
  0.155398582067900     
 -0.227064995827380     
 -3.315337325903567E-002
  0.220454036531875     
 -0.280414124514730     
 -0.140349872657063     
  1.646730708840360E-002
  4.558374876880888E-002
 -8.211562302529973E-002
 -2.630389900577601E-002
 -8.350011342316233E-002
 -4.380406850128704E-002
 -6.449255156727229E-002
 -8.690150631830296E-002
 -1.577019251406409E-002
 -0.109231494624281     
 -8.383503258865588E-002
 -6.150764312647716E-002
 -5.630253658358342E-002
 -2.495890648722554E-002
 -0.101928875470031     
 -7.827169239544673E-002
 -7.212295753472997E-002
 -6.330908432174098E-002
 -1.349907181200294E-002
 -0.103436487329281     
 -0.118542011994575     
  4.369595321302810E-002
  6.379487196668265E-002
  5.366990076136313E-002
  5.737683966335749E-002
  4.690328834255031E-002
  4.368452841560311E-002
  3.385422786041292E-002
  3.311623858785606E-002
  3.587749140181884E-002
  4.660867005748837E-002
  5.794765050403283E-002
  4.501041639506764E-002
  4.221019727498021E-002
  5.307440966679389E-002
  5.138729849853774E-002
  5.244663525227622E-002
  4.565316707151101E-002
  5.008919344177465E-002
  4.722544172393472E-002
  5.111981593370951E-002
  4.048965577872343E-002
  4.284530175800949E-002
  3.696501519786843E-002
  3.764695421695607E-002
  3.339788150297807E-002
  3.361236589091587E-002
  2.624489838701838E-002
  4.350172069519109E-002
  5.076432043002110E-002
  5.294161581109336E-002
  5.594595915444134E-002
  5.530732319471721E-002
  5.259794022172992E-002
  5.778326385431432E-002
  4.403370730478984E-002
  6.627974691674787E-002
  6.447717913249995E-002
  3.106727806483767E-002
  4.823314826367719E-002
  4.679208009603608E-002
  4.690987631264787E-002
  4.211774933106804E-002
  4.436262228913446E-002
  4.103418813164339E-002
  2.216087573108627E-002
  2.537070529444252E-002
  2.530740716467417E-002
  2.165416129297970E-002
  2.186349105682150E-002
  3.497282179973848E-002
  4.645799467321787E-002
  2.286414460465025E-002
  2.907455688856053E-002
  3.162426452290534E-002
  2.594365442085445E-002
  4.660151240630606E-002
  2.935083925403792E-002
  2.341793764128075E-002
  2.986522120130908E-002
  3.223143541477047E-002
  3.813998989613132E-002
  2.179177847228542E-002
  2.757113177351933E-002
  3.091400563562163E-002
  3.485181209281663E-002
  3.348249631777922E-002
  4.481759676220909E-002
  5.719292022978628E-002
  3.361874141520016E-002
  3.672670787085974E-002
  3.530549616279266E-002
  3.764954652374952E-002
  2.779747779413910E-002
  3.863936811463753E-002
