 excitation energies, transition moments and TDA amplitudes
 state    eV      nm       fL        Rv(corr)
    1    2.213   560.2     0.6404    -1.0138    -0.86( 142-> 143) -0.35( 141-> 145)  0.19( 141-> 144)
    2    2.412   514.0     0.1585    -0.8607     0.83( 141-> 143) -0.42( 142-> 145)  0.23( 142-> 144)
    3    3.272   378.9     0.0162    -2.1122    -0.92( 140-> 143)  0.19( 141-> 144)  0.15( 142-> 145)
    4    3.559   348.4     0.0167     6.3158    -0.85( 142-> 144)  0.24( 139-> 143) -0.21( 141-> 145)
    5    3.651   339.5     0.0088     0.6364    -0.77( 142-> 146)  0.39( 142-> 148) -0.29( 142-> 145)
    6    3.741   331.4     0.0269     3.1026     0.70( 139-> 143)  0.45( 142-> 145) -0.39( 142-> 146)
    7    3.935   315.1     0.0561    -6.1355    -0.58( 141-> 144)  0.50( 138-> 143) -0.41( 136-> 143)
    8    4.017   308.6     0.0252     4.9443     0.45( 136-> 143) -0.44( 141-> 144) -0.37( 135-> 143)
    9    4.045   306.5     0.5514    70.8044    -0.43( 142-> 145)  0.38( 139-> 143)  0.35( 141-> 144)
