           6           1  0.358632912637222     
           7           2   1.41781252649719     
           7           6   1.19173856259781     
           8           7  0.975793047006789     
           9           8  0.968802496649940     
          10           3   1.38303391909433     
          10           6   1.32490485064842     
          10           9  0.891968500698020     
          11           9  0.964330760211943     
          12           8  0.932238139423292     
          13          12  0.957607536019246     
          14          13  0.939416012460759     
          15          14   1.82878759750762     
          16          14   1.06143596257507     
          17           1  0.520619103317179     
          18           3   1.31973951711482     
          18          17   1.15388888220165     
          19          18   1.16045258747592     
          20          19   1.38806244634064     
          21           4   1.24707876879208     
          21          17   1.17896563476682     
          21          20   1.14907052327080     
          22          19  0.992460634506157     
          23          20   1.02012061160798     
          24          23   1.78827618669223     
          25          23  0.984442353776968     
          26           1  0.392922905437725     
          27           4   1.44654725135277     
          27          26   1.25052417855544     
          28          27  0.927566705789978     
          29          28  0.939302544654028     
          30           5   1.37814609468069     
          30          26   1.25220920625972     
          30          29  0.915703724939376     
          31          28  0.971224277833180     
          32          29  0.961523904330549     
          33          32   1.00301894824362     
          34           1  0.523691397759104     
          35           5   1.31729659717540     
          35          34   1.10881036836617     
          36          35   1.16156472555050     
          37          36   1.37853015751612     
          38           2   1.19890762649432     
          38          34   1.25365251637979     
          38          37   1.15771232504992     
          39          36   1.02583646807078     
          40          37   1.02749919095102     
          41          40   1.85545372821019     
          42           2  0.939516866146804     
          42          40  0.846728579655452     
          43          42  0.943580221810731     
          44          43   1.78424827253870     
          45          43   1.10203560793507     
          46          45  0.965919499240866     
          47          16  0.951008896949062     
          48          47  0.987096773706798     
          49          48   1.88005094822344     
          50          49  0.984591113743653     
          51          49  0.990648747306940     
          52          51  0.963061224783626     
          53          52  0.960441191488834     
          54          53  0.980914741653542     
          55          54  0.980708050978627     
          56          54  0.969261907410189     
          57          56  0.987400798747149     
          58          57  0.991097028510494     
          59          58  0.953088722587007     
          60          59  0.987487075101474     
          61          59  0.973778328755207     
          62          61  0.983318361505183     
          63          62  0.966857253584337     
          64          63  0.975082398152495     
          65          64  0.980425324713341     
          66          64  0.988200621248011     
          67           3  0.934629581386622     
          68           4  0.930268453319515     
          69           5  0.936474758872548     
          70           8  0.927122138065943     
          71           9  0.944704059624834     
          72          11  0.976344018380752     
          73          11  0.978626561742310     
          74          11  0.981176605429138     
          75          12  0.965030467568534     
          76          12  0.954300648636614     
          77          13  0.954357994598374     
          78          13  0.963016860521336     
          79          22  0.975695084197855     
          80          22  0.965881181055420     
          81          22  0.964902985886463     
          82          25  0.969729324214170     
          83          25  0.957650065019094     
          84          25  0.954004948224214     
          85          28  0.943893562598891     
          86          29  0.939832927105353     
          87          31  0.980326657056126     
          88          31  0.975925533015505     
          89          31  0.977908131026733     
          90          32  0.961531004741615     
          91          32  0.965049878392503     
          92          33  0.982589715417035     
          93          33  0.988227028267949     
          94          33  0.978613996784495     
          95          39  0.967384947654381     
          96          39  0.966552931757268     
          97          39  0.952000541490599     
          98          42  0.927328160633714     
          99          46  0.982166100964935     
         100          46  0.976552725400465     
         101          46  0.990001617358153     
         102          47  0.956355588406147     
         103          47  0.962336340856704     
         104          48  0.942948216869873     
         105          50  0.969675795666901     
         106          50  0.974332345835926     
         107          50  0.972248836740920     
         108          51  0.957584540502857     
         109          51  0.950042229077848     
         110          52  0.967204398147406     
         111          52  0.972738230403450     
         112          53  0.964728795742441     
         113          53  0.961431176706777     
         114          54  0.951461890747207     
         115          55  0.978273643081818     
         116          55  0.978514283724455     
         117          55  0.970517013319270     
         118          56  0.964359148674418     
         119          56  0.956719154068703     
         120          57  0.963957647016951     
         121          57  0.971445331835243     
         122          58  0.961751967585423     
         123          58  0.968605726255541     
         124          59  0.954589325309873     
         125          60  0.979175966208993     
         126          60  0.981170433140102     
         127          60  0.977246257181468     
         128          61  0.967721187497549     
         129          61  0.966893947971201     
         130          62  0.972467625436463     
         131          62  0.971346032928112     
         132          63  0.966055749039707     
         133          63  0.961359427279995     
         134          64  0.952857637047288     
         135          65  0.978040412576617     
         136          65  0.976870112148335     
         137          65  0.981080104020257     
         138          66  0.979976617998424     
         139          66  0.977112910262990     
         140          66  0.975901723002754     
