  0.303634079797872     
 -1.904671677739778E-003
 -1.333000204342216E-002
 -3.736679375756680E-002
 -4.934208381533800E-002
 -0.134772648568836     
  2.446099344762942E-002
 -1.943810523734602E-002
 -2.665064997071553E-002
  4.503006657310671E-002
 -8.865324963327659E-002
 -5.523705121619127E-002
 -4.524589464109408E-002
  0.206161728709358     
 -0.288799668254346     
 -0.151861100234773     
 -0.214656443680250     
  3.047295068255007E-002
  4.054042896348697E-004
 -7.263450431009311E-002
  3.925743436910878E-002
 -6.496030872791803E-002
  0.144957110319927     
 -0.247596853662118     
 -8.120653294603386E-002
 -0.192336737388958     
  1.237951624855604E-002
 -1.700654876105823E-002
 -4.307487970789303E-002
  5.217884312765531E-002
 -6.653247539068197E-002
 -5.805875904936730E-002
 -9.471612197049506E-002
 -0.219371053730185     
  1.526686530154375E-002
 -2.906685474384041E-002
 -6.812060322671964E-002
  1.751377611111060E-002
 -5.651877657623761E-002
  0.156522817806561     
 -0.221865179894371     
 -1.813296070713388E-002
  0.217922533052502     
 -0.252235823007140     
 -0.171658641336923     
  1.140945414860095E-003
  4.924503175940265E-002
 -6.872744513255213E-002
 -1.390390041099820E-002
 -8.756366911598157E-002
 -8.063205431860254E-002
 -6.654737563693658E-002
 -7.134324703288275E-002
 -3.309893845368084E-002
 -9.879773257453639E-002
 -6.889473620193698E-002
 -5.889572088028849E-002
 -6.833684284732122E-002
 -1.804587939740454E-002
 -0.110706905166809     
 -8.025672256309591E-002
 -8.112182401463031E-002
 -7.354029757846270E-002
 -9.585491798586254E-003
 -0.106388523440937     
 -0.118989458098463     
  4.979218801381402E-002
  4.982714809384359E-002
  5.005420252340653E-002
  4.976896423044630E-002
  4.572585190657108E-002
  3.313539451471559E-002
  4.373090579690220E-002
  4.286954344848837E-002
  4.649116488609539E-002
  3.819912185107488E-002
  5.500414450493529E-002
  5.437689107356247E-002
  4.829813670405136E-002
  4.977041549556738E-002
  5.492769136185838E-002
  5.579447616127886E-002
  5.345706578852771E-002
  4.431156891927768E-002
  4.762634356884410E-002
  5.530383004509953E-002
  4.424744402582614E-002
  4.150924356208840E-002
  4.430543374457752E-002
  3.896437163283073E-002
  3.764420075658714E-002
  2.483391679948310E-002
  4.233149414414750E-002
  4.121281968998480E-002
  4.112117011200112E-002
  6.289746892740444E-002
  6.619953008021762E-002
  6.157552838433000E-002
  3.824141876497844E-002
  6.783970157613195E-002
  4.957754414363480E-002
  5.344585927692125E-002
  6.180203655675442E-002
  4.409061264811898E-002
  4.449325649558289E-002
  4.175994672109362E-002
  4.161666295108080E-002
  3.682719355563191E-002
  3.104370975287107E-002
  3.944805872381152E-002
  3.963048594618224E-002
  3.197169797958310E-002
  3.988453643051493E-002
  3.421788232716705E-002
  2.477362604503830E-002
  3.893730137490170E-002
  3.166283438313411E-002
  3.312386424603520E-002
  3.357689173263745E-002
  3.556585635543252E-002
  4.100101666840605E-002
  3.369633422312601E-002
  3.250835782487638E-002
  4.632497921029310E-002
  3.632906356239574E-002
  3.016404526824279E-002
  3.294233330684393E-002
  4.402997108610063E-002
  3.233004160612796E-002
  3.701705890602813E-002
  2.519403552553390E-002
  3.220116579423593E-002
  3.788588425941941E-002
  4.266476640930006E-002
  3.148552243370484E-002
  2.816049805350807E-002
  3.827968991838226E-002
  3.356439448108894E-002
  2.826773636227176E-002
  2.829310188578749E-002
