 excitation energies, transition moments and TDA amplitudes
 state    eV      nm       fL        Rv(corr)
    1    2.200   563.5     0.6849     0.6043     0.86( 143-> 144) -0.35( 142-> 146)  0.24( 142-> 145)
    2    2.283   543.0     0.1377    -1.3274    -0.84( 142-> 144) -0.34( 143-> 146)  0.27( 143-> 145)
    3    3.152   393.3     0.0210     0.5229     0.92( 141-> 144) -0.18( 143-> 146)  0.14( 142-> 145)
    4    3.584   345.9     0.0069     2.9299    -0.77( 140-> 144) -0.41( 143-> 146) -0.27( 137-> 144)
    5    3.609   343.5     0.0441    -3.7451    -0.91( 143-> 147) -0.27( 143-> 145) -0.21( 140-> 144)
    6    3.691   335.9     0.0372   -22.0768     0.79( 143-> 145)  0.39( 143-> 146) -0.24( 143-> 147)
    7    3.787   327.4     0.0812     0.0977     0.48( 137-> 144) -0.43( 142-> 145) -0.37( 136-> 144)
    8    3.879   319.6     0.0685     2.8289     0.46( 142-> 145) -0.45( 136-> 144)  0.36( 137-> 144)
    9    3.961   313.0     0.0202     1.9220    -0.95( 142-> 147)  0.17( 142-> 146) -0.11( 143-> 147)
