           6           1  0.393395533653295     
           7           2   1.41851295128965     
           7           6   1.22236354474048     
           8           7  0.961160986010083     
           9           8  0.942439941556310     
          10           3   1.43590285490234     
          10           6   1.22716577785815     
          10           9  0.946166849362522     
          11           9  0.944608107359303     
          12           8  0.926811918221454     
          13          12  0.981010441239422     
          14          13  0.955083265896766     
          15          14   1.79860520853111     
          16          14   1.08025409728832     
          17           1  0.486111933989778     
          18           3   1.30911801091724     
          18          17   1.12367163172168     
          19          18   1.18267920633728     
          20          19   1.44572221601383     
          21           4   1.31387988110393     
          21          17   1.22831375697830     
          21          20   1.07964982096543     
          22          19  0.979566242312835     
          23          20  0.970370853493624     
          24          23   1.82649332525767     
          25          23  0.988936934443154     
          26           1  0.438242038184864     
          27           4   1.39364967723856     
          27          26   1.20164786509219     
          28          27  0.919470764745617     
          29          28  0.943159000304300     
          30           5   1.40578036121089     
          30          26   1.24898551413057     
          30          29  0.969233221091166     
          31          28  0.994516834990568     
          32          29  0.921531869702094     
          33          32   1.01031660991480     
          34           1  0.500096253314951     
          35           5   1.28969492450995     
          35          34   1.13718905616697     
          36          35   1.17446556783921     
          37          36   1.33457605972496     
          38           2   1.17157940125326     
          38          34   1.22177858271948     
          38          37   1.21117037061345     
          39          36   1.00771466734712     
          40          37   1.03052655854983     
          41          40   1.85124210503040     
          42           2  0.941107386738791     
          42          40  0.854224236218713     
          43          42  0.950339967251875     
          44          43   1.82745965203055     
          45          43   1.04050737588432     
          46          45  0.976027606128453     
          47          16  0.935774700289260     
          48          47   1.00729132415574     
          49          48   1.87129825900864     
          50          49  0.980752485973463     
          51          49  0.992499211382815     
          52          51  0.943671344643479     
          53          52  0.986459793830699     
          54          53  0.954547816398933     
          55          54  0.991371982836073     
          56          54  0.972873307268940     
          57          56  0.974732632072298     
          58          57  0.993269723233005     
          59          58  0.984822297915678     
          60          59  0.979530029398333     
          61          59  0.945139882359692     
          62          61  0.977943903664107     
          63          62  0.980975558564314     
          64          63  0.973093479208082     
          65          64  0.995694531393286     
          66          64  0.979761112355763     
          67           3  0.925177322065764     
          68           4  0.930759671508890     
          69           5  0.937507079966499     
          70           8  0.939604402736838     
          71           9  0.945614722242668     
          72          11  0.979563087569064     
          73          11  0.977008043428363     
          74          11  0.980872757806092     
          75          12  0.964750833887468     
          76          12  0.963769580258171     
          77          13  0.944887299273992     
          78          13  0.942359674623911     
          79          22  0.974717198796045     
          80          22  0.975700562829804     
          81          22  0.964557434149652     
          82          25  0.952096034696633     
          83          25  0.958926482685778     
          84          25  0.968738635991935     
          85          28  0.938733759444180     
          86          29  0.932291030255142     
          87          31  0.973038444733699     
          88          31  0.972816005375908     
          89          31  0.976537436994292     
          90          32  0.964473124364170     
          91          32  0.964080328010227     
          92          33  0.983341717484667     
          93          33  0.977336103699978     
          94          33  0.976031722636862     
          95          39  0.975730558353228     
          96          39  0.962119202223157     
          97          39  0.957619893427518     
          98          42  0.921477232728762     
          99          46  0.991659036996037     
         100          46  0.974625221919364     
         101          46  0.987462129349345     
         102          47  0.960569459108861     
         103          47  0.960209301649726     
         104          48  0.936062294078872     
         105          50  0.971962012333330     
         106          50  0.973375455769110     
         107          50  0.976371407351161     
         108          51  0.962010830240092     
         109          51  0.964047883388250     
         110          52  0.968809430765204     
         111          52  0.968758060001221     
         112          53  0.965900123739608     
         113          53  0.960176516974936     
         114          54  0.950447333986185     
         115          55  0.981328295368070     
         116          55  0.973195425795182     
         117          55  0.979340226114812     
         118          56  0.961321456496635     
         119          56  0.962844183607193     
         120          57  0.960490410093099     
         121          57  0.960999109037722     
         122          58  0.959090162643178     
         123          58  0.952128710222192     
         124          59  0.945678540077263     
         125          60  0.976672012259863     
         126          60  0.977049874918844     
         127          60  0.978889134910737     
         128          61  0.961718365848709     
         129          61  0.968847998456218     
         130          62  0.963838538534944     
         131          62  0.970711084499429     
         132          63  0.965749090567344     
         133          63  0.960111422986432     
         134          64  0.952284393936232     
         135          65  0.976526975154867     
         136          65  0.974056428474206     
         137          65  0.971836742850564     
         138          66  0.980623078898725     
         139          66  0.974260725765524     
         140          66  0.977259067160558     
