  0.322182225906930     
  1.892326066420447E-002
 -2.295044407118851E-002
 -5.621159879713922E-002
 -6.392613620170629E-002
 -0.124937557852202     
  1.440013277834851E-002
 -1.546274484686450E-002
 -2.134127887625681E-002
  1.451871063604404E-002
 -7.126890046267587E-002
 -6.354595394196760E-002
 -6.977262768918546E-002
  0.213377392159924     
 -0.283040694130139     
 -0.162778214242229     
 -0.215722254009035     
  2.105504165553063E-002
 -3.288141349155982E-002
 -7.140548983749184E-002
  6.396324660001174E-002
 -7.765150521190378E-002
  0.157139646828465     
 -0.232298806135001     
 -8.938013861752836E-002
 -0.185393571715953     
  6.209374963383008E-002
 -1.780939178345609E-002
 -3.247172733764891E-002
  4.657491670828451E-002
 -9.943340273017665E-002
 -4.300967192228899E-002
 -9.271700678882322E-002
 -0.211052374242048     
  2.963947056572458E-002
 -2.198805952731675E-002
 -5.753589153228233E-002
  9.866654047418155E-003
 -6.944637139682808E-002
  0.147215785888015     
 -0.248229172132607     
 -1.427353270966414E-002
  0.228453778572641     
 -0.315173580209358     
 -0.127551407649549     
  1.877663314609856E-002
  4.361816133447993E-002
 -6.604895771388541E-002
 -1.189562433379887E-002
 -9.280419647292870E-002
 -6.132257338970337E-002
 -5.303910367326381E-002
 -6.599665132287846E-002
 -2.635805856925266E-002
 -0.110357837551972     
 -6.756080319288227E-002
 -6.348426444600364E-002
 -7.590341360967123E-002
 -2.552927352357237E-002
 -0.104657760298657     
 -7.168907837358862E-002
 -7.871268248672880E-002
 -6.810873436210585E-002
 -1.492802544153271E-002
 -8.873525792739922E-002
 -9.630812605274119E-002
  5.405476161687439E-002
  5.747149500998860E-002
  6.667945071109627E-002
  6.124190172939914E-002
  5.133225662918628E-002
  5.076416955835716E-002
  4.571026872475070E-002
  4.499353429656894E-002
  2.893943896904139E-002
  5.287393547557540E-002
  3.972649792894223E-002
  4.149808346837935E-002
  4.845352170315909E-002
  4.631650106012852E-002
  4.867669208948999E-002
  5.199829026883829E-002
  4.419877514527282E-002
  3.988543660322763E-002
  5.144036735109947E-002
  5.783605383583035E-002
  3.166120250881044E-002
  3.766665783312573E-002
  3.033916298311423E-002
  4.044911525347061E-002
  3.950308865982255E-002
  3.584859717435152E-002
  3.214090896349608E-002
  4.232641923330804E-002
  4.912987291991866E-002
  4.324892919965617E-002
  5.666141501794875E-002
  6.479308504756687E-002
  5.189614429277822E-002
  5.591939289702241E-002
  4.825936851317780E-002
  6.341328563035498E-002
  6.137766927390054E-002
  3.284145836063934E-002
  3.944597396568084E-002
  4.249408499194463E-002
  4.186389616778763E-002
  3.522458343878909E-002
  3.976596863805437E-002
  4.051301587882095E-002
  3.204502846864776E-002
  3.814050332143359E-002
  3.888422681911985E-002
  4.258815130030313E-002
  3.090140544708297E-002
  3.533137087722493E-002
  2.162085021027893E-002
  3.283509371015092E-002
  4.026941245116489E-002
  3.629867987893942E-002
  2.987330339445016E-002
  2.663534262729905E-002
  3.900175067367440E-002
  3.238608251395625E-002
  3.248499185893450E-002
  2.675159593436061E-002
  3.724864377341930E-002
  3.733316630724592E-002
  3.122899363241294E-002
  3.604525093382627E-002
  2.767326001979564E-002
  4.253356151741627E-002
  3.265741381771059E-002
  1.643897019282503E-002
  4.088411249180268E-002
  3.810464517181600E-002
  2.950860375730802E-002
  3.025704007804697E-002
  3.359635446567155E-002
  3.187000104360360E-002
