           6           1  0.405782087798302     
           7           2   1.36383107343326     
           7           6   1.26086578937921     
           8           7  0.919731914647248     
           9           8  0.957702027308001     
          10           3   1.45338993506470     
          10           6   1.20498447796952     
          10           9  0.899578510949932     
          11           9  0.974515630402097     
          12           8  0.951670121320938     
          13          12  0.948256689371031     
          14          13  0.925766636150217     
          15          14   1.81487188631853     
          16          14   1.11245305521443     
          17           1  0.493482442705474     
          18           3   1.28693804035774     
          18          17   1.15494744180135     
          19          18   1.13887962894710     
          20          19   1.46680178236523     
          21           4   1.22916594706419     
          21          17   1.25759656922868     
          21          20   1.11710759287164     
          22          19  0.979678236292235     
          23          20  0.948761983920466     
          24          23   1.85554807340864     
          25          23  0.978518742234397     
          26           1  0.350718482288951     
          27           4   1.42100815477216     
          27          26   1.28084660223348     
          28          27  0.908529061424387     
          29          28  0.954485441872791     
          30           5   1.46265944198553     
          30          26   1.26364755608691     
          30          29  0.888365725388981     
          31          28  0.993217711070354     
          32          29  0.974323539218109     
          33          32  0.998746851711937     
          34           1  0.515501917226265     
          35           5   1.22447220988744     
          35          34   1.20545904131743     
          36          35   1.17649890880787     
          37          36   1.30626871304429     
          38           2   1.24300085551028     
          38          34   1.15888604415559     
          38          37   1.17866446342293     
          39          36   1.01945405159702     
          40          37   1.12569773098303     
          41          40   1.76574984111969     
          42           2  0.951883743949934     
          42          40  0.840571648409014     
          43          42  0.957990540225656     
          44          43   1.74123650996083     
          45          43   1.13373591067177     
          46          45  0.965526166842817     
          47          16  0.916129128791971     
          48          47  0.980542195223989     
          49          48   1.92716916061140     
          50          49  0.964802086316048     
          51          49  0.945474853861005     
          52          51  0.977097563342413     
          53          52  0.983283200538507     
          54          53  0.952971283657442     
          55          54  0.993307959279444     
          56          54  0.964171876430288     
          57          56  0.982236499499877     
          58          57  0.970478743814485     
          59          58  0.974196285264000     
          60          59  0.962500496724214     
          61          59  0.984847464806018     
          62          61  0.966672881006636     
          63          62  0.978955267247505     
          64          63  0.976006532018711     
          65          64  0.993601034786007     
          66          64  0.996271108501017     
          67           3  0.928625267772603     
          68           4  0.937128044211931     
          69           5  0.938576708014050     
          70           8  0.936311447308591     
          71           9  0.938562038783553     
          72          11  0.975375959185647     
          73          11  0.976977459667137     
          74          11  0.978173380484660     
          75          12  0.968614074926272     
          76          12  0.956837651283040     
          77          13  0.970834697746383     
          78          13  0.955982233199254     
          79          22  0.967128198174409     
          80          22  0.972826492461769     
          81          22  0.975232704062211     
          82          25  0.952506124398383     
          83          25  0.963038850753879     
          84          25  0.970591152982422     
          85          28  0.941967845258531     
          86          29  0.938783345532713     
          87          31  0.973859016348893     
          88          31  0.969805134381757     
          89          31  0.976453095985185     
          90          32  0.964150661369446     
          91          32  0.963263203154525     
          92          33  0.985578980716505     
          93          33  0.983857104725540     
          94          33  0.964373373096121     
          95          39  0.945481922821060     
          96          39  0.968530207430633     
          97          39  0.968991340760997     
          98          42  0.915247849361120     
          99          46  0.987129972731987     
         100          46  0.985834126141426     
         101          46  0.981191761358150     
         102          47  0.965591605734632     
         103          47  0.971850000351906     
         104          48  0.937140053650146     
         105          50  0.972448978345197     
         106          50  0.976404422602164     
         107          50  0.977429472956229     
         108          51  0.964930683021074     
         109          51  0.955153021068863     
         110          52  0.961598780879967     
         111          52  0.967391921822024     
         112          53  0.961029272812715     
         113          53  0.962918321366435     
         114          54  0.950611592994250     
         115          55  0.976622351428960     
         116          55  0.974878029606907     
         117          55  0.981057791506925     
         118          56  0.969282644891818     
         119          56  0.960686304035985     
         120          57  0.965943464778926     
         121          57  0.976322427840662     
         122          58  0.968083561111999     
         123          58  0.958965830940284     
         124          59  0.955199157218196     
         125          60  0.981020316552914     
         126          60  0.984819901496260     
         127          60  0.980492117822630     
         128          61  0.962152818694892     
         129          61  0.962792291368251     
         130          62  0.966120548195162     
         131          62  0.968589072379234     
         132          63  0.959207445237896     
         133          63  0.962567323289822     
         134          64  0.957154250511394     
         135          65  0.973556600597966     
         136          65  0.979904583419772     
         137          65  0.980035819720478     
         138          66  0.978191520687106     
         139          66  0.981699396713564     
         140          66  0.975928820636996     
