  0.293696901305127     
 -1.138585850212870E-003
 -2.645632890212291E-002
 -3.055097060102785E-002
 -2.068969956746969E-002
 -0.150225325870070     
  1.928341271127909E-002
 -2.782285675914853E-002
 -1.262360607771651E-002
  5.307594362125512E-002
 -8.037446251292568E-002
 -4.987755928726312E-002
 -4.090804392992808E-002
  0.205926640663052     
 -0.243913441447967     
 -0.196587813293974     
 -0.224766691105500     
  2.217928488001553E-002
 -4.420864004307923E-002
 -6.749570459480658E-002
  5.108133377337465E-002
 -7.136308206382136E-002
  0.149043150296484     
 -0.230675362955297     
 -0.100363096195648     
 -0.171354949751405     
  5.163614955942553E-002
 -9.442194246217284E-003
 -4.031004995376808E-002
  2.293614388844034E-002
 -7.490442816414511E-002
 -5.356171544006649E-002
 -9.006767983924568E-002
 -0.226161738465898     
  2.128538873468644E-002
 -2.079443376946877E-002
 -6.633458123013813E-002
  4.532849354715474E-002
 -6.702246680947610E-002
  0.193044864159416     
 -0.186652242847848     
 -5.155788331134215E-002
  0.215707323887318     
 -0.293731705407080     
 -0.165977970704040     
  1.372492838094796E-002
  2.970159866439603E-002
 -6.371557217737678E-002
 -2.519052550530088E-002
 -8.426257156598815E-002
 -6.450342901090078E-002
 -6.894226840002915E-002
 -8.391763848457412E-002
 -2.208297716158913E-002
 -0.104588160421247     
 -6.540663490354248E-002
 -5.258376080672633E-002
 -7.813323189206045E-002
 -2.443155589719659E-002
 -0.100023930382898     
 -7.134208208322246E-002
 -6.546898418966940E-002
 -6.920966202977397E-002
 -1.729808121676868E-002
 -0.105146601477098     
 -0.103703828703028     
  4.582809935351362E-002
  5.444716936047367E-002
  5.668116115574995E-002
  5.620986748633616E-002
  4.976314009479665E-002
  4.906048227327631E-002
  3.838054077034014E-002
  4.082158941288261E-002
  3.714831618958181E-002
  4.921083234002777E-002
  5.313779099216842E-002
  4.897703487911331E-002
  5.055566086787333E-002
  4.619012430930924E-002
  5.203954932394983E-002
  4.349830111703556E-002
  3.581424747654138E-002
  4.777190850023671E-002
  5.210946879069656E-002
  3.950101260405492E-002
  4.452856850214659E-002
  4.638801865022690E-002
  4.325243987051519E-002
  4.252220051232325E-002
  3.097870626369470E-002
  3.533971968553895E-002
  2.899905290482663E-002
  3.760623190734114E-002
  4.744229691894108E-002
  5.530692328656939E-002
  4.574786191510860E-002
  5.112593548594635E-002
  4.154550347700747E-002
  6.169627247060028E-002
  5.753283327936076E-002
  4.312204558131272E-002
  7.021855460925730E-002
  3.832340813849444E-002
  4.391167488048431E-002
  4.007691256569346E-002
  4.433983068231429E-002
  3.592333915942614E-002
  3.628593936564473E-002
  2.652081357514047E-002
  3.270177461515855E-002
  3.725471369832090E-002
  3.236880649645635E-002
  4.717640605820439E-002
  4.397521446826669E-002
  3.169446566927492E-002
  2.503884894867658E-002
  4.009231169204164E-002
  3.961594931696377E-002
  4.010660304157654E-002
  4.226347726812352E-002
  3.626140902742636E-002
  3.118537669524013E-002
  2.945752536396662E-002
  3.522252335820830E-002
  3.371971550563946E-002
  2.098977197266916E-002
  3.248641361844162E-002
  3.822601678277349E-002
  3.800605139874513E-002
  2.863299641815908E-002
  3.063543188288820E-002
  2.989417636948255E-002
  2.720247726550074E-002
  2.663350732326808E-002
  2.862282549677286E-002
  4.369005471750498E-002
  3.099290529754628E-002
  3.550514630085155E-002
  3.468097218058563E-002
