 excitation energies, transition moments and TDA amplitudes
 state    eV      nm       fL        Rv(corr)
    1    2.253   550.3     0.8093     5.4640    -0.89( 142-> 143)  0.32( 141-> 145) -0.25( 141-> 144)
    2    2.356   526.3     0.1278     0.0528     0.85( 141-> 143)  0.32( 142-> 145)  0.25( 139-> 143)
    3    3.045   407.2     0.0067     2.9228     0.96( 140-> 143) -0.10( 139-> 144) -0.10( 141-> 143)
    4    3.392   365.5     0.0295     5.5256     0.89( 139-> 143) -0.24( 142-> 145)  0.17( 142-> 144)
    5    3.733   332.2     0.0071    -1.2088    -0.81( 138-> 143) -0.49( 136-> 143) -0.15( 135-> 143)
    6    3.946   314.2     0.0541     7.1347     0.71( 142-> 144)  0.55( 142-> 146)  0.26( 142-> 145)
    7    4.020   308.4     0.0043    -0.6312    -0.68( 142-> 146) -0.39( 141-> 144) -0.35( 141-> 145)
    8    4.072   304.5     0.0324     0.3829    -0.40( 134-> 143) -0.38( 142-> 145) -0.35( 141-> 144)
    9    4.116   301.2     0.0697    29.8655     0.42( 134-> 143) -0.39( 141-> 144)  0.38( 133-> 143)
