           6           1  0.416242249691496     
           7           2   1.43426327846344     
           7           6   1.16110369390230     
           8           7  0.963468274455520     
           9           8  0.953192934567284     
          10           3   1.42855874465671     
          10           6   1.26099217466103     
          10           9  0.953151722777993     
          11           9  0.964314388073290     
          12           8  0.924218051726441     
          13          12  0.980955423133243     
          14          13  0.934186641675004     
          15          14   1.87595792347361     
          16          14   1.02402236997761     
          17           1  0.434906675186216     
          18           3   1.30603750696859     
          18          17   1.14077636978736     
          19          18   1.16738889324067     
          20          19   1.41973547497323     
          21           4   1.28628726271765     
          21          17   1.23275177812755     
          21          20   1.11795584120675     
          22          19  0.981174873528951     
          23          20  0.969862691555929     
          24          23   1.87008626980582     
          25          23  0.940181246473658     
          26           1  0.464878651940972     
          27           4   1.38612282526255     
          27          26   1.27205865781504     
          28          27  0.960564332064418     
          29          28  0.949011345583284     
          30           5   1.47223108151439     
          30          26   1.14090516792015     
          30          29  0.957996124581816     
          31          28  0.951210599152966     
          32          29  0.920552880167768     
          33          32   1.00616951418207     
          34           1  0.520072569702472     
          35           5   1.25167567857244     
          35          34   1.12205554148721     
          36          35   1.24281009352547     
          37          36   1.31641734228922     
          38           2   1.17515336800099     
          38          34   1.21824818862379     
          38          37   1.24682158980225     
          39          36  0.986862026064960     
          40          37   1.01637457767380     
          41          40   1.92748703606216     
          42           2  0.922857264195514     
          42          40  0.782569051566793     
          43          42  0.980462981167525     
          44          43   1.77688839125714     
          45          43   1.07383887309620     
          46          45  0.969511674636582     
          47          16  0.948002975721381     
          48          47   1.00861232995058     
          49          48   1.87328048974250     
          50          49  0.976816235304086     
          51          49  0.984200960459498     
          52          51  0.960342651888064     
          53          52  0.987632548618582     
          54          53  0.952952160384123     
          55          54   1.00500814418766     
          56          54  0.955519328642414     
          57          56  0.988518643809053     
          58          57  0.982307377035395     
          59          58  0.965535683092243     
          60          59  0.990879668395857     
          61          59  0.981901903256759     
          62          61  0.973992796842231     
          63          62  0.984970410350731     
          64          63  0.990087931305320     
          65          64  0.978100300896986     
          66          64  0.973965590763236     
          67           3  0.926694062497337     
          68           4  0.936330934174207     
          69           5  0.931222131561138     
          70           8  0.928484309666492     
          71           9  0.937838250734606     
          72          11  0.975828546800367     
          73          11  0.980576147665229     
          74          11  0.976131725163938     
          75          12  0.962054627180340     
          76          12  0.955062668842578     
          77          13  0.948598484703759     
          78          13  0.959877048440009     
          79          22  0.972760550113946     
          80          22  0.968613644605631     
          81          22  0.974629440733264     
          82          25  0.972402127148634     
          83          25  0.973451070652983     
          84          25  0.960957176372080     
          85          28  0.940973541755718     
          86          29  0.940581882318730     
          87          31  0.980493862336861     
          88          31  0.977403685502376     
          89          31  0.977343138134804     
          90          32  0.963587085330125     
          91          32  0.970242625803928     
          92          33  0.984047040951279     
          93          33  0.985933430943931     
          94          33  0.975905656330940     
          95          39  0.977479408200362     
          96          39  0.968658813155964     
          97          39  0.972764423211531     
          98          42  0.935126548529790     
          99          46  0.986358822574772     
         100          46  0.981027456539346     
         101          46  0.987851356645558     
         102          47  0.962854003900846     
         103          47  0.951110619670006     
         104          48  0.941181761321469     
         105          50  0.971063121258045     
         106          50  0.979620372022012     
         107          50  0.973490901105202     
         108          51  0.956276057399106     
         109          51  0.963284446101286     
         110          52  0.970237068812701     
         111          52  0.961650757358410     
         112          53  0.960339686434778     
         113          53  0.959762064069089     
         114          54  0.949213081088881     
         115          55  0.967175259035647     
         116          55  0.974121816413190     
         117          55  0.974724162742993     
         118          56  0.961594702993120     
         119          56  0.961769838429641     
         120          57  0.965822976369966     
         121          57  0.965015512389306     
         122          58  0.960555139612467     
         123          58  0.959702040832370     
         124          59  0.949008056007385     
         125          60  0.977689874261079     
         126          60  0.977294053821333     
         127          60  0.980793977874842     
         128          61  0.962171029793970     
         129          61  0.959652674603790     
         130          62  0.961030880109564     
         131          62  0.972383524246382     
         132          63  0.962807477670074     
         133          63  0.956882391972393     
         134          64  0.956276321432644     
         135          65  0.984751756415645     
         136          65  0.981218280475072     
         137          65  0.977590718835464     
         138          66  0.980282880579560     
         139          66  0.976912296726698     
         140          66  0.983675999771754     
