  0.327326598654134     
  6.174126081506692E-003
 -3.968033139964877E-002
 -4.666603617826759E-002
 -3.256131771698545E-002
 -0.146533339405255     
  1.405432915833593E-002
 -2.084931385394118E-002
 -2.408081453042765E-002
  2.823281351807605E-002
 -9.075048933352381E-002
 -4.788600797160925E-002
 -3.534930362974453E-002
  0.196668776482208     
 -0.285940778925238     
 -0.158970943789178     
 -0.208134418260141     
  3.556313834353553E-002
 -6.987875755503303E-003
 -5.809371285701559E-002
  3.707822401606231E-002
 -6.871285470498556E-002
  0.149314015938184     
 -0.258900321541992     
 -9.946277278185267E-002
 -0.177691968985995     
  3.388852491805006E-002
 -1.573264930001628E-002
 -4.972905273917938E-002
  4.309957274557785E-002
 -9.460215726182675E-002
 -4.516575710274306E-002
 -9.422647326150901E-002
 -0.221838844607391     
  3.596033642221919E-002
 -1.395452843565970E-002
 -7.805917129377082E-002
  3.453558461319028E-002
 -7.081246627341820E-002
  0.167453433377061     
 -0.208552290562730     
 -3.417612852492891E-002
  0.215039431729353     
 -0.265804438102701     
 -0.140024479270225     
  1.652446310133282E-002
  4.993359301312905E-002
 -6.982017961546827E-002
 -3.249300019331347E-002
 -8.908376822316200E-002
 -6.036271423685502E-002
 -7.046920697465264E-002
 -7.605177306416611E-002
 -2.306219186981728E-002
 -0.104929116427760     
 -7.988288304071478E-002
 -8.399547469753621E-002
 -5.295396355232374E-002
 -2.055820027967137E-002
 -0.123973569871392     
 -7.862552998010308E-002
 -6.616818956271064E-002
 -7.185044105067373E-002
 -1.352188013360145E-002
 -0.111899487658880     
 -8.999635389472171E-002
  5.544262097725572E-002
  6.231897157560173E-002
  6.217148127282623E-002
  5.937347452701602E-002
  5.344380710452568E-002
  4.227901583980620E-002
  4.213000406463796E-002
  3.956417579091098E-002
  3.919661486920900E-002
  3.028112187197873E-002
  5.580179308426592E-002
  4.441721792155928E-002
  4.171949361070837E-002
  6.024050257896851E-002
  4.550448986510225E-002
  4.649940438595712E-002
  4.229013089281686E-002
  4.767205821860565E-002
  5.152496914886939E-002
  5.070431240395812E-002
  3.693912323220450E-002
  3.346956607608542E-002
  4.089586862241468E-002
  4.495034533231090E-002
  3.724172807567416E-002
  2.620576368541172E-002
  3.057438469224394E-002
  4.023208655927923E-002
  5.089388231551495E-002
  4.479894448565458E-002
  5.725541893903197E-002
  7.043530188756331E-002
  5.483042756351497E-002
  5.114173769619479E-002
  4.403359084723901E-002
  5.524334072230541E-002
  6.045200214861446E-002
  3.786758498322107E-002
  3.518597936421208E-002
  4.608044311120296E-002
  4.393392926185580E-002
  4.008489090640588E-002
  3.612694787767534E-002
  3.181975753808863E-002
  2.428215957369084E-002
  3.918297016173367E-002
  3.116820948253318E-002
  4.212158341454542E-002
  3.717958186909598E-002
  4.393903382457343E-002
  3.773195277791863E-002
  3.506039087577484E-002
  3.371447807103034E-002
  3.582972490449388E-002
  2.697124901781001E-002
  4.320189000305452E-002
  4.080253602972406E-002
  4.297527332927376E-002
  3.108907650256909E-002
  3.727313763299844E-002
  2.398958059648471E-002
  4.313369664229938E-002
  3.274186351954067E-002
  3.619088045785102E-002
  3.567330060740947E-002
  3.310880192497090E-002
  2.963345855742483E-002
  3.268124401846839E-002
  3.114879630150069E-002
  3.126021546660884E-002
  3.066899643917809E-002
  2.775510086052047E-002
  3.378500446109711E-002
  4.121910732030687E-002
