 excitation energies, transition moments and TDA amplitudes
 state    eV      nm       fL        Rv(corr)
    1    2.138   579.8     0.5638    -5.9947     0.82( 143-> 144)  0.39( 142-> 146)  0.30( 142-> 144)
    2    2.265   547.4     0.2142    -0.2848    -0.80( 142-> 144)  0.41( 143-> 146)  0.28( 143-> 144)
    3    3.132   395.9     0.0220   -25.1782    -0.75( 143-> 147) -0.59( 143-> 145) -0.14( 141-> 144)
    4    3.252   381.3     0.0076     9.1022    -0.92( 141-> 144) -0.17( 143-> 146) -0.17( 142-> 145)
    5    3.489   355.3     0.0087    -1.7354    -0.78( 140-> 144)  0.43( 143-> 146)  0.20( 143-> 147)
    6    3.597   344.7     0.0492   -19.6618    -0.76( 142-> 147) -0.57( 142-> 145)  0.17( 143-> 147)
    7    3.734   332.0     0.1752    27.6188     0.65( 143-> 145) -0.44( 143-> 147)  0.34( 143-> 146)
    8    3.949   314.0     0.2567    10.2512    -0.44( 143-> 146)  0.41( 142-> 145) -0.35( 140-> 144)
    9    4.048   306.3     0.1095    -4.8997    -0.46( 142-> 145)  0.33( 138-> 144) -0.31( 142-> 148)
