  0.295975484161425     
 -3.271294263476499E-003
 -3.585352203630254E-002
 -1.925442898619689E-002
 -2.039926026920735E-002
 -0.169288918973913     
  4.224153363364280E-002
 -2.393223603785799E-002
 -2.229855065951991E-002
  1.017739801326734E-002
 -8.495747528003328E-002
 -5.557863454844547E-002
 -6.800472604102925E-002
  0.235368557390004     
 -0.275162306133148     
 -0.162440414722887     
 -0.210620682904357     
  4.902765105762441E-002
 -4.159923232896912E-002
 -7.301875172790773E-002
  6.453346546945404E-003
 -7.889023435308840E-002
  0.143644118374283     
 -0.235329050464115     
 -8.511517549405223E-002
 -0.155703392506627     
  3.811534881753076E-002
 -1.094411222704217E-002
 -5.327908828967143E-002
  6.294583765954931E-002
 -8.016616867338477E-002
 -4.473325140506024E-002
 -0.105333536577614     
 -0.210453082672799     
  2.531132661260216E-002
 -9.431993942182970E-003
 -5.319255579608750E-002
  2.435677618844112E-002
 -5.922655232206608E-002
  0.176423974447978     
 -0.211860905102584     
 -7.912280743865452E-002
  0.229375485103497     
 -0.235171178016075     
 -0.161084218666540     
 -5.513832932457774E-004
  4.955358063023940E-002
 -7.426346009744034E-002
 -2.460202616041229E-002
 -7.811774891776224E-002
 -6.626968836366665E-002
 -6.171729621295352E-002
 -6.965690955485382E-002
 -1.554397406966590E-002
 -0.113699348602299     
 -6.484487945039330E-002
 -6.250969439760734E-002
 -7.188702265205915E-002
 -3.986142607113052E-002
 -0.111604005532529     
 -6.347222618690562E-002
 -5.372965442039757E-002
 -7.178219171196965E-002
 -2.312313012545530E-002
 -0.100122367168813     
 -0.101812412317170     
  5.126386941380923E-002
  5.919989269704662E-002
  5.233237300206761E-002
  5.603840531834936E-002
  4.739311755750275E-002
  4.321564671300471E-002
  4.355367061968363E-002
  3.195493205492628E-002
  3.677361311590521E-002
  5.325447271448469E-002
  5.037013510784172E-002
  5.204211250557111E-002
  4.583277912772366E-002
  4.730333211401705E-002
  4.929768012577096E-002
  4.301617575617933E-002
  4.763733262686676E-002
  5.909056706502946E-002
  5.097670276024580E-002
  3.879943022267773E-002
  4.737725257568859E-002
  3.557063018906403E-002
  3.371276311948501E-002
  3.776387241175194E-002
  3.895633659699693E-002
  2.874375317026046E-002
  3.288335612398863E-002
  3.798632810767588E-002
  4.607980849127147E-002
  5.778640344661545E-002
  6.118807294909046E-002
  5.601752169770369E-002
  4.609230402623810E-002
  5.025585980847269E-002
  5.430364034162594E-002
  6.421960737291132E-002
  6.716180982041486E-002
  3.794816416917968E-002
  3.972647479821012E-002
  4.562435928121744E-002
  5.157778739454943E-002
  3.687454240122823E-002
  3.155274564782307E-002
  3.106051213617189E-002
  2.742506094569919E-002
  3.714237910242668E-002
  2.602514211207541E-002
  4.089957399125532E-002
  2.818558765687862E-002
  3.796129190145547E-002
  2.791392443257978E-002
  3.126342766404844E-002
  3.741680210886056E-002
  3.586011143087031E-002
  2.580797056342587E-002
  3.125892417400677E-002
  3.111765695949897E-002
  2.415238217199567E-002
  1.794082378441120E-002
  3.464858838585971E-002
  3.337277425554741E-002
  4.080733905462386E-002
  4.252603322997139E-002
  3.697392114871245E-002
  3.700163198562212E-002
  3.900076547671727E-002
  2.936119053261099E-002
  3.550231774419210E-002
  3.343261154227961E-002
  3.436416813786680E-002
  3.247477508740781E-002
  2.949293830308275E-002
  3.633078846582849E-002
  2.944711648435927E-002
