           6           1  0.438356067461372     
           7           2   1.36723653121263     
           7           6   1.25158324054951     
           8           7  0.950894523580495     
           9           8  0.934275715697530     
          10           3   1.37397624796631     
          10           6   1.20985362620663     
          10           9  0.928768701044433     
          11           9  0.990839126013037     
          12           8  0.930316061541627     
          13          12  0.970368142129605     
          14          13  0.933901867381183     
          15          14   1.83506553866000     
          16          14   1.08518291687002     
          17           1  0.466498261873093     
          18           3   1.33105145342404     
          18          17   1.17232712191652     
          19          18   1.16409949425266     
          20          19   1.45322410773155     
          21           4   1.23672305405847     
          21          17   1.20994231239386     
          21          20   1.08670285654690     
          22          19  0.972127619312851     
          23          20  0.956658820792406     
          24          23   1.86062274149443     
          25          23  0.964592192730232     
          26           1  0.378834486131548     
          27           4   1.49166810234670     
          27          26   1.15470604509834     
          28          27  0.956608422237644     
          29          28  0.946667863713763     
          30           5   1.45332484075767     
          30          26   1.30265860989287     
          30          29  0.885974939701208     
          31          28  0.977877382784776     
          32          29  0.969525888019226     
          33          32  0.994340989896349     
          34           1  0.542846567530522     
          35           5   1.29747046239488     
          35          34   1.10251498266067     
          36          35   1.18128673486817     
          37          36   1.35672984037780     
          38           2   1.22708287626301     
          38          34   1.23303987667391     
          38          37   1.12149189732589     
          39          36  0.970010660830532     
          40          37   1.13616417585647     
          41          40   1.84063246524426     
          42           2  0.954830193880427     
          42          40  0.779171892814756     
          43          42  0.891369294581885     
          44          43   1.87659407616658     
          45          43   1.04565354529929     
          46          45  0.974638584362012     
          47          16  0.952505813850321     
          48          47  0.994070952954565     
          49          48   1.84724179614667     
          50          49   1.01611063900584     
          51          49  0.966311842266411     
          52          51  0.960729755984509     
          53          52  0.995996151231120     
          54          53  0.963247049439186     
          55          54  0.983317188124250     
          56          54  0.966718280141848     
          57          56  0.975566692698979     
          58          57   1.00327138001235     
          59          58  0.947801604311942     
          60          59  0.986440706986801     
          61          59  0.978487807059608     
          62          61  0.973768025315506     
          63          62  0.995298888482468     
          64          63  0.959571372750065     
          65          64  0.997718501708138     
          66          64  0.983115651173008     
          67           3  0.932450495498835     
          68           4  0.930600422003652     
          69           5  0.926981441581439     
          70           8  0.938276855201285     
          71           9  0.937766135605683     
          72          11  0.970548581668174     
          73          11  0.975431312915943     
          74          11  0.976436065659516     
          75          12  0.967656269050869     
          76          12  0.957493634334853     
          77          13  0.963023750824092     
          78          13  0.950033203043048     
          79          22  0.972568744850614     
          80          22  0.977580518887524     
          81          22  0.970191448568307     
          82          25  0.972632676491947     
          83          25  0.970224103019233     
          84          25  0.953752154984965     
          85          28  0.934822821088749     
          86          29  0.943455798796017     
          87          31  0.976085275466892     
          88          31  0.978900989590174     
          89          31  0.976507618644461     
          90          32  0.965760917361416     
          91          32  0.967025394578658     
          92          33  0.985865859324091     
          93          33  0.984330886961356     
          94          33  0.972496527823894     
          95          39  0.973916567063291     
          96          39  0.969310359618182     
          97          39  0.978885393922477     
          98          42  0.927580168870261     
          99          46  0.989520169278853     
         100          46  0.977671600714534     
         101          46  0.982117616070004     
         102          47  0.957665004970139     
         103          47  0.957395136725947     
         104          48  0.946022635836227     
         105          50  0.968149706794403     
         106          50  0.967092312021465     
         107          50  0.960358027067301     
         108          51  0.958608964946448     
         109          51  0.965722447226101     
         110          52  0.962602163616522     
         111          52  0.959027804638828     
         112          53  0.956608387329439     
         113          53  0.961747029769156     
         114          54  0.951911233344542     
         115          55  0.981095501650506     
         116          55  0.972698125357801     
         117          55  0.974565283425052     
         118          56  0.961823459814025     
         119          56  0.963904300371065     
         120          57  0.964283070662309     
         121          57  0.958559858505792     
         122          58  0.962169039843569     
         123          58  0.966625488978628     
         124          59  0.951344685467932     
         125          60  0.982730647879477     
         126          60  0.978301094413852     
         127          60  0.976665837968311     
         128          61  0.963281917820652     
         129          61  0.962034201026422     
         130          62  0.968832090319977     
         131          62  0.967497965908952     
         132          63  0.958844725166480     
         133          63  0.968147986149721     
         134          64  0.955136125440457     
         135          65  0.975208767593077     
         136          65  0.975165303308514     
         137          65  0.980028074317550     
         138          66  0.979895256159124     
         139          66  0.978290792914165     
         140          66  0.983164709741808     
