  0.284706088407301     
  5.197997284638323E-003
 -2.727022983434946E-002
 -3.381164421953553E-002
 -2.282017348918597E-002
 -0.173127337263441     
  4.854387262194804E-002
 -1.876438430421956E-002
 -3.992936005259207E-002
  4.868656444299813E-002
 -9.781706819845581E-002
 -5.594578865075484E-002
 -6.129542022056089E-002
  0.226022705673333     
 -0.312004211922903     
 -0.127369384293095     
 -0.216042784580996     
  8.646698083261128E-004
  4.754165435754132E-004
 -4.875409193809510E-002
 -8.839694831044298E-004
 -6.978228829961530E-002
  0.136115636437219     
 -0.279840900768155     
 -6.934099770168611E-002
 -0.162014869702230     
  2.521574642828828E-002
 -5.562236259963882E-003
 -2.863697480283101E-002
  5.951728969974512E-002
 -9.392082297381243E-002
 -5.817800029310760E-002
 -8.988702600644238E-002
 -0.220160243789095     
  3.672054361305310E-002
  1.154069692323789E-002
 -5.329396534130293E-002
  1.135725344187088E-002
 -7.463692829337099E-002
  0.144505695094754     
 -0.235614247332945     
 -1.890493047087194E-002
  0.233830071930004     
 -0.270915869526539     
 -0.144891538294759     
  1.718098603878504E-002
  5.392354318618375E-002
 -7.338737920543448E-002
 -2.602327304532981E-002
 -8.842169076523820E-002
 -6.842933612076063E-002
 -4.216279017541424E-002
 -7.880214271469654E-002
 -3.365341780214148E-002
 -0.101694766837661     
 -7.034663580962430E-002
 -5.988437376694655E-002
 -8.263416149554104E-002
 -1.788080386278157E-002
 -8.646135395156307E-002
 -8.126852204680013E-002
 -6.086039021635248E-002
 -7.697185561223119E-002
 -1.266812343713486E-002
 -0.100386216595042     
 -0.115824652054846     
  5.999274592493042E-002
  5.479556780478967E-002
  4.849525675732780E-002
  6.338929100114143E-002
  4.697095301136778E-002
  3.845841364962266E-002
  3.287001864831329E-002
  3.479861341100166E-002
  4.539802320116815E-002
  3.329986804837359E-002
  6.061092107436272E-002
  4.778905328666894E-002
  4.809496719376494E-002
  4.540024561178724E-002
  5.221040744973138E-002
  5.624981134044571E-002
  5.752145699600875E-002
  4.887494853651242E-002
  5.934304763219889E-002
  5.569064112793931E-002
  3.757754301860650E-002
  4.661855505854429E-002
  3.083036067044054E-002
  3.559462503075794E-002
  3.571669628741170E-002
  2.866331297053748E-002
  3.143009612088032E-002
  4.266056041222654E-002
  4.600611633527230E-002
  4.657986570437500E-002
  4.378112740059992E-002
  7.406160125911665E-002
  5.475599533276654E-002
  5.209108594455314E-002
  4.899785187345451E-002
  5.720599121960612E-002
  5.897005260211563E-002
  3.261404157731007E-002
  4.267321116834133E-002
  4.186763496759993E-002
  4.776098757840042E-002
  3.270413090185742E-002
  4.068154711936134E-002
  3.734155259668459E-002
  4.527215261706241E-002
  3.355648853995996E-002
  2.517520435946430E-002
  2.187595815251275E-002
  3.747268291862726E-002
  3.047074142407058E-002
  4.075945210510057E-002
  2.541548251293646E-002
  4.051721436629729E-002
  4.338420511481778E-002
  2.836233055180826E-002
  2.406791340613434E-002
  3.095453791162639E-002
  3.405909037969790E-002
  3.751837098120114E-002
  3.123210312304470E-002
  3.938822152799437E-002
  3.312361545934184E-002
  3.447935239448374E-002
  4.058048421545279E-002
  2.710282095696148E-002
  3.363268739117531E-002
  2.605725497585232E-002
  4.100770588983460E-002
  3.687555329319059E-002
  3.105326382232365E-002
  4.008960047824428E-002
  3.607021760361184E-002
  3.052434998890741E-002
  2.725694492827135E-002
