           6           1  0.348450549544602     
           7           2   1.44234383308784     
           7           6   1.21851820159298     
           8           7  0.958193757350069     
           9           8  0.922275442825866     
          10           3   1.46044399019274     
          10           6   1.26057045735879     
          10           9  0.926521616868433     
          11           9  0.973466329659275     
          12           8  0.965856005263067     
          13          12  0.963874554199807     
          14          13  0.939119260249616     
          15          14   1.77745215457882     
          16          14   1.13080113375552     
          17           1  0.575047259164916     
          18           3   1.24367894308243     
          18          17   1.12807980331271     
          19          18   1.22564265388824     
          20          19   1.41751079916023     
          21           4   1.30517670391203     
          21          17   1.15405775193965     
          21          20   1.12106918068879     
          22          19  0.981603997054627     
          23          20   1.00733519356628     
          24          23   1.76424221300565     
          25          23   1.02049062528394     
          26           1  0.373413472733518     
          27           4   1.41311154217361     
          27          26   1.25233788194329     
          28          27  0.918583293918200     
          29          28  0.956506395704466     
          30           5   1.48446047214059     
          30          26   1.23460493811404     
          30          29  0.933604972943805     
          31          28  0.980360887439740     
          32          29  0.930773953583688     
          33          32   1.00760992329424     
          34           1  0.536655337317402     
          35           5   1.20666365874032     
          35          34   1.18652142686446     
          36          35   1.22821549865924     
          37          36   1.28779835821555     
          38           2   1.21094957492274     
          38          34   1.14205661494195     
          38          37   1.21724788649482     
          39          36   1.00358759370964     
          40          37   1.08820277275015     
          41          40   1.78219293473472     
          42           2  0.945957506919645     
          42          40  0.886792957134606     
          43          42  0.920405237699528     
          44          43   1.81678775451954     
          45          43   1.08874125657175     
          46          45  0.967607063069446     
          47          16  0.944431524050887     
          48          47  0.976214665385359     
          49          48   1.92749158937091     
          50          49  0.962908663151836     
          51          49  0.955220505300973     
          52          51  0.968323386182695     
          53          52  0.981278250649510     
          54          53  0.964238820499827     
          55          54  0.993071097062795     
          56          54  0.951400800958203     
          57          56  0.991066716577149     
          58          57  0.970391907919626     
          59          58  0.980227741169744     
          60          59  0.994763880486188     
          61          59  0.960064629157126     
          62          61  0.984298861823050     
          63          62  0.980754065728260     
          64          63  0.984326295880842     
          65          64  0.961195523460439     
          66          64  0.995474508175990     
          67           3  0.930178981853322     
          68           4  0.926862408695025     
          69           5  0.940544093873609     
          70           8  0.931612386098546     
          71           9  0.950281908946728     
          72          11  0.980734664978998     
          73          11  0.976993100685749     
          74          11  0.977082585691311     
          75          12  0.957138299145194     
          76          12  0.963616368821019     
          77          13  0.937413146110012     
          78          13  0.956066422661769     
          79          22  0.964604978999648     
          80          22  0.972929670238024     
          81          22  0.973625852740546     
          82          25  0.961839851918550     
          83          25  0.946819542237490     
          84          25  0.950141403779320     
          85          28  0.939008255803565     
          86          29  0.937044345739318     
          87          31  0.973989217501629     
          88          31  0.972893118977278     
          89          31  0.978821388607597     
          90          32  0.970681292114217     
          91          32  0.968252128520245     
          92          33  0.985297837682247     
          93          33  0.980229507069184     
          94          33  0.980152326007246     
          95          39  0.964695447253728     
          96          39  0.976475760301467     
          97          39  0.963826040185801     
          98          42  0.907018256586390     
          99          46  0.983159197706789     
         100          46  0.983171170368532     
         101          46  0.988589289885602     
         102          47  0.962416946635043     
         103          47  0.957647988605009     
         104          48  0.936710539389901     
         105          50  0.975638192962931     
         106          50  0.977482326893922     
         107          50  0.978871979470924     
         108          51  0.962280842023184     
         109          51  0.955440368390576     
         110          52  0.972464743137089     
         111          52  0.970647809727590     
         112          53  0.961699550903313     
         113          53  0.967121603396464     
         114          54  0.961551231750782     
         115          55  0.974837532215074     
         116          55  0.976567536146866     
         117          55  0.978989856073478     
         118          56  0.972602288944314     
         119          56  0.962763923253332     
         120          57  0.966207887052964     
         121          57  0.975427087633905     
         122          58  0.961360165811739     
         123          58  0.962044573777305     
         124          59  0.950656414815315     
         125          60  0.975273080485732     
         126          60  0.981391647180811     
         127          60  0.977169845094322     
         128          61  0.959992621724113     
         129          61  0.966527353722092     
         130          62  0.967472783296114     
         131          62  0.969429585649495     
         132          63  0.959797246970564     
         133          63  0.956544332803594     
         134          64  0.955594879350833     
         135          65  0.982521519940139     
         136          65  0.986048332650845     
         137          65  0.979445022372884     
         138          66  0.972352944644769     
         139          66  0.972843903046085     
         140          66  0.977855257628905     
