  0.307375834307023     
  2.734112959951851E-003
 -3.514978459604379E-002
 -6.358621909030759E-002
 -3.306114129390814E-002
 -0.140563407423203     
  3.063998768874887E-002
 -2.187075652691561E-002
 -1.895012660012441E-002
  3.308602329310872E-002
 -8.691678749586096E-002
 -5.952764673291089E-002
 -4.644903485934648E-002
  0.191418309960527     
 -0.267830876678308     
 -0.179583402926839     
 -0.221701444286475     
  3.075299795181463E-002
 -6.099743045978379E-003
 -6.116355625809877E-002
  3.554015554271306E-002
 -6.973744861570719E-002
  0.160160944937745     
 -0.230244714196780     
 -0.103835297870037     
 -0.188896405107526     
  8.895324401622240E-002
 -2.073157347044940E-002
 -2.144861182271818E-002
  3.077684249939372E-002
 -8.957442968432439E-002
 -5.417554883589748E-002
 -0.101266400753794     
 -0.223257235345960     
  2.643653686999903E-002
 -3.136135474245627E-003
 -5.092451797899056E-002
  2.656323463024890E-002
 -5.668241781005445E-002
  0.134125152157630     
 -0.238481711403344     
 -4.801181656849707E-002
  0.212839408430467     
 -0.283101648039715     
 -0.148597504218674     
  1.384873009343801E-002
  3.583196357472795E-002
 -7.293138810829625E-002
 -2.576130387413134E-002
 -0.102062802587066     
 -5.044614097024702E-002
 -4.253559407092578E-002
 -7.545518601170453E-002
 -3.520451644490930E-002
 -0.105006878016094     
 -9.716936463165915E-002
 -6.028048387441665E-002
 -7.918973425597731E-002
 -2.828096784604206E-002
 -0.111025060213263     
 -7.620327470501831E-002
 -5.730772039243970E-002
 -8.535893466764755E-002
 -1.697971083057581E-002
 -9.783875306745937E-002
 -0.114463981240505     
  5.799072041019082E-002
  5.508646323887467E-002
  5.636492808067450E-002
  6.014043853567752E-002
  5.069752601583732E-002
  4.301018458509964E-002
  3.670438492418926E-002
  4.154890204214456E-002
  4.807939716912579E-002
  4.263865804444367E-002
  3.992290005287724E-002
  5.962988215932874E-002
  5.352469199942711E-002
  4.677974093744097E-002
  4.566370022605060E-002
  4.680205243709612E-002
  4.270923479580180E-002
  4.398428135790611E-002
  5.689366310471444E-002
  5.651799344049357E-002
  3.377568187996194E-002
  4.672793765928918E-002
  3.838676974162258E-002
  3.888244875653535E-002
  3.236423213730144E-002
  3.873244482430560E-002
  2.802492330805506E-002
  3.445079378796823E-002
  5.688337028585788E-002
  5.761591281517631E-002
  6.027371577817286E-002
  6.285225699113717E-002
  5.457868397926846E-002
  4.797271407641335E-002
  5.919424399595541E-002
  6.176327748442256E-002
  6.270424858181056E-002
  3.598496165865417E-002
  3.576921703491265E-002
  4.969783532028305E-002
  4.606332112053679E-002
  5.114758273053222E-002
  3.221660674978666E-002
  4.253102924230678E-002
  4.027232830424077E-002
  3.546597670784390E-002
  3.543263623048742E-002
  3.481347448127325E-002
  3.437729570597248E-002
  2.767295975418016E-002
  3.553961612936340E-002
  2.915684935138640E-002
  2.938925747163701E-002
  3.735550777915486E-002
  4.271044977917193E-002
  4.500683266406469E-002
  3.060387268042164E-002
  5.070278944234552E-002
  3.183401417233256E-002
  3.766548236805367E-002
  3.063801230063812E-002
  3.400794685656605E-002
  3.346366910827436E-002
  3.139786627552632E-002
  4.155997649609000E-002
  3.006683917988673E-002
  2.815736056859408E-002
  4.420670585820241E-002
  3.751022513238200E-002
  3.558168309382559E-002
  3.261562556452891E-002
  2.572217550946476E-002
  3.503187403750874E-002
  3.573240540458433E-002
