 excitation energies, transition moments and TDA amplitudes
 state    eV      nm       fL        Rv(corr)
    1    2.059   602.1     0.3384   -25.6187     0.66( 144-> 145)  0.58( 143-> 145)  0.34( 143-> 147)
    2    2.183   567.8     0.4300     3.4306    -0.66( 143-> 145)  0.57( 144-> 145)  0.31( 144-> 147)
    3    3.124   396.8     0.0037    19.5243    -0.92( 142-> 145) -0.20( 141-> 145)  0.19( 139-> 145)
    4    3.329   372.4     0.0118     0.8725    -0.63( 144-> 147)  0.41( 141-> 145)  0.33( 144-> 148)
    5    3.509   353.3     0.1671     3.7402    -0.55( 141-> 145)  0.49( 144-> 148)  0.36( 144-> 149)
    6    3.643   340.3     0.2699   -49.2594    -0.54( 143-> 147)  0.45( 143-> 148)  0.37( 143-> 149)
    7    3.700   335.1     0.1585    14.9805    -0.87( 144-> 146) -0.18( 139-> 145) -0.17( 138-> 145)
    8    3.812   325.2     0.0074    -5.7541    -0.73( 138-> 145)  0.35( 139-> 145) -0.27( 143-> 146)
    9    3.848   322.2     0.0130    52.5567     0.77( 143-> 146) -0.32( 143-> 148) -0.29( 138-> 145)
