           6           1  0.383411369167644     
           7           2   1.46356352572603     
           7           6   1.19143323167438     
           8           7  0.954163902064712     
           9           8  0.953114861098681     
          10           3   1.39096349329157     
          10           6   1.24409894180521     
          10           9  0.941497685502585     
          11           9  0.966296485417579     
          12           8  0.919281396043161     
          13          12  0.945035895851563     
          14          13  0.965213872049880     
          15          14   1.83473317416120     
          16          14   1.03346301174965     
          17           1  0.509150838867176     
          18           3   1.25489607922057     
          18          17   1.19517388929729     
          19          18   1.16079016729616     
          20          19   1.45162680073387     
          21           4   1.32459098530180     
          21          17   1.17643281930410     
          21          20   1.08139588859016     
          22          19  0.975836440029480     
          23          20   1.00125096510075     
          24          23   1.85640912950306     
          25          23  0.935878642920639     
          26           1  0.350631341815088     
          27           4   1.31422812502791     
          27          26   1.39695449043453     
          28          27  0.941748921004013     
          29          28  0.939063301025857     
          30           5   1.40544624770632     
          30          26   1.15002824964520     
          30          29  0.986170395251782     
          31          28  0.962721601055793     
          32          29  0.929274820884633     
          33          32  0.994011044364110     
          34           1  0.543582957615026     
          35           5   1.31085944560205     
          35          34   1.10848449003573     
          36          35   1.23080139641586     
          37          36   1.27413101164025     
          38           2   1.19286295179893     
          38          34   1.19185592975960     
          38          37   1.21235723688636     
          39          36   1.00022165500693     
          40          37   1.11561353105972     
          41          40   1.78344802987613     
          42           2  0.930835264268974     
          42          40  0.843236385910558     
          43          42  0.934142076476128     
          44          43   1.78952112440096     
          45          43   1.09599729212487     
          46          45  0.962518085441916     
          47          16  0.940857622289004     
          48          47  0.993048062473719     
          49          48   1.89966568055169     
          50          49  0.961483730616955     
          51          49  0.974961418301101     
          52          51  0.983002585465378     
          53          52  0.973338703375466     
          54          53  0.990268389311609     
          55          54  0.986933222888496     
          56          54  0.940937730391879     
          57          56  0.981807139211126     
          58          57  0.990400126125035     
          59          58  0.962781018798218     
          60          59  0.978866949063015     
          61          59  0.968973188628727     
          62          61  0.968848354302108     
          63          62   1.00323756143265     
          64          63  0.946571046821984     
          65          64   1.00639777612499     
          66          64  0.983133552524545     
          67           3  0.936021963546721     
          68           4  0.936265776923919     
          69           5  0.927718465431623     
          70           8  0.933555896869814     
          71           9  0.941058648992541     
          72          11  0.980918220583680     
          73          11  0.976222974218749     
          74          11  0.974860082052027     
          75          12  0.961888321394956     
          76          12  0.965105503481363     
          77          13  0.969821230923921     
          78          13  0.949103190435861     
          79          22  0.969772149714739     
          80          22  0.976466747008898     
          81          22  0.969408433247700     
          82          25  0.965348642067094     
          83          25  0.964192762252972     
          84          25  0.973204930508200     
          85          28  0.938070889622230     
          86          29  0.931794580300659     
          87          31  0.982302431274267     
          88          31  0.975441853610867     
          89          31  0.978926017627912     
          90          32  0.968772009116186     
          91          32  0.969942263402855     
          92          33  0.980202693381565     
          93          33  0.979473899185327     
          94          33  0.985008798117362     
          95          39  0.975172830162016     
          96          39  0.963615830478967     
          97          39  0.960115705305934     
          98          42  0.923448570821998     
          99          46  0.984475223230836     
         100          46  0.988122941508154     
         101          46  0.981508746606062     
         102          47  0.970494220235189     
         103          47  0.958672221241587     
         104          48  0.932357832874151     
         105          50  0.971952201927264     
         106          50  0.975894380173678     
         107          50  0.973157367798280     
         108          51  0.947886403705935     
         109          51  0.961660509092308     
         110          52  0.966098510934114     
         111          52  0.960961901022557     
         112          53  0.958635976733725     
         113          53  0.958147572941090     
         114          54  0.954333770023268     
         115          55  0.979027613011346     
         116          55  0.978622641448230     
         117          55  0.977415052070051     
         118          56  0.966021117858466     
         119          56  0.964902754129915     
         120          57  0.965375863278278     
         121          57  0.958854024419851     
         122          58  0.955265522483409     
         123          58  0.964852217546128     
         124          59  0.944356635883648     
         125          60  0.982210327296291     
         126          60  0.974370171474890     
         127          60  0.978302935331390     
         128          61  0.968100423878565     
         129          61  0.962498819488020     
         130          62  0.968189882531345     
         131          62  0.960717642413077     
         132          63  0.956317151844664     
         133          63  0.965144727449301     
         134          64  0.955290801513888     
         135          65  0.972871610171959     
         136          65  0.970346366869246     
         137          65  0.978451604905559     
         138          66  0.981048255136752     
         139          66  0.973030264182285     
         140          66  0.975384622659705     
