  0.293627493904536     
  1.352587847895759E-002
 -3.628090824423502E-002
 -2.361336324547203E-002
 -2.258498430970324E-002
 -0.152067085008118     
  4.206401034959040E-002
 -2.278416298885944E-002
 -2.679845885819621E-002
  1.457965369425906E-002
 -8.899979554206450E-002
 -5.982650373919807E-002
 -5.547384408014455E-002
  0.228767323330289     
 -0.247969112465832     
 -0.186904098123835     
 -0.215374799967057     
  7.183671405586178E-003
 -3.380105743298856E-002
 -7.036710363755727E-002
  2.938711873942834E-002
 -7.373810623968424E-002
  0.136569764694658     
 -0.259485569107723     
 -8.242456507873630E-002
 -0.156297404189420     
  3.765364968255591E-002
 -9.243412786603677E-003
 -3.364113226814780E-002
  4.688789577966546E-002
 -7.731010630380730E-002
 -4.177736131816712E-002
 -0.104663525179191     
 -0.214064748769495     
  2.764559904305797E-002
  9.285154381684979E-003
 -5.265312650121690E-002
  3.122289893758357E-002
 -6.683846185637954E-002
  0.136439935178558     
 -0.222079380490239     
 -1.950709182433297E-002
  0.214039155035271     
 -0.255255144360860     
 -0.167401003939083     
 -9.535206959183640E-004
  4.092460775699935E-002
 -8.790336361157092E-002
 -1.280651743984595E-002
 -8.659883248265565E-002
 -7.367611608345737E-002
 -6.102786550516903E-002
 -6.651597987909330E-002
 -2.965606963413325E-002
 -0.106693078065947     
 -4.575664588960127E-002
 -7.693792532046739E-002
 -8.523254124357038E-002
 -3.664757912084760E-002
 -0.107232632655974     
 -6.040960601759870E-002
 -5.554031900379197E-002
 -8.291975939248086E-002
 -1.877830487696741E-002
 -8.786416763617666E-002
 -9.408986439415212E-002
  5.583320111660994E-002
  6.129838036853086E-002
  5.739266185951575E-002
  5.894653102448111E-002
  5.161635621039640E-002
  3.930184444480911E-002
  3.600975692535036E-002
  4.574540565862828E-002
  4.080283989469635E-002
  4.282209641637436E-002
  5.043752947634128E-002
  4.148105183620399E-002
  4.987178416009552E-002
  4.783091393291183E-002
  5.251671099562483E-002
  4.884454779615477E-002
  4.738357641372182E-002
  5.062003557164274E-002
  4.437012905045379E-002
  4.388890379206301E-002
  4.280128466576572E-002
  4.157750697984075E-002
  3.646439070845620E-002
  4.314680659309977E-002
  5.059959522522139E-002
  5.206439972308541E-002
  3.051744444049331E-002
  2.901175603740425E-002
  5.166449266489659E-002
  4.730881566243927E-002
  4.520104772819733E-002
  6.033558790647775E-002
  5.889486348259365E-002
  4.735158934286621E-002
  4.896125158709097E-002
  5.756158067579265E-002
  5.563720378513148E-002
  3.701520656351642E-002
  4.709850041353125E-002
  3.874176029846488E-002
  4.272033102239303E-002
  3.982182329191719E-002
  3.381928130085254E-002
  3.164673338666313E-002
  4.177586947888168E-002
  3.046863030965807E-002
  3.437627483245487E-002
  3.614091652441964E-002
  4.042311981138091E-002
  3.169039558089048E-002
  3.572181188027201E-002
  4.919914965437888E-002
  3.541373880622478E-002
  3.093463082174197E-002
  2.322114977328182E-002
  2.978005261177785E-002
  4.162071414371304E-002
  3.230335950383234E-002
  2.295042208119857E-002
  3.902370415797374E-002
  3.270075275708240E-002
  3.712810019531609E-002
  3.358613382668951E-002
  3.611449485732832E-002
  3.357711069729741E-002
  2.924204956493537E-002
  2.487029113454053E-002
  2.437529150418438E-002
  3.017702416402723E-002
  4.406530818277610E-002
  2.697343868384050E-002
  3.223173449830041E-002
  2.781735477731107E-002
  4.178176116655941E-002
