  0.291793832210997     
 -2.681025242926793E-003
 -2.976726104925653E-002
 -5.217639785854455E-002
 -3.483241039511942E-002
 -0.143601196065600     
  5.227016668937745E-002
 -3.548261491618376E-002
 -2.070849287864096E-002
  2.743977051207436E-002
 -9.063892973107990E-002
 -5.963230771942474E-002
 -6.106281400301317E-002
  0.201937478177574     
 -0.286514300021237     
 -0.134152330210101     
 -0.219279601116268     
  4.711211113058100E-002
 -8.879846560983395E-003
 -6.887553170495853E-002
  3.382377542476167E-002
 -7.423403049297050E-002
  0.166546943370049     
 -0.239794798331314     
 -9.715044824698360E-002
 -0.172804672903696     
  5.858930492566428E-002
 -3.405251797552822E-002
 -2.760771137553153E-002
  3.113381078947297E-002
 -8.351008048421971E-002
 -5.868309230413615E-002
 -9.340580448280278E-002
 -0.204102425481044     
  6.907546351657246E-003
 -5.517462255536287E-003
 -6.025179413437698E-002
  4.701924217530351E-002
 -5.340468453634983E-002
  0.169446088289895     
 -0.232166851556453     
 -3.418551951011750E-002
  0.231258671835196     
 -0.277690757910841     
 -0.159311700407694     
  1.083114785209860E-002
  4.019020606359769E-002
 -9.533938603343106E-002
 -1.666968965465188E-002
 -7.259989841870151E-002
 -5.421871061141381E-002
 -6.115167006870159E-002
 -5.174770914641691E-002
 -3.645291111639892E-002
 -0.114968773354357     
 -7.014754769340481E-002
 -6.054888873094999E-002
 -8.362139461435181E-002
 -4.376695711929823E-002
 -8.554196714151274E-002
 -5.723093086832076E-002
 -6.662279882425182E-002
 -7.238694573440707E-002
 -1.107993676635655E-002
 -0.101554503873036     
 -9.768873460617034E-002
  5.209269306586040E-002
  5.033273326171139E-002
  6.315145955394186E-002
  5.738401027295936E-002
  6.245765893129429E-002
  4.999703184773596E-002
  3.850666729247831E-002
  3.301842324320892E-002
  3.720032165555087E-002
  5.371749784186186E-002
  4.134226851634970E-002
  4.478605218584419E-002
  4.513614802569177E-002
  4.243047261848487E-002
  5.504972538448272E-002
  4.558935450937407E-002
  4.164586242562907E-002
  4.580854736495399E-002
  4.614159167623011E-002
  4.654578545382171E-002
  4.267092354422319E-002
  4.562917531614108E-002
  3.493875100174448E-002
  4.082036464868799E-002
  3.102626752098137E-002
  3.956463934808385E-002
  3.692282701843008E-002
  2.351417170178249E-002
  4.709570426528886E-002
  6.398864013144134E-002
  5.663279583611480E-002
  5.269226780807101E-002
  3.870401660311273E-002
  5.785649929552417E-002
  5.066104637928481E-002
  4.432898347823411E-002
  6.659846374264555E-002
  3.012617093011960E-002
  4.213386061844238E-002
  5.262510447857893E-002
  4.712134042773708E-002
  3.481164605887554E-002
  3.971394152992214E-002
  2.906596425748498E-002
  2.808996158089649E-002
  3.807199199022582E-002
  4.334212029142115E-002
  3.246950367164825E-002
  3.645480715247773E-002
  2.777741520549193E-002
  3.661056009688424E-002
  3.830240208840696E-002
  2.556532792957433E-002
  3.924534988099371E-002
  2.653697618035422E-002
  2.377501246424985E-002
  2.808441188359412E-002
  2.588247484542683E-002
  4.542666223332714E-002
  2.662655464161123E-002
  3.588737606639891E-002
  3.999953804935519E-002
  3.610421909930173E-002
  4.223454997572862E-002
  2.329733684009483E-002
  2.802994942744275E-002
  3.014542217927851E-002
  2.675970195094113E-002
  3.818326520682147E-002
  2.973039971087110E-002
  3.742809019285231E-002
  2.875835183394992E-002
  3.875287989858700E-002
  3.404818680416144E-002
