 excitation energies, transition moments and TDA amplitudes
 state    eV      nm       fL        Rv(corr)
    1    2.207   561.7     0.7157    -0.1786    -0.86( 142-> 143)  0.40( 141-> 144) -0.16( 141-> 145)
    2    2.270   546.1     0.0944     2.8200    -0.84( 141-> 143) -0.41( 142-> 144)  0.17( 142-> 145)
    3    3.297   376.1     0.0089    20.5806    -0.93( 140-> 143) -0.17( 137-> 143)  0.14( 142-> 146)
    4    3.496   354.6     0.1291    -7.4223     0.53( 142-> 146) -0.51( 142-> 144)  0.37( 137-> 143)
    5    3.733   332.1     0.0666     5.7571    -0.54( 142-> 146) -0.51( 138-> 143) -0.40( 142-> 145)
    6    3.760   329.8     0.1996    15.1798     0.60( 141-> 146) -0.48( 141-> 144)  0.40( 142-> 145)
    7    3.879   319.7     0.0875    -9.2984     0.54( 141-> 146) -0.52( 142-> 145) -0.34( 142-> 144)
    8    4.022   308.3     0.0540   -19.2291    -0.67( 141-> 145) -0.32( 141-> 144) -0.25( 142-> 144)
    9    4.175   297.0     0.0856   -11.1998     0.49( 138-> 143) -0.48( 136-> 143)  0.39( 137-> 143)
