           6           1  0.355950666382042     
           7           2   1.27446017940682     
           7           6   1.35362892870104     
           8           7  0.934095518333425     
           9           8  0.975901908074848     
          10           3   1.45427538348743     
          10           6   1.19407488781176     
          10           9  0.908226478063954     
          11           9  0.968763675330714     
          12           8  0.932194981270495     
          13          12  0.983393269841894     
          14          13  0.924093400627791     
          15          14   1.79911685883019     
          16          14   1.11314153806184     
          17           1  0.563760702257224     
          18           3   1.25918555416962     
          18          17   1.15971165515103     
          19          18   1.20807091439000     
          20          19   1.40937002176134     
          21           4   1.27536212033086     
          21          17   1.17372586646621     
          21          20   1.13317509453412     
          22          19  0.981934881719459     
          23          20  0.961095816217443     
          24          23   1.86521980007121     
          25          23  0.963812506223487     
          26           1  0.408896560335802     
          27           4   1.38650138678449     
          27          26   1.33079069492204     
          28          27  0.900330716143408     
          29          28  0.950359853010592     
          30           5   1.47716926405306     
          30          26   1.14722028348807     
          30          29  0.957274560968488     
          31          28  0.972948041056480     
          32          29  0.939246098434946     
          33          32   1.00169424233595     
          34           1  0.502655956747498     
          35           5   1.25549872855047     
          35          34   1.12955898767768     
          36          35   1.17136022908727     
          37          36   1.41540418240901     
          38           2   1.34076494750470     
          38          34   1.20666745671633     
          38          37   1.11157681169769     
          39          36  0.993885465643910     
          40          37   1.06391279308493     
          41          40   1.82776230050781     
          42           2  0.899949122870609     
          42          40  0.850881178603291     
          43          42  0.974138909284950     
          44          43   1.79941432246275     
          45          43   1.05467525070258     
          46          45  0.976177743799025     
          47          16  0.950354238625936     
          48          47  0.982077179180058     
          49          48   1.89131193259315     
          50          49   1.00730571293512     
          51          49  0.951566838743111     
          52          51  0.976539830936182     
          53          52  0.988001722116495     
          54          53  0.984719225549424     
          55          54  0.965748291455271     
          56          54  0.942740696456762     
          57          56  0.984314615402419     
          58          57  0.992379237524493     
          59          58  0.948887888809071     
          60          59   1.00112579092704     
          61          59  0.964431077937711     
          62          61  0.991915648043067     
          63          62  0.974337666742133     
          64          63  0.975763963572744     
          65          64  0.980685120951495     
          66          64  0.994445011618169     
          67           3  0.934145814983983     
          68           4  0.933801611141413     
          69           5  0.933498720793616     
          70           8  0.931241678049422     
          71           9  0.936023904717781     
          72          11  0.973212562681779     
          73          11  0.976957953006351     
          74          11  0.981852026634288     
          75          12  0.956357956929528     
          76          12  0.950585019549998     
          77          13  0.959087186394569     
          78          13  0.949904012269384     
          79          22  0.965585141720504     
          80          22  0.977266541176292     
          81          22  0.971470417819885     
          82          25  0.958038556688634     
          83          25  0.962085916167531     
          84          25  0.970973939904052     
          85          28  0.943827910692632     
          86          29  0.936807739218511     
          87          31  0.981143976062555     
          88          31  0.976918278775059     
          89          31  0.979459221738747     
          90          32  0.961183980038453     
          91          32  0.966182036456300     
          92          33  0.976543718774243     
          93          33  0.985288173913183     
          94          33  0.978680810677689     
          95          39  0.978010542221372     
          96          39  0.965936851856222     
          97          39  0.963911908792882     
          98          42  0.931171101169856     
          99          46  0.990511009940064     
         100          46  0.975338310163781     
         101          46  0.985231829730155     
         102          47  0.964092166334874     
         103          47  0.962158868098889     
         104          48  0.943837053541425     
         105          50  0.973066556501421     
         106          50  0.963476975889455     
         107          50  0.965207528494253     
         108          51  0.965763775559150     
         109          51  0.955978484177883     
         110          52  0.966644729126725     
         111          52  0.966408725428644     
         112          53  0.957960813515049     
         113          53  0.962872430801552     
         114          54  0.954428786230374     
         115          55  0.982801279141833     
         116          55  0.980037399279611     
         117          55  0.980125854618718     
         118          56  0.961735594888692     
         119          56  0.971092077173641     
         120          57  0.966088072578733     
         121          57  0.965693445205986     
         122          58  0.966972716434694     
         123          58  0.964690664808628     
         124          59  0.949181406532402     
         125          60  0.973767177930102     
         126          60  0.980829403241479     
         127          60  0.975654609696418     
         128          61  0.960560795779419     
         129          61  0.960292262714866     
         130          62  0.957982197444025     
         131          62  0.964925817518747     
         132          63  0.961303943159354     
         133          63  0.964101611979129     
         134          64  0.955533921397497     
         135          65  0.981395295310717     
         136          65  0.981065877856606     
         137          65  0.976925631671028     
         138          66  0.980269907834296     
         139          66  0.975540696202317     
         140          66  0.978339619381417     
