  0.304005113778099     
  9.140361192344404E-003
 -1.596768470969945E-002
 -2.124236818564018E-002
 -3.342724756930693E-002
 -0.152758792705986     
  3.702709375713908E-002
 -2.450230826730859E-002
 -2.484921738436086E-002
  3.804597565050649E-002
 -8.936441619900481E-002
 -4.436192052972476E-002
 -5.364724398569631E-002
  0.226401662447792     
 -0.253719087356596     
 -0.184203550327664     
 -0.222109596693016     
  3.818098660417446E-002
 -2.983636125992728E-002
 -4.192219174837053E-002
  3.386824720546278E-002
 -9.448925805309560E-002
  0.106169064085544     
 -0.219679934405390     
 -9.719859343318138E-002
 -0.172034096635193     
  3.102150679251281E-002
 -1.256144110222213E-002
 -1.452832929285730E-002
  1.826070818484471E-002
 -8.666654949417030E-002
 -5.371189735222792E-002
 -0.101995457798736     
 -0.209566587848810     
  2.501899094455062E-002
 -3.981826176770120E-003
 -5.106421825502760E-002
  2.684822525616548E-002
 -6.078381493866569E-002
  0.145492242366298     
 -0.213017929477923     
 -1.053165063369832E-002
  0.219446636580933     
 -0.296990704931475     
 -0.164208611189793     
  1.120704319385313E-002
  3.781412227263292E-002
 -8.652806795438472E-002
 -2.078263135076774E-002
 -7.655701017069205E-002
 -6.224879469209554E-002
 -6.355450472656887E-002
 -6.504309244617001E-002
 -1.889010611021469E-002
 -0.113870287949423     
 -5.891310705087083E-002
 -7.119290995475325E-002
 -7.276930225371192E-002
 -2.598357913919802E-002
 -9.815416184591808E-002
 -6.191401261270535E-002
 -6.785555627884499E-002
 -7.236864603893434E-002
 -2.036756096662984E-002
 -0.104830615188826     
 -0.108503535254679     
  5.026447405029344E-002
  5.750985353447435E-002
  5.826723290668578E-002
  5.314544172940583E-002
  4.337907801975893E-002
  4.518663714858639E-002
  3.498718938459400E-002
  4.459945896819506E-002
  4.397850912243828E-002
  4.244070578360126E-002
  4.424160907840557E-002
  4.541430978949468E-002
  4.150755189174560E-002
  5.289568271255218E-002
  5.105635984223378E-002
  4.009550300170595E-002
  4.955451530890009E-002
  4.615072410545529E-002
  5.755166305294557E-002
  5.113297756281177E-002
  3.769725949054137E-002
  4.492128101454007E-002
  3.180299294498745E-002
  4.320335011283949E-002
  4.550758228482865E-002
  3.529474714522352E-002
  4.867621812761247E-002
  3.067764684871410E-002
  5.082450917533832E-002
  4.157959603340633E-002
  5.494461487214153E-002
  5.744017005868884E-002
  5.023727106082654E-002
  5.396274884960806E-002
  4.245862843461790E-002
  6.197243693682275E-002
  4.569748004764018E-002
  3.747933940276793E-002
  5.010155863353039E-002
  4.216990742345506E-002
  4.477683944381261E-002
  3.567058850482596E-002
  4.394820784165832E-002
  2.708767033453430E-002
  3.795248367975534E-002
  3.526250726115709E-002
  3.517878468710578E-002
  3.282537358123438E-002
  3.096030167313524E-002
  3.451712717400512E-002
  3.054638867125703E-002
  3.629916987097181E-002
  3.688656448621486E-002
  2.797135430298148E-002
  2.837662936275231E-002
  2.849995811628836E-002
  2.955192235725135E-002
  4.179756373879717E-002
  4.296129608441313E-002
  3.230179420456014E-002
  3.910274847477924E-002
  4.239121901009069E-002
  4.127593669851293E-002
  3.332548530352142E-002
  3.095403238967742E-002
  2.984065981992023E-002
  3.068289222943543E-002
  2.337141594091163E-002
  3.438054138724178E-002
  2.936628776836436E-002
  3.769726698769293E-002
  2.710608803250236E-002
  3.167499998273826E-002
  3.275147431959291E-002
