 excitation energies, transition moments and TDA amplitudes
 state    eV      nm       fL        Rv(corr)
    1    2.163   573.2     0.7172     3.0682    -0.87( 142-> 143)  0.42( 141-> 145) -0.11( 141-> 143)
    2    2.376   521.9     0.0912     3.5570    -0.83( 141-> 143) -0.48( 142-> 145) -0.16( 138-> 143)
    3    3.314   374.2     0.0062    -1.8366    -0.93( 140-> 143) -0.15( 138-> 144) -0.14( 141-> 144)
    4    3.552   349.0     0.0494    -1.6217    -0.53( 142-> 144)  0.44( 142-> 147)  0.37( 138-> 143)
    5    3.606   343.9     0.0118     7.9093    -0.76( 142-> 144) -0.39( 138-> 143)  0.30( 137-> 143)
    6    3.624   342.1     0.0706     4.0690     0.61( 142-> 146) -0.54( 142-> 147) -0.28( 137-> 143)
    7    3.810   325.4     0.2668    18.5374     0.47( 141-> 146) -0.44( 142-> 145) -0.40( 138-> 143)
    8    4.052   306.0     0.0951     0.9672    -0.53( 137-> 143) -0.48( 141-> 144) -0.36( 138-> 143)
    9    4.107   301.9     0.4302    59.3156    -0.42( 142-> 147) -0.34( 142-> 146) -0.34( 141-> 145)
