           6           1  0.355702345818061     
           7           2   1.35848995939282     
           7           6   1.27627281260758     
           8           7  0.943230654615541     
           9           8  0.944778299385678     
          10           3   1.37783231824118     
          10           6   1.25963999440233     
          10           9  0.940073029947250     
          11           9  0.957761005494929     
          12           8  0.937720525162932     
          13          12  0.971075639773057     
          14          13  0.953771242675837     
          15          14   1.84970860567569     
          16          14   1.04247271749636     
          17           1  0.443922677491874     
          18           3   1.35965167752917     
          18          17   1.15398818871898     
          19          18   1.12802103384421     
          20          19   1.50139995137432     
          21           4   1.30557975896514     
          21          17   1.21284521450393     
          21          20   1.07662932730745     
          22          19  0.946232119831232     
          23          20  0.969721972786310     
          24          23   1.86116086159627     
          25          23  0.927124955867045     
          26           1  0.498133690756164     
          27           4   1.43581081396640     
          27          26   1.20388245731175     
          28          27  0.941693564966139     
          29          28  0.942689327372297     
          30           5   1.42128233007400     
          30          26   1.17667444835395     
          30          29  0.941217747068799     
          31          28  0.966369309684893     
          32          29  0.982630168540233     
          33          32  0.982733485138431     
          34           1  0.513857890083557     
          35           5   1.28079512592865     
          35          34   1.13202526894639     
          36          35   1.20020374405848     
          37          36   1.36928227728797     
          38           2   1.20885602577060     
          38          34   1.22421209058839     
          38          37   1.14624942597077     
          39          36  0.986703915074084     
          40          37   1.07253990593604     
          41          40   1.84418793702744     
          42           2  0.948150677947082     
          42          40  0.785897144119092     
          43          42   1.03020107894010     
          44          43   1.74564134760681     
          45          43   1.05032575212707     
          46          45  0.977784749034755     
          47          16  0.943038719009805     
          48          47  0.993344580588788     
          49          48   1.86954856207263     
          50          49   1.00946534444070     
          51          49  0.954477228172077     
          52          51  0.970437254545925     
          53          52  0.984243412011889     
          54          53  0.954491237507197     
          55          54  0.995950633589917     
          56          54  0.964213966758554     
          57          56  0.976552118016193     
          58          57  0.980819715623128     
          59          58  0.983680368967494     
          60          59  0.973253989474261     
          61          59  0.958183981068426     
          62          61  0.983092270138994     
          63          62  0.977496155328019     
          64          63  0.976176786516228     
          65          64  0.979182614259359     
          66          64  0.991620849055375     
          67           3  0.928646072015079     
          68           4  0.929840749192104     
          69           5  0.937200941689605     
          70           8  0.937623484524211     
          71           9  0.949663195297771     
          72          11  0.976121503533492     
          73          11  0.979081940623736     
          74          11  0.978823883618756     
          75          12  0.965714594982362     
          76          12  0.960700333420399     
          77          13  0.963538893863997     
          78          13  0.951832133801437     
          79          22  0.977093879628334     
          80          22  0.978092170454834     
          81          22  0.973456731961509     
          82          25  0.970501025313020     
          83          25  0.975472932449082     
          84          25  0.963626160007987     
          85          28  0.937018426795917     
          86          29  0.932017483312176     
          87          31  0.980922499948923     
          88          31  0.974942437727869     
          89          31  0.977708748840177     
          90          32  0.959888004997029     
          91          32  0.964233030804062     
          92          33  0.987639986525420     
          93          33  0.966726298690384     
          94          33  0.989482437222158     
          95          39  0.974021871178282     
          96          39  0.975860227029321     
          97          39  0.966948833662498     
          98          42  0.924031144047752     
          99          46  0.987576924370541     
         100          46  0.977350913119454     
         101          46  0.987436525299596     
         102          47  0.956049310919335     
         103          47  0.971597149520242     
         104          48  0.943132326824290     
         105          50  0.971621489546288     
         106          50  0.966814078631786     
         107          50  0.964061127744521     
         108          51  0.960067840584804     
         109          51  0.967669982945062     
         110          52  0.971038519945131     
         111          52  0.964277341959702     
         112          53  0.962259670505498     
         113          53  0.961113945750924     
         114          54  0.954851272087310     
         115          55  0.972472152143486     
         116          55  0.976210765207890     
         117          55  0.975246917126464     
         118          56  0.964739470990882     
         119          56  0.967606371658359     
         120          57  0.969767660388451     
         121          57  0.965229523480300     
         122          58  0.958986407899684     
         123          58  0.962266965663671     
         124          59  0.950341038938753     
         125          60  0.981768477975129     
         126          60  0.977909408482491     
         127          60  0.979968710839963     
         128          61  0.966410391704070     
         129          61  0.961715466568076     
         130          62  0.965676911903164     
         131          62  0.974280697751101     
         132          63  0.967170283819729     
         133          63  0.962070693376794     
         134          64  0.959393744607781     
         135          65  0.981986773628348     
         136          65  0.982725731844419     
         137          65  0.975714612887363     
         138          66  0.978358030531893     
         139          66  0.979985907010677     
         140          66  0.974112842525999     
