  0.325500568119640     
  3.285704451144200E-002
 -3.716098815387348E-002
 -4.613450451092849E-002
 -1.559159893719997E-002
 -0.118805126402807     
  1.338067854828751E-002
 -2.214341978122647E-002
 -3.952633068382028E-002
  2.992347088963454E-002
 -8.202905641374336E-002
 -4.944677277055654E-002
 -5.051041969637016E-002
  0.229730074748598     
 -0.256951808518314     
 -0.172457672811797     
 -0.237418406084624     
  1.923470964415364E-002
 -1.170898057107461E-002
 -6.718538443743682E-002
  2.352124120084209E-002
 -6.873889320116966E-002
  0.145320428245525     
 -0.214144239892205     
 -0.104231853050621     
 -0.170114937427472     
  3.455792102190758E-002
 -2.703169610651202E-002
 -3.955230411653599E-002
  4.389832911013070E-002
 -8.829814367494127E-002
 -5.794811281785961E-002
 -8.700850320325770E-002
 -0.221847449647764     
  5.102414695987934E-002
  1.812495286714544E-002
 -4.848151375627552E-002
  2.425525389710081E-002
 -7.818351897663955E-002
  0.125719774826250     
 -0.233940909437841     
 -3.651889005503151E-002
  0.232830768503292     
 -0.268162498474124     
 -0.147545688639545     
  1.126552868259090E-002
  4.441301972682243E-002
 -8.712800627949147E-002
 -5.227841185286763E-002
 -9.345091388194859E-002
 -5.213476488522950E-002
 -6.049784788409251E-002
 -8.122579747466574E-002
 -1.665997581300616E-002
 -9.524160224125833E-002
 -6.976248408139085E-002
 -5.944712383834805E-002
 -7.858026870687151E-002
 -2.469521609415271E-002
 -0.108382335378860     
 -7.133259980673312E-002
 -6.066796069658675E-002
 -7.039114958591863E-002
 -1.954799693302256E-002
 -8.967994789099265E-002
 -0.122584287309770     
  4.901600091675229E-002
  6.366660339325758E-002
  4.943753181792043E-002
  5.857328573555121E-002
  4.281869869786847E-002
  4.167073618124939E-002
  4.160894245665492E-002
  4.540507143149475E-002
  3.427757561014955E-002
  4.790855117933290E-002
  4.533494557977047E-002
  4.520177585940843E-002
  4.360838770997411E-002
  5.902471491727834E-002
  4.867407375800969E-002
  4.555802358438910E-002
  4.156474772965002E-002
  4.250098964886262E-002
  5.191557966507321E-002
  4.981785414692130E-002
  4.108820523879964E-002
  4.323352597566810E-002
  3.928469055671557E-002
  3.578180947090526E-002
  3.407412610656202E-002
  3.624168561760288E-002
  3.010168857605333E-002
  3.874450620789471E-002
  4.152199739192253E-002
  4.565839513407732E-002
  4.839110396425295E-002
  5.371292343137557E-002
  5.456654415176065E-002
  6.167566029833671E-002
  4.859027702004648E-002
  5.187851393135712E-002
  5.596331418519374E-002
  4.208453612650065E-002
  4.408371429838320E-002
  4.572760915004559E-002
  4.025179198269868E-002
  3.646588587413657E-002
  5.533891665284463E-002
  2.665499731688514E-002
  4.101106879403349E-002
  2.813543649342098E-002
  2.830560058254195E-002
  3.649529726529943E-002
  3.483212384926526E-002
  3.839166789244508E-002
  3.272238828634966E-002
  3.119853970755271E-002
  3.209240429808757E-002
  3.263892435325633E-002
  3.453069292824595E-002
  3.410863719279578E-002
  2.889806354495816E-002
  3.564279977791229E-002
  3.048002182807796E-002
  3.902868787826530E-002
  2.821658565017315E-002
  3.765538532393575E-002
  2.705669014100809E-002
  3.759125270046004E-002
  3.314694415563235E-002
  3.237006907900697E-002
  3.833418118448473E-002
  3.790588564188446E-002
  3.627412781575368E-002
  3.568138393663123E-002
  3.150252018875455E-002
  2.695223961609805E-002
  3.363611972349578E-002
  3.341415287404725E-002
