 excitation energies, transition moments and TDA amplitudes
 state    eV      nm       fL        Rv(corr)
    1    2.348   528.0     0.1049    -1.2283    -0.85( 142-> 144)  0.35( 143-> 146) -0.19( 140-> 144)
    2    2.433   509.5     0.7339   -10.0449    -0.89( 143-> 144) -0.37( 142-> 146) -0.14( 142-> 145)
    3    3.101   399.8     0.0256    -2.6912     0.90( 140-> 144)  0.16( 143-> 146)  0.16( 143-> 145)
    4    3.590   345.4     0.1994    15.6677    -0.87( 143-> 145)  0.24( 143-> 148)  0.20( 139-> 144)
    5    3.715   333.7     0.0092    -0.0391    -0.64( 139-> 144)  0.49( 143-> 146) -0.31( 142-> 145)
    6    3.871   320.3     0.0337     2.0740    -0.79( 143-> 147)  0.36( 143-> 148) -0.33( 142-> 145)
    7    3.932   315.3     0.0224    15.9386     0.67( 142-> 145) -0.40( 143-> 147) -0.31( 139-> 144)
    8    4.017   308.7     0.1915    33.3263     0.54( 142-> 147) -0.47( 142-> 148) -0.38( 143-> 146)
    9    4.107   301.8     0.0140   -52.7077     0.51( 138-> 144) -0.51( 142-> 147) -0.50( 137-> 144)
