           6           1  0.386501732471266     
           7           2   1.45604634665913     
           7           6   1.15577306620742     
           8           7  0.948366027583038     
           9           8  0.941727697787930     
          10           3   1.35952121111502     
          10           6   1.31663462201768     
          10           9  0.942238927142511     
          11           9  0.951448615133804     
          12           8  0.930362481505172     
          13          12  0.973761458225626     
          14          13  0.953909835431269     
          15          14   1.85702142246595     
          16          14   1.02890519932308     
          17           1  0.510201093103759     
          18           3   1.29910902294740     
          18          17   1.20624354330445     
          19          18   1.11687309152617     
          20          19   1.47040245774386     
          21           4   1.39167969574730     
          21          17   1.13017930326572     
          21          20   1.08451231427760     
          22          19   1.00308478692780     
          23          20  0.978841378464485     
          24          23   1.87626755601650     
          25          23  0.926583396748649     
          26           1  0.444712085232138     
          27           4   1.30616115615852     
          27          26   1.33087845484074     
          28          27  0.908072430719114     
          29          28  0.966169392875403     
          30           5   1.53226377260110     
          30          26   1.16937253760089     
          30          29  0.900342880251143     
          31          28  0.958265278550204     
          32          29  0.946546611941880     
          33          32   1.00530978444777     
          34           1  0.459962468542774     
          35           5   1.20991194378440     
          35          34   1.20649027133217     
          36          35   1.22691576269387     
          37          36   1.30290110444890     
          38           2   1.19978764818310     
          38          34   1.17391543206808     
          38          37   1.20198656307495     
          39          36  0.983194943094896     
          40          37   1.08261538823061     
          41          40   1.80723244424916     
          42           2  0.962366713597277     
          42          40  0.838682572700638     
          43          42  0.909018492263221     
          44          43   1.81269473568011     
          45          43   1.10068694024226     
          46          45  0.962317172670705     
          47          16  0.960281861869469     
          48          47  0.994436416324408     
          49          48   1.87465130590478     
          50          49  0.978946981496438     
          51          49  0.967306265280752     
          52          51  0.977202924656344     
          53          52  0.979556518241921     
          54          53  0.967041210565542     
          55          54  0.983872703110962     
          56          54  0.974073510535393     
          57          56  0.984021596152655     
          58          57  0.991132381665282     
          59          58  0.970377176044076     
          60          59  0.971547779287955     
          61          59  0.952899988966103     
          62          61  0.991601751088029     
          63          62  0.976813491366216     
          64          63  0.985416323937959     
          65          64   1.00699075211456     
          66          64  0.965480594438701     
          67           3  0.935222228784316     
          68           4  0.927810800988994     
          69           5  0.933764549839683     
          70           8  0.940541221940786     
          71           9  0.943749279216768     
          72          11  0.982048423721726     
          73          11  0.978148653024669     
          74          11  0.982794242634746     
          75          12  0.961954421125058     
          76          12  0.963545804824590     
          77          13  0.961147456450184     
          78          13  0.953754928829009     
          79          22  0.967052762841546     
          80          22  0.969469545436480     
          81          22  0.957617973366994     
          82          25  0.965021687019610     
          83          25  0.975163459327347     
          84          25  0.967828385671809     
          85          28  0.944439065805175     
          86          29  0.940850303580619     
          87          31  0.978272137752093     
          88          31  0.980700414920192     
          89          31  0.977803741438260     
          90          32  0.966901780065500     
          91          32  0.965759554607188     
          92          33  0.983642183364890     
          93          33  0.980135270355321     
          94          33  0.982688254625622     
          95          39  0.968463722410448     
          96          39  0.971249822960069     
          97          39  0.980807675640607     
          98          42  0.934462349444546     
          99          46  0.980850811778150     
         100          46  0.982841635902557     
         101          46  0.990970572764828     
         102          47  0.963751378439210     
         103          47  0.953344511207153     
         104          48  0.940944539115040     
         105          50  0.976220449289985     
         106          50  0.972210281369760     
         107          50  0.974940469792575     
         108          51  0.958190814692332     
         109          51  0.952417276820455     
         110          52  0.966625018169216     
         111          52  0.957072714153403     
         112          53  0.960215912896407     
         113          53  0.962931013708463     
         114          54  0.949709981794112     
         115          55  0.977566504087881     
         116          55  0.973957736596440     
         117          55  0.980914778079227     
         118          56  0.960281523447346     
         119          56  0.955526190246323     
         120          57  0.963748706873369     
         121          57  0.960309494809226     
         122          58  0.953127853807213     
         123          58  0.963988838182572     
         124          59  0.955400413915183     
         125          60  0.983581566033485     
         126          60  0.978133032951894     
         127          60  0.979983459988295     
         128          61  0.961660558576051     
         129          61  0.970768541585344     
         130          62  0.966644686806312     
         131          62  0.960118059524532     
         132          63  0.960084734575287     
         133          63  0.955889528177724     
         134          64  0.951659220280812     
         135          65  0.974314121392108     
         136          65  0.973472639160505     
         137          65  0.979192395483815     
         138          66  0.985647199764244     
         139          66  0.979400120162683     
         140          66  0.980326823953620     
