 excitation energies, transition moments and TDA amplitudes
 state    eV      nm       fL        Rv(corr)
    1    2.176   569.8     0.6020     0.9807    -0.81( 143-> 144)  0.37( 142-> 146) -0.35( 142-> 144)
    2    2.284   542.7     0.2595     2.6041     0.79( 142-> 144)  0.37( 143-> 146) -0.35( 143-> 144)
    3    2.892   428.7     0.0150    -3.4285    -0.94( 141-> 144) -0.19( 140-> 144) -0.13( 142-> 144)
    4    3.558   348.5     0.0018     0.3780     0.79( 140-> 144) -0.38( 143-> 146)  0.29( 137-> 144)
    5    3.683   336.7     0.0164     9.0979    -0.77( 143-> 147)  0.54( 143-> 148)  0.23( 143-> 145)
    6    3.783   327.7     0.0510    41.6399     0.74( 143-> 145)  0.34( 143-> 146)  0.30( 142-> 145)
    7    3.944   314.3     0.0294     5.2961     0.78( 138-> 144) -0.27( 135-> 144)  0.26( 143-> 145)
    8    3.986   311.1     0.1491   -10.9455    -0.69( 142-> 147)  0.53( 142-> 148)  0.22( 138-> 144)
    9    4.045   306.5     0.2211    12.2516     0.67( 142-> 145) -0.37( 143-> 145) -0.28( 142-> 147)
