  0.317294216124378     
  1.369865180035124E-003
 -4.146907861080873E-002
 -2.691342795285134E-002
 -3.232569385056561E-002
 -0.155281625237020     
  1.335830435656860E-002
 -2.337716287557878E-002
 -1.858243289605088E-002
  4.485558481343688E-002
 -0.105228170807127     
 -5.174060687916615E-002
 -5.227192484709953E-002
  0.203132046005158     
 -0.300543845789829     
 -0.129626138622763     
 -0.202870000483379     
  2.504077604499910E-002
 -2.803806939934450E-002
 -6.576709095012223E-002
  3.996700435326206E-002
 -7.500581022293229E-002
  0.154408915730224     
 -0.248985332336667     
 -8.718519038381078E-002
 -0.171337498036602     
  4.398515689380167E-002
 -1.798895869579731E-002
 -2.344272688217508E-002
  2.524956707527526E-002
 -9.288287808318518E-002
 -3.884934718784638E-002
 -0.103355784491154     
 -0.205955097551008     
  1.265805992480207E-002
 -1.654291343793890E-002
 -5.695459175098794E-002
  7.094755284627219E-003
 -7.563874499245138E-002
  0.160985307499868     
 -0.224009357398121     
 -1.693253900062253E-003
  0.220330042951856     
 -0.266569152225768     
 -0.155938960001749     
  1.011503898004440E-002
  7.803022590175868E-002
 -8.089574712642467E-002
 -1.240855870304536E-002
 -0.103668383856885     
 -6.800964918021712E-002
 -4.955194448212641E-002
 -5.687436298379822E-002
 -1.917841878569160E-002
 -9.837537705656452E-002
 -7.055451950145031E-002
 -8.535298554378290E-002
 -6.390931057298488E-002
 -2.833958096468780E-002
 -0.119860583645914     
 -8.007433590057822E-002
 -7.688231604515749E-002
 -5.990126233703208E-002
 -2.025397953231867E-002
 -0.105034378557933     
 -0.101431917789114     
  6.067410102807491E-002
  5.812476576086689E-002
  4.786321561464024E-002
  5.551551828984702E-002
  5.234611080760643E-002
  2.962010865790277E-002
  3.286386170781941E-002
  4.605929022712196E-002
  3.135203845590606E-002
  4.766831128730764E-002
  4.351987626756448E-002
  4.607529580201530E-002
  5.109404220216152E-002
  4.584975156495474E-002
  4.925454535762619E-002
  5.553485125072810E-002
  5.017170073562527E-002
  3.978397425174907E-002
  5.384758132399148E-002
  5.882030058822718E-002
  3.294933766488584E-002
  4.117205283751590E-002
  4.558961689754459E-002
  4.332835792482626E-002
  4.941146104175442E-002
  2.738823800758039E-002
  2.813761714278096E-002
  3.661360309831940E-002
  4.130467684451722E-002
  5.148953947867163E-002
  4.377327418726562E-002
  6.982263858976734E-002
  4.000586792013050E-002
  6.562250372493139E-002
  5.266888582094686E-002
  6.575613010014103E-002
  6.911521479678573E-002
  2.777623780125960E-002
  3.962868061586433E-002
  3.353436540588550E-002
  3.694596986088339E-002
  3.680427829660216E-002
  3.998919704895365E-002
  3.496576502221149E-002
  3.902504520411498E-002
  3.430447055928831E-002
  3.743085464258677E-002
  3.407799814828272E-002
  3.555682026397256E-002
  3.509767947720188E-002
  2.106392616379416E-002
  3.160129586906513E-002
  4.350606974590177E-002
  2.918591733478648E-002
  4.457500737805342E-002
  3.406336421358347E-002
  3.407047741693159E-002
  3.962429191003658E-002
  2.073440073835076E-002
  3.714226711145230E-002
  2.957982094436462E-002
  3.626150227536085E-002
  3.874309730235836E-002
  2.732902030757434E-002
  3.757991667255400E-002
  3.417084792966896E-002
  4.057573870130360E-002
  3.070330929053744E-002
  3.238004529675165E-002
  2.991812661462634E-002
  3.672835568240918E-002
  1.966378538002633E-002
  4.345669507914685E-002
  4.107071325972789E-002
