 excitation energies, transition moments and TDA amplitudes
 state    eV      nm       fL        Rv(corr)
    1    2.184   567.6     0.7883    -9.3146     0.87( 142-> 143) -0.39( 141-> 145)  0.14( 141-> 143)
    2    2.379   521.3     0.1890    -0.9007     0.85( 141-> 143)  0.43( 142-> 145)  0.15( 139-> 143)
    3    3.359   369.1     0.0014   -11.1431    -0.95( 140-> 143) -0.11( 136-> 143) -0.10( 139-> 144)
    4    3.521   352.1     0.0366     3.8477     0.74( 142-> 146)  0.53( 142-> 145) -0.30( 139-> 143)
    5    3.596   344.8     0.0296    14.7112     0.91( 142-> 144)  0.19( 142-> 146)  0.13( 141-> 144)
    6    3.718   333.5     0.0324    11.1221    -0.75( 139-> 143) -0.40( 142-> 146) -0.35( 136-> 143)
    7    3.752   330.4     0.0009     0.7013     0.65( 136-> 143) -0.62( 135-> 143) -0.26( 139-> 143)
    8    3.912   316.9     0.3188    12.6134     0.49( 142-> 147)  0.47( 141-> 146)  0.36( 141-> 145)
    9    3.972   312.1     0.2584     7.8700    -0.63( 141-> 146) -0.36( 142-> 145) -0.32( 141-> 145)
