           6           1  0.389582037286677     
           7           2   1.49690467740487     
           7           6   1.16587525381161     
           8           7  0.905550832366700     
           9           8  0.971464079400887     
          10           3   1.38972443902599     
          10           6   1.30969636029242     
          10           9  0.906646599795072     
          11           9  0.972812537222716     
          12           8  0.964540744629729     
          13          12  0.965332548290123     
          14          13  0.925566668796872     
          15          14   1.76986363220657     
          16          14   1.15622712184014     
          17           1  0.494096528544162     
          18           3   1.25218899543054     
          18          17   1.13494765084444     
          19          18   1.21346557033592     
          20          19   1.40749022367464     
          21           4   1.27574891733836     
          21          17   1.24457466527000     
          21          20   1.07092920610058     
          22          19  0.982962146150717     
          23          20   1.01271956661535     
          24          23   1.81115946599600     
          25          23  0.973707309542886     
          26           1  0.429538979379957     
          27           4   1.40841472802686     
          27          26   1.25983847070852     
          28          27  0.924603893298215     
          29          28  0.952445527975836     
          30           5   1.49227674255760     
          30          26   1.18896375137348     
          30          29  0.913100524528024     
          31          28  0.975797666550693     
          32          29  0.959705574167846     
          33          32   1.00587127585779     
          34           1  0.482655377689532     
          35           5   1.23805694126123     
          35          34   1.18406315849827     
          36          35   1.14673670296797     
          37          36   1.42766760748042     
          38           2   1.16379900416892     
          38          34   1.23294693437500     
          38          37   1.15548814890234     
          39          36  0.982723848430045     
          40          37   1.02230710632451     
          41          40   1.83081725349612     
          42           2  0.943271134267038     
          42          40  0.883805968582596     
          43          42  0.934913923832781     
          44          43   1.80465906879136     
          45          43   1.07951829875566     
          46          45  0.973863860692995     
          47          16  0.939096818248247     
          48          47  0.998849661810968     
          49          48   1.87897956101552     
          50          49  0.991702901192330     
          51          49  0.980863526276822     
          52          51  0.948472710270479     
          53          52   1.00456974138295     
          54          53  0.960097141452703     
          55          54  0.998297860951346     
          56          54  0.972529783967252     
          57          56  0.965428675591674     
          58          57  0.977907959783085     
          59          58  0.996316762842262     
          60          59  0.970161599549432     
          61          59  0.970970640329487     
          62          61  0.975432887133656     
          63          62  0.988961947629151     
          64          63  0.987317552656349     
          65          64  0.974743108090241     
          66          64  0.992471754356989     
          67           3  0.940255690885856     
          68           4  0.932223038677935     
          69           5  0.934450082663542     
          70           8  0.931318279320806     
          71           9  0.940404028331284     
          72          11  0.980152368918101     
          73          11  0.978885221671044     
          74          11  0.972003001009285     
          75          12  0.963557052918651     
          76          12  0.955410448371859     
          77          13  0.962586007405037     
          78          13  0.966332213829177     
          79          22  0.975752811949160     
          80          22  0.968717462878181     
          81          22  0.966154042802165     
          82          25  0.954599945419731     
          83          25  0.962553816964758     
          84          25  0.971320925811865     
          85          28  0.941863217536799     
          86          29  0.932906999853886     
          87          31  0.975035608953277     
          88          31  0.978101971676875     
          89          31  0.973890758121019     
          90          32  0.964703288544270     
          91          32  0.964510996860345     
          92          33  0.981200034255382     
          93          33  0.978009331642895     
          94          33  0.983224682092507     
          95          39  0.979157446387351     
          96          39  0.972869877642516     
          97          39  0.964664924845798     
          98          42  0.918865938973723     
          99          46  0.984000134174256     
         100          46  0.978580447953349     
         101          46  0.986985318848126     
         102          47  0.955852817732167     
         103          47  0.957476838035639     
         104          48  0.939749002574688     
         105          50  0.962794494636018     
         106          50  0.974017455979308     
         107          50  0.970541410145666     
         108          51  0.959241990979329     
         109          51  0.957443668317929     
         110          52  0.961899942480633     
         111          52  0.966282610095667     
         112          53  0.960520625595943     
         113          53  0.956842031975771     
         114          54  0.946100902676191     
         115          55  0.977251734128287     
         116          55  0.976126792933076     
         117          55  0.979686402485951     
         118          56  0.967809473893581     
         119          56  0.959461444656491     
         120          57  0.972880264159664     
         121          57  0.960083002826217     
         122          58  0.955833603155620     
         123          58  0.962809472486434     
         124          59  0.944377753485741     
         125          60  0.984590637159104     
         126          60  0.977220611317518     
         127          60  0.980414396746498     
         128          61  0.966170926426339     
         129          61  0.959432535937969     
         130          62  0.967730606342079     
         131          62  0.964713015082932     
         132          63  0.959465901849655     
         133          63  0.956895696123284     
         134          64  0.948524396371295     
         135          65  0.980773978900546     
         136          65  0.980685785980496     
         137          65  0.983694103908970     
         138          66  0.980613855223536     
         139          66  0.976176498475275     
         140          66  0.971736580001107     
