  0.299400488935816     
  1.640164663927912E-003
 -3.843986793477150E-002
 -2.270201742884481E-002
 -2.496253309736485E-002
 -0.162719919769138     
  5.084138335989996E-002
 -2.648422712867493E-002
 -4.154953586233834E-002
  2.393911455611164E-002
 -7.704979262355849E-002
 -5.619474183075646E-002
 -4.809488621836078E-002
  0.221870538124322     
 -0.269068100867031     
 -0.166624264883340     
 -0.215612334503244     
  1.667032618457132E-002
 -5.785121375549096E-003
 -6.290974457630316E-002
 -4.925286417377883E-003
 -8.422463135894720E-002
  0.179969948189473     
 -0.256853427982812     
 -8.777065150721164E-002
 -0.130860281145577     
  8.245356993942909E-003
 -2.371307309000681E-002
 -8.481197325189704E-003
  3.666906706751538E-002
 -8.390910394951323E-002
 -5.940603035610792E-002
 -9.217694571210444E-002
 -0.208893641347185     
  4.003747855152762E-002
  1.822006888009398E-002
 -5.571141178922545E-002
  2.297734317628075E-002
 -6.879928276001035E-002
  0.151480795825450     
 -0.228222815330633     
 -3.208907593924781E-002
  0.222511120050236     
 -0.269860184989458     
 -0.162644345786508     
  7.051937373518946E-003
  5.590733571485629E-002
 -6.982530441887036E-002
 -2.692155693476561E-002
 -0.104304112841064     
 -6.212303370951755E-002
 -5.887921228996174E-002
 -7.120401206550220E-002
 -2.675220046901750E-002
 -0.126423828489314     
 -7.226606421061543E-002
 -5.575706736088204E-002
 -8.234742342232249E-002
 -2.090284540034570E-002
 -0.107071673292927     
 -6.057156498865268E-002
 -6.015303872893885E-002
 -8.557607869851580E-002
 -2.145158147245763E-002
 -0.127889106282168     
 -9.201539217025179E-002
  6.416432946079009E-002
  5.397595558292334E-002
  5.195328149659062E-002
  4.800039124758015E-002
  4.418106032150448E-002
  4.358773296239749E-002
  4.300976387430655E-002
  4.780461405549674E-002
  3.445243394098618E-002
  4.844164068793677E-002
  5.329235778594354E-002
  4.996159032539371E-002
  4.435804844040048E-002
  4.617464520690673E-002
  5.104662236779023E-002
  5.215113183840847E-002
  4.602038500722216E-002
  4.746824952478657E-002
  4.605685132979154E-002
  4.397432909402443E-002
  3.874388470400447E-002
  4.099515432753642E-002
  4.004315583153861E-002
  3.722581850645479E-002
  2.958517123624149E-002
  1.773325308705198E-002
  4.688444456907148E-002
  3.639870740376949E-002
  5.092141541597350E-002
  4.634693011939750E-002
  5.222918241662000E-002
  6.328474295312014E-002
  6.103499590543338E-002
  5.306190915933229E-002
  5.596036507931512E-002
  4.618306102690684E-002
  7.420835776641088E-002
  3.265334431980993E-002
  3.039391839355743E-002
  4.417918415641042E-002
  4.112621838537556E-002
  3.400936294135459E-002
  4.497894795066348E-002
  3.002090882460262E-002
  3.854851711928453E-002
  3.474795868409308E-002
  3.805216923289934E-002
  3.735934392247864E-002
  1.965955252333829E-002
  3.114930926379800E-002
  3.061324742367355E-002
  3.228410752652178E-002
  3.969843335686229E-002
  3.774650868232399E-002
  4.142277310318998E-002
  3.491135224752850E-002
  3.628807392604017E-002
  4.150515637135199E-002
  2.790870025040237E-002
  3.318401648132852E-002
  3.734009534849314E-002
  3.729613659844333E-002
  3.499659397446009E-002
  2.469601466095872E-002
  4.968071789452111E-002
  2.281276932747456E-002
  3.642843373490257E-002
  4.725633139139862E-002
  2.944799762238803E-002
  2.871058143149829E-002
  2.617878454212175E-002
  2.568159199733300E-002
  4.843071733199389E-002
  3.942726948271269E-002
