 excitation energies, transition moments and TDA amplitudes
 state    eV      nm       fL        Rv(corr)
    1    2.241   553.2     0.6724     6.7898     0.87( 143-> 144) -0.42( 142-> 145) -0.11( 142-> 146)
    2    2.357   526.0     0.0821    -2.9529    -0.82( 142-> 144) -0.49( 143-> 145)  0.13( 141-> 144)
    3    3.188   388.9     0.0008     5.7443    -0.93( 141-> 144)  0.16( 139-> 144) -0.14( 141-> 146)
    4    3.632   341.4     0.0414     0.4964     0.84( 143-> 147)  0.38( 143-> 146) -0.25( 139-> 144)
    5    3.695   335.5     0.1836     0.4940     0.56( 143-> 146)  0.48( 139-> 144) -0.47( 143-> 145)
    6    3.738   331.7     0.1756    11.9246    -0.62( 143-> 146)  0.51( 143-> 147) -0.25( 143-> 145)
    7    3.968   312.5     0.1516   -11.9135     0.56( 139-> 144)  0.39( 142-> 146)  0.38( 136-> 144)
    8    4.043   306.7     0.0049    16.9870    -0.54( 138-> 144) -0.48( 138-> 148) -0.40( 137-> 144)
    9    4.093   302.9     0.0273    22.6648     0.93( 142-> 147) -0.19( 136-> 144) -0.17( 135-> 144)
