           6           1  0.380167114614611     
           7           2   1.39724507863988     
           7           6   1.23880307600225     
           8           7  0.949622760045691     
           9           8  0.953368333091969     
          10           3   1.37732862508917     
          10           6   1.26051759990882     
          10           9  0.941558113833974     
          11           9  0.951334026363077     
          12           8  0.940070497264608     
          13          12  0.959703528912869     
          14          13  0.970884687096538     
          15          14   1.83121564056174     
          16          14   1.04097072061175     
          17           1  0.568845434205455     
          18           3   1.31830684175991     
          18          17   1.13980290975451     
          19          18   1.17621241960713     
          20          19   1.46246211871492     
          21           4   1.30872663980423     
          21          17   1.14143702079627     
          21          20   1.12458587578785     
          22          19  0.989594969308762     
          23          20  0.939625413891020     
          24          23   1.83942713894824     
          25          23   1.01640475392661     
          26           1  0.453523682115280     
          27           4   1.41858930447610     
          27          26   1.22119101392262     
          28          27  0.934836684184517     
          29          28  0.939114539403520     
          30           5   1.42675435723667     
          30          26   1.20216053239982     
          30          29  0.960645228373614     
          31          28  0.958962469279200     
          32          29  0.950786907809942     
          33          32   1.00120780678250     
          34           1  0.451188107165524     
          35           5   1.25677143692386     
          35          34   1.16336452756999     
          36          35   1.19305824534424     
          37          36   1.40260448696582     
          38           2   1.24677971654883     
          38          34   1.22507303740623     
          38          37   1.11895883146667     
          39          36  0.991179642630518     
          40          37   1.04906293000791     
          41          40   1.82870162157519     
          42           2  0.927542144628382     
          42          40  0.868188844870540     
          43          42  0.942365765040307     
          44          43   1.81636805833874     
          45          43   1.06530133893716     
          46          45  0.956142339964679     
          47          16  0.964902608662764     
          48          47   1.00499518648291     
          49          48   1.85872229777015     
          50          49  0.996949561623773     
          51          49  0.952247540554121     
          52          51  0.988602389132370     
          53          52  0.973232764646726     
          54          53  0.977669171164428     
          55          54  0.980980911137421     
          56          54  0.961881384820359     
          57          56  0.982766796700066     
          58          57  0.971205813322134     
          59          58  0.969875714276590     
          60          59  0.967356061665726     
          61          59  0.967744880938654     
          62          61  0.983796143214972     
          63          62  0.980905373855476     
          64          63  0.975283461520271     
          65          64  0.982865579966621     
          66          64  0.984985278785425     
          67           3  0.930664016076631     
          68           4  0.926412510803617     
          69           5  0.939929160825596     
          70           8  0.935630084648576     
          71           9  0.938975231437117     
          72          11  0.978208912810316     
          73          11  0.984316152794484     
          74          11  0.980096721710120     
          75          12  0.963679728098245     
          76          12  0.961915115252291     
          77          13  0.943974105242256     
          78          13  0.955249126250162     
          79          22  0.962805768154808     
          80          22  0.965238215720502     
          81          22  0.973534079366341     
          82          25  0.943971028042803     
          83          25  0.953061292697225     
          84          25  0.963541767753145     
          85          28  0.942846898540717     
          86          29  0.936966328084078     
          87          31  0.982606060762610     
          88          31  0.980421654564734     
          89          31  0.978871804567265     
          90          32  0.957161999106475     
          91          32  0.959187505446713     
          92          33  0.982835207688587     
          93          33  0.976333364612468     
          94          33  0.984099119853070     
          95          39  0.967046474062832     
          96          39  0.977568547722269     
          97          39  0.966816021562387     
          98          42  0.920364098687119     
          99          46  0.984353642887211     
         100          46  0.989620428273983     
         101          46  0.986135971937495     
         102          47  0.962262303528059     
         103          47  0.942855028329521     
         104          48  0.939409630008627     
         105          50  0.973476614616535     
         106          50  0.964997912140998     
         107          50  0.964958629868101     
         108          51  0.962509902835528     
         109          51  0.949609801401426     
         110          52  0.962182315483216     
         111          52  0.964215691542279     
         112          53  0.958325981463442     
         113          53  0.956049215987837     
         114          54  0.950524843169977     
         115          55  0.975312766613287     
         116          55  0.975412291158589     
         117          55  0.979220505688024     
         118          56  0.964947159701804     
         119          56  0.958192989368812     
         120          57  0.965958801469984     
         121          57  0.969655894897741     
         122          58  0.963986877861090     
         123          58  0.958860442526969     
         124          59  0.951307871857227     
         125          60  0.983395620386756     
         126          60  0.977419804349203     
         127          60  0.979357420722910     
         128          61  0.959691224540057     
         129          61  0.958946120153257     
         130          62  0.965251733159512     
         131          62  0.962618848290841     
         132          63  0.965469164230125     
         133          63  0.958272957823619     
         134          64  0.951013077920143     
         135          65  0.977837155247121     
         136          65  0.978605142703510     
         137          65  0.982578270999533     
         138          66  0.979652030604640     
         139          66  0.972782024303275     
         140          66  0.980222769434740     
