  0.316044922300746     
 -4.505748972384538E-003
 -3.867459349168900E-002
 -3.663894867613493E-002
 -9.364001243961084E-003
 -0.167606755695400     
  2.965392615959939E-002
 -1.040416145846113E-002
 -1.575590131823112E-002
  4.111470991899946E-002
 -9.021306647210192E-002
 -4.697247775782376E-002
 -8.821111503749446E-002
  0.238043929600651     
 -0.259351620345397     
 -0.177660382774087     
 -0.223044538883261     
  2.771662704687339E-002
 -1.517068434771396E-002
 -3.917729800311864E-002
  1.683994725442561E-002
 -6.509178598729015E-002
  0.120160852068740     
 -0.228703855908234     
 -9.883609421172501E-002
 -0.146385284632266     
  4.330866686028800E-002
 -2.294502134431653E-002
 -1.219228423932961E-002
  3.360192068362178E-002
 -8.494986918842073E-002
 -6.288435131652825E-002
 -9.599202285603425E-002
 -0.223529785737402     
  2.253169054680537E-002
  2.001311505850811E-003
 -3.608106077215822E-002
  5.477063067753596E-002
 -7.061233613857532E-002
  0.139899617755995     
 -0.228099764869544     
 -2.939321341198831E-002
  0.230120681870177     
 -0.266787023503860     
 -0.154916143664099     
 -6.009743382165311E-003
  3.251106407573490E-002
 -6.968542541614386E-002
 -1.239145808103803E-002
 -8.860421443689237E-002
 -5.505176007520785E-002
 -4.594675154221939E-002
 -6.271140484760718E-002
 -1.705573554573814E-002
 -0.109932033498554     
 -8.051335341757060E-002
 -5.599466323380309E-002
 -7.046348952746762E-002
 -3.762049331299977E-002
 -0.103321827050958     
 -6.948653848321218E-002
 -8.169966001608753E-002
 -4.380592753841750E-002
 -2.836436726281910E-002
 -0.119512119365769     
 -9.986964308528545E-002
  4.814632943565811E-002
  5.204868251499195E-002
  5.159933025955443E-002
  4.888241784593383E-002
  4.719679991470671E-002
  2.227062866735807E-002
  3.553345036721134E-002
  4.536035087717949E-002
  3.905351751062602E-002
  5.929793738260802E-002
  5.594007524692557E-002
  2.865109099568219E-002
  5.717860918113449E-002
  5.077479284428232E-002
  5.304273416061800E-002
  4.382208505850371E-002
  4.623460910039590E-002
  4.414379712689709E-002
  5.280728119423472E-002
  5.388178091903661E-002
  4.383430992266268E-002
  3.787801035385563E-002
  4.122410078256111E-002
  3.180432096044250E-002
  3.867425214495002E-002
  3.921309183343169E-002
  3.044494951440335E-002
  3.265992476145751E-002
  4.666100627354786E-002
  5.050962475045584E-002
  4.099130534155226E-002
  5.458823389476164E-002
  3.992129895739549E-002
  4.659414974657194E-002
  5.836995535570855E-002
  5.535651480645443E-002
  5.177982178059237E-002
  3.577655000806879E-002
  4.284165749724389E-002
  4.165691891670864E-002
  3.886710542113236E-002
  3.328466006630215E-002
  3.993537170538919E-002
  3.303552946941923E-002
  3.981525273385889E-002
  3.156420347702882E-002
  3.743409655195129E-002
  2.951326159203926E-002
  3.494466770599824E-002
  3.027846139731238E-002
  3.016751551862318E-002
  3.405021825479737E-002
  2.645224524975021E-002
  3.676448794074405E-002
  3.516278043512333E-002
  3.837379264901886E-002
  2.652710964156890E-002
  2.224016926489714E-002
  3.235291387458916E-002
  3.358256478717403E-002
  3.494717411928061E-002
  3.123333407202045E-002
  3.720526045358807E-002
  2.757234841206135E-002
  2.991315773365955E-002
  4.249945619829054E-002
  4.773519187038566E-002
  4.895024535683123E-002
  3.470395753450040E-002
  3.293513760403455E-002
  2.105307399112666E-002
  3.402829542326047E-002
  3.500376191852628E-002
  4.109820242227169E-002
