 excitation energies, transition moments and TDA amplitudes
 state    eV      nm       fL        Rv(corr)
    1    2.284   542.7     0.3916    -9.5751    -0.68( 144-> 145)  0.56( 143-> 145)  0.24( 143-> 147)
    2    2.332   531.7     0.4787     6.2218    -0.66( 143-> 145) -0.55( 144-> 145) -0.25( 144-> 147)
    3    3.101   399.8     0.0117    10.2104     0.90( 142-> 145) -0.19( 144-> 146) -0.16( 141-> 145)
    4    3.345   370.7     0.0087   -21.3449     0.73( 144-> 148)  0.64( 144-> 147) -0.14( 141-> 145)
    5    3.570   347.3     0.0685    -7.1887     0.66( 144-> 146)  0.52( 141-> 145)  0.25( 142-> 145)
    6    3.669   338.0     0.1390   -24.6313     0.54( 141-> 145)  0.51( 143-> 146)  0.32( 144-> 148)
    7    3.683   336.6     0.2808    38.8788     0.63( 143-> 148)  0.53( 143-> 147)  0.40( 144-> 146)
    8    3.778   328.2     0.0276     2.4019     0.68( 140-> 145) -0.49( 143-> 146)  0.27( 138-> 145)
    9    3.936   315.0     0.1981   -16.2646    -0.48( 141-> 145)  0.40( 140-> 145)  0.31( 143-> 146)
