           6           1  0.409071331599896     
           7           2   1.52515108425049     
           7           6   1.14317589611961     
           8           7  0.924809269441552     
           9           8  0.964328771184803     
          10           3   1.37868507556890     
          10           6   1.32896786417462     
          10           9  0.874016023161059     
          11           9  0.993017898630612     
          12           8  0.951052134546284     
          13          12  0.952653920856315     
          14          13  0.939975559568842     
          15          14   1.84602199465536     
          16          14   1.06375534884627     
          17           1  0.478849198724061     
          18           3   1.31109924854954     
          18          17   1.19345736285210     
          19          18   1.12261700428807     
          20          19   1.38926650505031     
          21           4   1.30750970524756     
          21          17   1.14205080917027     
          21          20   1.16699954718239     
          22          19   1.01041171126798     
          23          20   1.01243166291539     
          24          23   1.83800728381737     
          25          23  0.928077852402703     
          26           1  0.411309884713804     
          27           4   1.37638897732823     
          27          26   1.30186744457717     
          28          27  0.925638276958707     
          29          28  0.949712639187977     
          30           5   1.42982494278729     
          30          26   1.19656693602212     
          30          29  0.930914109818786     
          31          28  0.967673261862093     
          32          29  0.958736689679327     
          33          32  0.989579538729290     
          34           1  0.507793350528279     
          35           5   1.29065582752911     
          35          34   1.11729089742822     
          36          35   1.18602218184772     
          37          36   1.31104111692092     
          38           2   1.08448326818062     
          38          34   1.25109812623206     
          38          37   1.26680665171089     
          39          36  0.987712068348068     
          40          37   1.05467565090209     
          41          40   1.82897733164534     
          42           2  0.958559415178770     
          42          40  0.842387065243315     
          43          42  0.943142562068189     
          44          43   1.82250804012619     
          45          43   1.04343500096686     
          46          45  0.980938898592301     
          47          16  0.934412979919590     
          48          47  0.987016719099659     
          49          48   1.88151114948583     
          50          49  0.981593446581195     
          51          49  0.961992960177079     
          52          51  0.979764165517434     
          53          52  0.970513409696724     
          54          53  0.977937354651295     
          55          54  0.975794650567233     
          56          54  0.967772900495572     
          57          56  0.968054353886336     
          58          57  0.988478278988854     
          59          58  0.980704934579407     
          60          59  0.972741804074665     
          61          59  0.960681489914716     
          62          61  0.974878573493952     
          63          62  0.984198110640690     
          64          63  0.985068360068300     
          65          64  0.983970671164232     
          66          64  0.984396747827356     
          67           3  0.938859914718250     
          68           4  0.932396362713034     
          69           5  0.936903351818817     
          70           8  0.937115442048201     
          71           9  0.946082997367940     
          72          11  0.978095772551068     
          73          11  0.972570378402070     
          74          11  0.974331277020268     
          75          12  0.966355772172794     
          76          12  0.956699114895602     
          77          13  0.941644576829209     
          78          13  0.960214459283904     
          79          22  0.956618409589686     
          80          22  0.971922442123374     
          81          22  0.960710600627812     
          82          25  0.966771834009565     
          83          25  0.965672206594043     
          84          25  0.975451745806644     
          85          28  0.937806114154056     
          86          29  0.936508137494084     
          87          31  0.980635097906031     
          88          31  0.978443779078022     
          89          31  0.977722372015326     
          90          32  0.970027367939366     
          91          32  0.966931713182828     
          92          33  0.983362713440198     
          93          33  0.983782312906422     
          94          33  0.987448391691048     
          95          39  0.969408706899617     
          96          39  0.978152918676302     
          97          39  0.969403548456107     
          98          42  0.931852833928238     
          99          46  0.986123216949488     
         100          46  0.986837178808617     
         101          46  0.974618435268963     
         102          47  0.963537187304030     
         103          47  0.971729610040895     
         104          48  0.940574372008524     
         105          50  0.971012729372239     
         106          50  0.972775012849967     
         107          50  0.977973753701289     
         108          51  0.963135022002028     
         109          51  0.958897294994166     
         110          52  0.967670919006851     
         111          52  0.968214951678730     
         112          53  0.962273106556363     
         113          53  0.957443770232267     
         114          54  0.955021144622858     
         115          55  0.978802131424917     
         116          55  0.978497148795369     
         117          55  0.982036541070138     
         118          56  0.961352866425184     
         119          56  0.965779709079995     
         120          57  0.966411118154683     
         121          57  0.966487998565275     
         122          58  0.953216720471421     
         123          58  0.957150078598479     
         124          59  0.955779636070926     
         125          60  0.984526870863261     
         126          60  0.980819126171959     
         127          60  0.981309557179645     
         128          61  0.972405211326158     
         129          61  0.964644159678175     
         130          62  0.966667691936301     
         131          62  0.963564748435873     
         132          63  0.959985241044154     
         133          63  0.959689431221776     
         134          64  0.947594745969779     
         135          65  0.982215955516480     
         136          65  0.979806305419771     
         137          65  0.982743132634052     
         138          66  0.982956206829881     
         139          66  0.979061313623535     
         140          66  0.978855905229780     
