  0.302376727193614     
  2.329815056793283E-002
 -6.101087720797249E-002
 -1.156285269850343E-002
 -1.606123344295707E-002
 -0.156738470991436     
  1.306403437468706E-002
 -8.258326332377663E-003
 -1.440457814464313E-002
  1.723987043250830E-002
 -9.148224952914674E-002
 -7.080699072564034E-002
 -5.619171713686821E-002
  0.192397450838574     
 -0.295138248618415     
 -0.149856274202071     
 -0.219666803744441     
  2.540952425220055E-002
 -4.735814217418799E-002
 -7.132127789516307E-002
  7.538948126049050E-003
 -6.484610661608325E-002
  0.137530210138238     
 -0.233749376444152     
 -9.701903597006645E-002
 -0.156071218487011     
  3.373038877392931E-002
 -2.290095251122004E-002
 -2.300659959983520E-002
  5.653173284902158E-002
 -9.994917369906098E-002
 -4.165392928074496E-002
 -0.101912622495218     
 -0.210621822401340     
  3.424951690501210E-002
  2.043150622432321E-002
 -6.405180926690512E-002
  5.703583371281340E-002
 -5.580962422903468E-002
  0.145830236018853     
 -0.252571220258011     
 -4.583274455699549E-002
  0.227983441444999     
 -0.294974455082732     
 -0.131253451426184     
  2.060119874612898E-002
  5.163766122389557E-002
 -6.668119859117905E-002
 -4.876433038786487E-003
 -9.515369552036823E-002
 -6.156438365889372E-002
 -5.259402977331806E-002
 -6.751015995363829E-002
 -1.504695352029017E-002
 -0.113429870762761     
 -7.779535882749045E-002
 -6.825315082857397E-002
 -6.874536642031970E-002
 -5.447923246997277E-002
 -0.112532085038355     
 -6.398006489599251E-002
 -4.638244794464441E-002
 -6.491937942960657E-002
 -3.595764986280425E-002
 -0.104140930334615     
 -0.111092503605066     
  6.206785345511812E-002
  6.859299954286802E-002
  5.019552013301687E-002
  7.562696752976594E-002
  5.382502178594761E-002
  4.500472323599503E-002
  4.037842214818199E-002
  3.436176404551983E-002
  3.454513152194350E-002
  4.780542846535474E-002
  4.738785245320298E-002
  4.989419976368081E-002
  4.851569748289974E-002
  5.125112103231910E-002
  5.371533070689416E-002
  4.607929986987158E-002
  4.918291151282883E-002
  4.371437858133309E-002
  4.936676788324357E-002
  4.903713092670747E-002
  3.403631708910071E-002
  4.764662456302093E-002
  3.210917765113930E-002
  4.716050789245874E-002
  3.724425144808408E-002
  2.810965785770780E-002
  3.011438328166660E-002
  3.901031410464684E-002
  5.396153041371698E-002
  5.379593907755265E-002
  5.457109978278762E-002
  5.953437763373304E-002
  4.510230350138733E-002
  5.404854263192727E-002
  4.935240001765528E-002
  4.799856105056055E-002
  6.413701275782335E-002
  3.395144459227850E-002
  3.557456897702038E-002
  4.200848589146644E-002
  4.151039601154094E-002
  4.826497818739650E-002
  2.776152053108849E-002
  4.158836005599176E-002
  3.371143521322484E-002
  3.548110416851369E-002
  4.170198689244164E-002
  4.010085710601652E-002
  3.117051197855703E-002
  2.829805569218946E-002
  2.967963401148788E-002
  3.466097353320274E-002
  3.101237478378671E-002
  3.340828411539498E-002
  2.584878691845227E-002
  3.468792635205631E-002
  2.730556952494556E-002
  2.383118876361112E-002
  3.304951330191053E-002
  3.769176249119455E-002
  4.247507998526345E-002
  3.891982651733672E-002
  4.587154757171685E-002
  4.315269717142933E-002
  4.122684175769564E-002
  3.037298214312856E-002
  4.423177982088489E-002
  2.853977707693367E-002
  3.460418163308376E-002
  3.384658443757094E-002
  3.617069036037224E-002
  2.941420354972613E-002
  3.168127541345966E-002
  3.304193845833614E-002
