           6           1  0.370703619103471     
           7           2   1.46676332792606     
           7           6   1.17128839136241     
           8           7  0.911353579747914     
           9           8  0.987304342342785     
          10           3   1.39422795624205     
          10           6   1.30854606453551     
          10           9  0.903726457167269     
          11           9  0.955397328966571     
          12           8  0.938458340752220     
          13          12  0.944863648118443     
          14          13  0.964192049717633     
          15          14   1.77023981176923     
          16          14   1.10868261346029     
          17           1  0.522230647420280     
          18           3   1.25852195657712     
          18          17   1.19555828433404     
          19          18   1.17338124258872     
          20          19   1.43748336383392     
          21           4   1.29117868894486     
          21          17   1.17425640154999     
          21          20   1.08049907997858     
          22          19   1.00005857530187     
          23          20   1.01140528476837     
          24          23   1.83106197448481     
          25          23  0.944726495772684     
          26           1  0.427884782747251     
          27           4   1.45111169073454     
          27          26   1.21623866015974     
          28          27  0.941392613568627     
          29          28  0.934002783701893     
          30           5   1.44685106694310     
          30          26   1.21893089877925     
          30          29  0.945452160901437     
          31          28  0.964429861187015     
          32          29  0.970050438698678     
          33          32  0.996378478024140     
          34           1  0.508894834965853     
          35           5   1.25797799760665     
          35          34   1.06120455565964     
          36          35   1.25594614634144     
          37          36   1.33871747400771     
          38           2   1.15889132755871     
          38          34   1.31257628077272     
          38          37   1.14202323466278     
          39          36  0.994595508909677     
          40          37   1.08526009101419     
          41          40   1.80392194670877     
          42           2  0.973690669048480     
          42          40  0.851370407777097     
          43          42  0.921916492176950     
          44          43   1.78216426351007     
          45          43   1.12035002747182     
          46          45  0.969290908746132     
          47          16  0.938655357846299     
          48          47   1.00409341004234     
          49          48   1.85096784378146     
          50          49  0.992524600441816     
          51          49  0.990199532851624     
          52          51  0.969580142414617     
          53          52  0.976953948954461     
          54          53  0.974128087778813     
          55          54  0.995937067060423     
          56          54  0.972156023946289     
          57          56  0.974782115378093     
          58          57  0.988228592607316     
          59          58  0.970061652401652     
          60          59  0.973883056683221     
          61          59  0.969758399046146     
          62          61  0.973416328341667     
          63          62  0.999100086632348     
          64          63  0.958013677097232     
          65          64  0.969768422977604     
          66          64   1.00023994213258     
          67           3  0.936610697684812     
          68           4  0.920639942160880     
          69           5  0.934399876255241     
          70           8  0.934299348067314     
          71           9  0.941784140887634     
          72          11  0.979628704001516     
          73          11  0.977837802399559     
          74          11  0.982323922131659     
          75          12  0.968166629179647     
          76          12  0.957083395600786     
          77          13  0.951287628082905     
          78          13  0.963836309072045     
          79          22  0.961682329489775     
          80          22  0.970848663700248     
          81          22  0.966085053555295     
          82          25  0.971719691713368     
          83          25  0.960730715933510     
          84          25  0.967290653283972     
          85          28  0.943029708749305     
          86          29  0.928489738674427     
          87          31  0.981726858468786     
          88          31  0.973765848889999     
          89          31  0.977440653555746     
          90          32  0.962215776536036     
          91          32  0.964489879551520     
          92          33  0.977591379695163     
          93          33  0.984602545298489     
          94          33  0.981836807407320     
          95          39  0.961699774011239     
          96          39  0.970708357356489     
          97          39  0.977184035948931     
          98          42  0.920078353438452     
          99          46  0.983912064195510     
         100          46  0.980727670248510     
         101          46  0.989411047944251     
         102          47  0.964365579021127     
         103          47  0.954148102035761     
         104          48  0.942247360568338     
         105          50  0.973828003800112     
         106          50  0.964288103567338     
         107          50  0.973938552339154     
         108          51  0.947458771346167     
         109          51  0.959312401034724     
         110          52  0.966321930426281     
         111          52  0.965360584423274     
         112          53  0.963705630525597     
         113          53  0.956047697421448     
         114          54  0.946408240594992     
         115          55  0.978443961709000     
         116          55  0.973722363976710     
         117          55  0.973261133467761     
         118          56  0.958812466842179     
         119          56  0.960615547198949     
         120          57  0.965777683430264     
         121          57  0.972186095518310     
         122          58  0.961661248719486     
         123          58  0.962739987034078     
         124          59  0.954914621212873     
         125          60  0.980125304285378     
         126          60  0.979115358300779     
         127          60  0.982516374113339     
         128          61  0.965320114499210     
         129          61  0.960380177673018     
         130          62  0.957862108433038     
         131          62  0.963807337534922     
         132          63  0.962262222488351     
         133          63  0.955827422665125     
         134          64  0.960903946846756     
         135          65  0.983673068044860     
         136          65  0.981329344596432     
         137          65  0.980573700111215     
         138          66  0.974158845876703     
         139          66  0.978253874132726     
         140          66  0.971819513223281     
