  0.290570266722019     
  1.011103241903610E-002
 -3.134266983166878E-002
 -2.680862854686694E-002
 -4.175745569769251E-002
 -0.152381265169064     
  6.700574313529106E-003
  6.215371528218050E-003
 -3.472177005965094E-002
  4.271252639872225E-002
 -8.731013254217768E-002
 -6.368435112222937E-002
 -5.912000759214209E-002
  0.197403382812706     
 -0.233904856034552     
 -0.162598739957822     
 -0.213034642456199     
  3.905265374173261E-002
 -8.022289469921340E-003
 -6.545764540312327E-002
  4.362880530690560E-002
 -6.355989205616730E-002
  0.146315800068377     
 -0.248807178640796     
 -0.103042228569203     
 -0.166971164097413     
  3.408587033050070E-002
 -9.599536882014092E-003
 -2.675385004836350E-002
  2.570759611583462E-002
 -8.950827564266550E-002
 -5.005731021188975E-002
 -8.934829863514793E-002
 -0.202587453737802     
  3.209983851617793E-002
 -4.102403753151673E-002
 -6.434967967264260E-002
  1.417954635950780E-002
 -5.296910475408012E-002
  0.148114974517109     
 -0.227576889919719     
 -3.871159879993868E-002
  0.239804161417021     
 -0.245930126430866     
 -0.177031640736619     
  6.410216719619388E-003
  5.521031518774810E-002
 -7.552512985619675E-002
 -3.378849950106133E-002
 -9.663358988707760E-002
 -4.724271555568649E-002
 -4.864171645412085E-002
 -7.812091740885396E-002
 -2.284741633141962E-002
 -9.850292722618281E-002
 -6.761850035302608E-002
 -7.918579493427380E-002
 -5.838984444317141E-002
 -3.141143980665539E-002
 -0.115426640224938     
 -6.142014297501852E-002
 -7.541238993483734E-002
 -7.423831328166841E-002
 -1.609830507279675E-002
 -9.719979575488047E-002
 -0.106065062156536     
  5.962255645148784E-002
  4.505987899994035E-002
  6.141087562334580E-002
  6.650577521740642E-002
  5.876802362689992E-002
  3.975819579355622E-002
  4.249117972981964E-002
  4.033656629781712E-002
  4.171290258402094E-002
  2.785015540335478E-002
  4.847565674970189E-002
  4.196157615727369E-002
  5.581039005166766E-002
  4.679063890612756E-002
  4.942010288310195E-002
  4.880529894255481E-002
  4.040719719060881E-002
  4.530702476213910E-002
  4.784917910832887E-002
  5.374029050391116E-002
  4.590059889211717E-002
  4.505430665553023E-002
  3.296112790707084E-002
  4.658239166390077E-002
  3.007270952316776E-002
  3.445111627618724E-002
  2.885378502436509E-002
  3.160632689316489E-002
  6.110555569995668E-002
  5.387570867540759E-002
  5.333078836110183E-002
  6.058650651962405E-002
  6.595225865430987E-002
  4.244236832697512E-002
  5.070711346636003E-002
  5.969534378725461E-002
  5.476883739942495E-002
  2.816244432679038E-002
  3.252860146210523E-002
  4.013374705401884E-002
  3.835219183249738E-002
  4.018168023262392E-002
  4.094517166798317E-002
  3.228970167290557E-002
  3.580565961742199E-002
  3.146660034270532E-002
  3.416167083971378E-002
  3.252187686363051E-002
  3.886238910641726E-002
  3.226511027223478E-002
  3.452424661214160E-002
  4.202985222855693E-002
  3.320158687891017E-002
  3.503053482769758E-002
  2.729572771794575E-002
  4.660065907102751E-002
  3.557328917725056E-002
  4.030192043319847E-002
  4.065723949700550E-002
  3.267438895882036E-002
  2.778622137155395E-002
  3.809543987323127E-002
  4.080639585914825E-002
  2.283603322593253E-002
  2.938566317872870E-002
  2.483020194015406E-002
  3.478165849685722E-002
  3.043116460357176E-002
  3.257278073093206E-002
  3.254598895843608E-002
  3.054016631974632E-002
  3.060940095895215E-002
  2.876567148713161E-002
  3.383554252666898E-002
