 excitation energies, transition moments and TDA amplitudes
 state    eV      nm       fL        Rv(corr)
    1    2.202   563.1     0.8251   -10.1896     0.89( 143-> 144)  0.32( 142-> 146) -0.22( 142-> 145)
    2    2.319   534.6     0.1110    -1.9708    -0.84( 142-> 144)  0.34( 143-> 146) -0.23( 143-> 145)
    3    3.013   411.5     0.0097    10.5009    -0.91( 141-> 144) -0.22( 143-> 145) -0.19( 137-> 144)
    4    3.449   359.5     0.0067    -1.2760    -0.79( 140-> 144)  0.45( 143-> 145)  0.19( 137-> 144)
    5    3.590   345.4     0.0439    13.9024    -0.63( 143-> 145)  0.46( 143-> 147) -0.33( 140-> 144)
    6    3.788   327.3     0.1157    -2.2097    -0.55( 142-> 145) -0.53( 143-> 147) -0.28( 143-> 145)
    7    3.856   321.5     0.0007    -2.3955     0.60( 138-> 144)  0.45( 136-> 144)  0.41( 137-> 144)
    8    3.870   320.4     0.0490    -5.2793    -0.49( 143-> 146) -0.44( 143-> 147)  0.39( 137-> 144)
    9    4.070   304.6     0.2065   -30.0300     0.46( 142-> 145) -0.41( 137-> 144) -0.38( 143-> 147)
