           6           1  0.399822860866384     
           7           2   1.41522841733636     
           7           6   1.16890833835842     
           8           7  0.966498226869916     
           9           8  0.931825200707787     
          10           3   1.42960175367001     
          10           6   1.27311144008145     
          10           9  0.938173885904719     
          11           9  0.971762156501472     
          12           8  0.966519223190591     
          13          12  0.966462617168799     
          14          13  0.911966237089451     
          15          14   1.86566751596003     
          16          14   1.05014386375396     
          17           1  0.509261636273971     
          18           3   1.23110217550751     
          18          17   1.18617202515760     
          19          18   1.18587407193299     
          20          19   1.42036097444506     
          21           4   1.26378212576863     
          21          17   1.20422502953630     
          21          20   1.11973101622836     
          22          19  0.994027707400730     
          23          20  0.992101996812763     
          24          23   1.83710816200117     
          25          23  0.959634868837899     
          26           1  0.409747163626616     
          27           4   1.46304302890532     
          27          26   1.22585715660158     
          28          27  0.910875767419668     
          29          28  0.960750237858314     
          30           5   1.45544614835746     
          30          26   1.21270227372508     
          30          29  0.952589319826712     
          31          28  0.971444993409797     
          32          29  0.923356265785657     
          33          32   1.01644009231283     
          34           1  0.512111653945316     
          35           5   1.24814394121771     
          35          34   1.21021139395888     
          36          35   1.14158354238239     
          37          36   1.35680408499572     
          38           2   1.22221689548429     
          38          34   1.16435179902856     
          38          37   1.17043127296510     
          39          36  0.993688239412958     
          40          37   1.08561860102618     
          41          40   1.82078641078137     
          42           2  0.952146585563739     
          42          40  0.842200444009785     
          43          42  0.901739535783814     
          44          43   1.86072437622350     
          45          43   1.05274478400177     
          46          45  0.969932654484302     
          47          16  0.969479106028182     
          48          47  0.985779019600563     
          49          48   1.90772829740872     
          50          49  0.996104820375416     
          51          49  0.936343951052901     
          52          51  0.986242588355298     
          53          52  0.981759501594697     
          54          53  0.946082049930658     
          55          54   1.00060206715117     
          56          54  0.979744879707173     
          57          56  0.968371203196827     
          58          57  0.987105071887368     
          59          58  0.956023319684602     
          60          59  0.982311986081016     
          61          59  0.971060355793307     
          62          61  0.984135666967505     
          63          62  0.974264437319649     
          64          63  0.974551844667072     
          65          64  0.998851778711395     
          66          64  0.988260601604966     
          67           3  0.938215381615032     
          68           4  0.931779100642200     
          69           5  0.937764804264437     
          70           8  0.922591927411957     
          71           9  0.937765942513551     
          72          11  0.981474720992674     
          73          11  0.977441381770619     
          74          11  0.977554614883880     
          75          12  0.953191518605673     
          76          12  0.961671227151817     
          77          13  0.955584816121269     
          78          13  0.963722458529002     
          79          22  0.968453537686778     
          80          22  0.975345449654463     
          81          22  0.963252840341929     
          82          25  0.960091291974748     
          83          25  0.970815377005497     
          84          25  0.961734008490136     
          85          28  0.946438795370611     
          86          29  0.935618515781337     
          87          31  0.972649890899787     
          88          31  0.977724440113412     
          89          31  0.977194800701750     
          90          32  0.959804484883126     
          91          32  0.966672312782179     
          92          33  0.979207221832279     
          93          33  0.975694159224133     
          94          33  0.981469030408884     
          95          39  0.963859869135583     
          96          39  0.976917740733366     
          97          39  0.966164846845164     
          98          42  0.930561004976630     
          99          46  0.975026926317548     
         100          46  0.988542951491473     
         101          46  0.987838551173012     
         102          47  0.951234848263219     
         103          47  0.960277504585659     
         104          48  0.940012631097828     
         105          50  0.979173555828078     
         106          50  0.965501065806676     
         107          50  0.968272271450504     
         108          51  0.959596409743796     
         109          51  0.967460470681130     
         110          52  0.970861837963027     
         111          52  0.965285419401845     
         112          53  0.963477833468925     
         113          53  0.970053314425557     
         114          54  0.953748947246676     
         115          55  0.976471534890357     
         116          55  0.976282160813344     
         117          55  0.969799363888604     
         118          56  0.955488262934878     
         119          56  0.968706701998292     
         120          57  0.968265678762332     
         121          57  0.969579865221337     
         122          58  0.961278260449572     
         123          58  0.966074064965365     
         124          59  0.950726783785765     
         125          60  0.972968128399257     
         126          60  0.977642915342040     
         127          60  0.982062667249002     
         128          61  0.962393407137753     
         129          61  0.966970491805282     
         130          62  0.973195553904142     
         131          62  0.968362049884431     
         132          63  0.966328594352258     
         133          63  0.965619427117532     
         134          64  0.954646088695476     
         135          65  0.975560628352471     
         136          65  0.978677301245900     
         137          65  0.978273413656678     
         138          66  0.976397568592691     
         139          66  0.978714545954579     
         140          66  0.981488118830257     
