  0.319146139863390     
  3.829359307476743E-003
 -3.110136233162297E-002
 -3.635862235862142E-002
 -3.444112279133194E-002
 -0.158099037353538     
  4.421916661076342E-002
 -1.676344079017067E-002
 -2.452096638652357E-002
  3.377451877627280E-002
 -0.105144464711081     
 -4.814724125820913E-002
 -5.663089345515804E-002
  0.231173029721996     
 -0.271207806120913     
 -0.135584188329102     
 -0.210713146975261     
  1.933076678374146E-002
 -7.476523431702020E-003
 -7.094419279769859E-002
  1.326428077236708E-002
 -6.868817099502600E-002
  0.130364248361992     
 -0.247720495493811     
 -7.503772702365819E-002
 -0.169254813820330     
  3.426712115850794E-002
 -1.125022914499851E-002
 -2.428884266151599E-002
  4.853411132072205E-002
 -0.109996781390477     
 -6.684010813736574E-002
 -8.901733727888228E-002
 -0.200702500004267     
  2.602146585673148E-002
  1.426770473723771E-002
 -3.214863200761098E-002
  2.051068097166064E-002
 -6.958597960473512E-002
  0.137883463876824     
 -0.219117442977372     
 -5.653947273524107E-002
  0.218137499840183     
 -0.253796411557247     
 -0.152516865437463     
  1.584211350120146E-002
  5.448161048155464E-002
 -7.728140964690056E-002
 -2.920888060588211E-002
 -9.883674641488760E-002
 -8.023150138462665E-002
 -4.687490037068631E-002
 -8.368139277791187E-002
 -3.193449704732032E-002
 -0.113358063081825     
 -5.518906211260077E-002
 -6.877737278839913E-002
 -9.107843268952109E-002
 -3.372128266652918E-002
 -9.973065815897009E-002
 -5.532978797851040E-002
 -6.744564001421516E-002
 -8.347891074140357E-002
 -8.895097881814529E-003
 -9.939559785608054E-002
 -9.505094038511075E-002
  6.386690363767800E-002
  5.611257971250283E-002
  5.676148503758827E-002
  5.428328182404407E-002
  4.493210981711082E-002
  4.107097267157522E-002
  3.462536342445766E-002
  3.251703968472508E-002
  3.770259888957028E-002
  3.550218277755046E-002
  3.058277395736941E-002
  3.122260844927405E-002
  4.762687036330437E-002
  4.320882561467509E-002
  5.158500899819574E-002
  5.764954282721246E-002
  5.399026110609695E-002
  4.585014257851994E-002
  5.290024638194502E-002
  5.202577952400833E-002
  4.015053677195490E-002
  2.947791004499367E-002
  3.756665445721352E-002
  3.959988602810161E-002
  3.084470643149195E-002
  3.660068323887589E-002
  3.297540667261223E-002
  4.103651499146632E-002
  4.237659468633448E-002
  5.115815934973367E-002
  5.739015892922161E-002
  5.585581836109443E-002
  5.322707482705991E-002
  5.100087388087415E-002
  6.020686264098851E-002
  5.530799116424634E-002
  6.581314501401503E-002
  3.970734626740646E-002
  4.924833386416860E-002
  3.495189614403005E-002
  3.996445501930201E-002
  3.193679760446966E-002
  3.173077865458163E-002
  4.311525193344068E-002
  4.584449752635134E-002
  3.481892597736713E-002
  3.181393578493241E-002
  3.889455568018119E-002
  3.490223899645228E-002
  2.523482618123019E-002
  2.922446340326201E-002
  3.843728905142030E-002
  4.454363246513948E-002
  5.170826391689953E-002
  3.111176455875675E-002
  3.441793010466632E-002
  3.490011126258363E-002
  4.115098198650602E-002
  3.964131994598097E-002
  3.925855981120208E-002
  2.247598404572937E-002
  3.942364628278738E-002
  4.677266764349353E-002
  1.789832723620866E-002
  3.929432009615363E-002
  2.154622823420849E-002
  3.346410480562045E-002
  2.586925708901533E-002
  3.655395832029473E-002
  3.727209113654550E-002
  1.976802446051995E-002
  4.044168894601619E-002
  2.298534078936343E-002
  3.315836202757039E-002
