  0.310859078004366     
 -1.689808259484948E-003
 -3.101495288310030E-002
 -3.683003626228487E-002
 -1.574596138528772E-002
 -0.170143288597143     
  3.171820778774403E-002
 -1.080254557056382E-002
 -5.657255302947917E-003
  1.484937459634672E-002
 -8.786967088128872E-002
 -4.258550777930381E-002
 -4.753963630213498E-002
  0.210713060307840     
 -0.293135023695602     
 -0.132475647644049     
 -0.201692964476710     
  1.712581832499227E-002
 -3.553299408486499E-002
 -6.456897249489568E-002
  5.774200083178638E-003
 -5.893821901789931E-002
  0.140827288288819     
 -0.257651387042656     
 -9.560318281539892E-002
 -0.170962753332064     
  3.222815300790582E-002
 -2.019627621182085E-002
 -1.199350850156211E-002
  5.997286649504163E-002
 -9.458526390586197E-002
 -5.392333452563225E-002
 -0.104361171629675     
 -0.217871262166751     
  4.038192696039244E-002
  1.170523687443792E-002
 -5.079421421169084E-002
  2.947393986457625E-002
 -7.312199402342401E-002
  0.125113018688548     
 -0.231833314178760     
 -1.030329155795950E-002
  0.229529261468205     
 -0.275792348630166     
 -0.158069797424178     
  8.024028775682979E-003
  6.076056062655777E-002
 -8.269892560809122E-002
 -2.831030456672856E-002
 -9.681201072840917E-002
 -4.336824760996549E-002
 -4.981450618482963E-002
 -8.684889847483301E-002
 -3.370259609898696E-002
 -0.104080487596048     
 -5.271791113458413E-002
 -6.751503582970386E-002
 -9.880070086274717E-002
 -2.940644345514709E-002
 -9.989897408182724E-002
 -7.297100267996370E-002
 -6.384223443879744E-002
 -7.297051704723856E-002
 -3.421217330894688E-002
 -9.451137803919085E-002
 -9.671816091425622E-002
  5.842561746157748E-002
  6.911612265289990E-002
  5.468853566431842E-002
  6.871107112593189E-002
  4.934229904791620E-002
  4.431021166173232E-002
  3.472430465721088E-002
  3.613555662390566E-002
  4.951806967394234E-002
  3.546940791084452E-002
  5.167550897498518E-002
  5.131479030167707E-002
  5.832557056257404E-002
  4.337895799284652E-002
  5.590190883502832E-002
  4.870375034197683E-002
  4.934813047476061E-002
  4.574578966761489E-002
  5.456620881863505E-002
  5.517980134508349E-002
  3.904005596430093E-002
  3.632460207412969E-002
  4.217906138733318E-002
  4.018136380576331E-002
  3.622760575693751E-002
  2.988302880648763E-002
  2.889758779054941E-002
  2.796447209760922E-002
  4.851503517711453E-002
  5.064820092142663E-002
  4.198531273485984E-002
  6.346555504495344E-002
  4.531449564370538E-002
  5.501447675576754E-002
  3.956471968597364E-002
  5.437187284502776E-002
  5.097240526532587E-002
  2.749359560086717E-002
  3.839357593111048E-002
  4.818636666309539E-002
  4.326296690732390E-002
  4.484429772790433E-002
  3.563624660610731E-002
  3.324939973531338E-002
  3.148661283665344E-002
  2.793526995276885E-002
  2.201740001982222E-002
  3.191307889223205E-002
  3.921542455897187E-002
  3.256084814622096E-002
  3.333661353893225E-002
  4.781808694346823E-002
  5.167301174361083E-002
  3.606719984322526E-002
  3.738930296339293E-002
  2.037179767639641E-002
  3.482670513505293E-002
  4.549773646656885E-002
  3.309838626965389E-002
  3.722560952087006E-002
  3.677857051027722E-002
  3.331989557656523E-002
  4.001957179825233E-002
  3.498632647830457E-002
  2.780456764791772E-002
  2.694445825845448E-002
  3.442882595993046E-002
  2.620973885910127E-002
  3.816743312553039E-002
  3.965198665048419E-002
  2.561781816871878E-002
  3.845081973705766E-002
  3.086966840873151E-002
  3.154939288913283E-002
