 excitation energies, transition moments and TDA amplitudes
 state    eV      nm       fL        Rv(corr)
    1    2.226   557.0     0.7075    -4.4564    -0.83( 144-> 145)  0.37( 143-> 147)  0.31( 143-> 145)
    2    2.376   521.8     0.2359     5.5860     0.80( 143-> 145)  0.37( 144-> 147)  0.28( 144-> 145)
    3    3.176   390.4     0.0098    16.5018     0.96( 142-> 145)  0.11( 143-> 146) -0.10( 142-> 147)
    4    3.560   348.2     0.0659    -3.8318     0.54( 144-> 146)  0.38( 140-> 145)  0.37( 144-> 147)
    5    3.693   335.7     0.1309     3.9573    -0.64( 144-> 146)  0.51( 144-> 147)  0.35( 143-> 146)
    6    3.743   331.3     0.0018    -2.8737     0.59( 137-> 145) -0.46( 136-> 145)  0.32( 137-> 146)
    7    3.781   327.9     0.0430     1.3517    -0.51( 144-> 148) -0.44( 144-> 149)  0.43( 140-> 145)
    8    3.941   314.6     0.0657     9.0336     0.53( 139-> 145) -0.47( 138-> 145)  0.39( 143-> 146)
    9    4.009   309.2     0.0625   -24.4615    -0.56( 143-> 146) -0.38( 138-> 145)  0.34( 143-> 147)
