           6           1  0.395331375425011     
           7           2   1.38461050191052     
           7           6   1.26820580377201     
           8           7  0.920362015804296     
           9           8  0.978553267730750     
          10           3   1.44133760398376     
          10           6   1.21724374320199     
          10           9  0.912415257715750     
          11           9  0.963385763892336     
          12           8  0.942226088487049     
          13          12  0.990752380351885     
          14          13  0.922811394074660     
          15          14   1.80195068923747     
          16          14   1.10669312265651     
          17           1  0.531772302167556     
          18           3   1.28100882529209     
          18          17   1.14828896328666     
          19          18   1.16552374700532     
          20          19   1.40570244363738     
          21           4   1.27492519033602     
          21          17   1.20117863240854     
          21          20   1.07908228642838     
          22          19  0.976154870240959     
          23          20   1.06573826280760     
          24          23   1.78240048338822     
          25          23  0.950198867495901     
          26           1  0.408625033273903     
          27           4   1.42419248569863     
          27          26   1.22036734407112     
          28          27  0.959115067073609     
          29          28  0.970241327120773     
          30           5   1.44208631372270     
          30          26   1.22932955612652     
          30          29  0.946528420015331     
          31          28  0.952190532992564     
          32          29  0.943024195997531     
          33          32   1.00437613007507     
          34           1  0.475534014934084     
          35           5   1.29342460189765     
          35          34   1.08468899806097     
          36          35   1.22946480034916     
          37          36   1.35696170314804     
          38           2   1.20625288044359     
          38          34   1.30015963651823     
          38          37   1.09286146382452     
          39          36  0.988052966922576     
          40          37   1.10807555830382     
          41          40   1.78838316742103     
          42           2  0.929169708465253     
          42          40  0.849716840694046     
          43          42  0.983063355521374     
          44          43   1.78893204512948     
          45          43   1.05095438313392     
          46          45  0.983213312155879     
          47          16  0.952963031366177     
          48          47   1.00079999746109     
          49          48   1.89279460320428     
          50          49  0.963390264157021     
          51          49  0.977061848284046     
          52          51  0.991975830134178     
          53          52  0.995056676950341     
          54          53  0.947328672157802     
          55          54  0.990326487220975     
          56          54  0.971372122558976     
          57          56  0.978480827237851     
          58          57  0.980169825385689     
          59          58  0.962883488059773     
          60          59  0.989612120589013     
          61          59  0.959527753353381     
          62          61  0.986260754046252     
          63          62  0.992242709319294     
          64          63  0.949297384125539     
          65          64  0.992484977020580     
          66          64  0.994756294213015     
          67           3  0.932778516492260     
          68           4  0.929380372348647     
          69           5  0.928485511787242     
          70           8  0.928310335383593     
          71           9  0.944194105535730     
          72          11  0.974144411534849     
          73          11  0.980715156824370     
          74          11  0.978057411445310     
          75          12  0.961954288708282     
          76          12  0.964434740601358     
          77          13  0.947046698783508     
          78          13  0.947186663934205     
          79          22  0.968541690422257     
          80          22  0.976233703268993     
          81          22  0.966692460161374     
          82          25  0.965628907987480     
          83          25  0.958437603744981     
          84          25  0.974248638599960     
          85          28  0.932349022121469     
          86          29  0.929079869450972     
          87          31  0.982013931109089     
          88          31  0.978708804438062     
          89          31  0.975968101022890     
          90          32  0.967356960558311     
          91          32  0.966735211615489     
          92          33  0.982017252704069     
          93          33  0.977184629839330     
          94          33  0.985255990160436     
          95          39  0.971124580195647     
          96          39  0.965066666751610     
          97          39  0.975501229545055     
          98          42  0.917854659441239     
          99          46  0.983768484154487     
         100          46  0.977159749997649     
         101          46  0.990681380509477     
         102          47  0.958235319524057     
         103          47  0.958459855814836     
         104          48  0.939761010036566     
         105          50  0.975644132353277     
         106          50  0.975746185674442     
         107          50  0.975656459372305     
         108          51  0.947665434101466     
         109          51  0.949959271773815     
         110          52  0.963378907658504     
         111          52  0.965817050367484     
         112          53  0.964406363195471     
         113          53  0.968249502927131     
         114          54  0.955409802128774     
         115          55  0.980280594718528     
         116          55  0.976825871485317     
         117          55  0.972763181605091     
         118          56  0.960140910118133     
         119          56  0.961877124006908     
         120          57  0.966261380989701     
         121          57  0.963566620158065     
         122          58  0.965007029625574     
         123          58  0.957030050335154     
         124          59  0.949247049606606     
         125          60  0.976637238573896     
         126          60  0.978515027093464     
         127          60  0.973549865086295     
         128          61  0.964551611989643     
         129          61  0.962361583595891     
         130          62  0.963333071218604     
         131          62  0.966315404397408     
         132          63  0.966934846609127     
         133          63  0.961660281497952     
         134          64  0.958613294492680     
         135          65  0.974082402957280     
         136          65  0.978279701382471     
         137          65  0.981380573591167     
         138          66  0.980676551975022     
         139          66  0.974035177195554     
         140          66  0.975912542854526     
