  0.318045071707718     
  1.688759800779405E-002
 -1.910053057473160E-002
 -2.182628431096667E-002
 -6.353837759048364E-002
 -0.131034330277776     
  1.582442326711719E-002
 -1.615590245310283E-002
 -2.032876477800372E-002
  2.857067379092326E-002
 -8.794220597970792E-002
 -4.707720326374165E-002
 -5.673297271439193E-002
  0.214006919081691     
 -0.295636354847590     
 -0.137335503885808     
 -0.214908168779199     
  6.755365103035071E-002
 -1.379340757398673E-002
 -4.616083500393398E-002
  4.135000229123120E-002
 -9.552999259375650E-002
  0.118243940590914     
 -0.268040903645058     
 -8.506895667895353E-002
 -0.188978071799473     
  5.984799610576630E-002
 -2.191485313058994E-002
 -2.372389077779147E-002
  4.486773280655232E-002
 -0.106398378857686     
 -5.528945244678241E-002
 -0.102530346981308     
 -0.214576509475209     
  1.105334360304022E-002
 -2.750408985807518E-002
 -5.665726682576366E-002
  2.309285681153828E-002
 -6.408860510919201E-002
  0.162155480158430     
 -0.227088520340793     
 -3.023577197278904E-002
  0.213752193260865     
 -0.249909850297836     
 -0.155493882700087     
  1.153694839088626E-002
  4.957553556324745E-002
 -6.982186595851392E-002
 -3.638449522568976E-003
 -9.787141517137954E-002
 -5.075432598563445E-002
 -8.101968062432530E-002
 -7.275499976464683E-002
 -1.800379177416822E-002
 -0.105107034256097     
 -7.705701460375103E-002
 -5.330475878452656E-002
 -8.727950988196564E-002
 -4.127128417150860E-002
 -0.100119825008615     
 -5.542302464810867E-002
 -5.448079580113774E-002
 -7.069284017161159E-002
 -1.888034555972506E-002
 -0.114895929451467     
 -9.619662733104661E-002
  5.686121474452288E-002
  6.824020157131083E-002
  5.370644098841082E-002
  5.335156084075776E-002
  4.240510758334537E-002
  4.355326917293767E-002
  3.343088486047707E-002
  3.480614473155996E-002
  4.052352214718447E-002
  4.971282340197580E-002
  4.466080683042661E-002
  3.194381036377258E-002
  4.972870541102326E-002
  4.033186242452225E-002
  4.456863677825085E-002
  5.384204201310527E-002
  5.769968481239196E-002
  4.826630554737010E-002
  6.045572624367379E-002
  6.024106595997014E-002
  4.205403095765137E-002
  3.721904357414230E-002
  2.800466905119270E-002
  4.681113251513302E-002
  3.422227657742072E-002
  4.034050928510380E-002
  2.516207716593044E-002
  2.773974992396422E-002
  4.617165373659904E-002
  5.394395634080273E-002
  4.988159850269480E-002
  6.512414308437531E-002
  4.859038981315356E-002
  5.805242981233061E-002
  5.369116049999667E-002
  5.006403174936469E-002
  6.137084226757683E-002
  4.252252107857901E-002
  4.307995292061473E-002
  4.786357302944289E-002
  3.643064772971782E-002
  3.869072730990164E-002
  4.164085395544925E-002
  2.739049554226425E-002
  2.693751197023830E-002
  3.402665616969425E-002
  4.826408738682786E-002
  3.905203495500564E-002
  3.365899655161297E-002
  3.283895959145977E-002
  3.583569032325351E-002
  3.829786242205235E-002
  1.722114574174050E-002
  4.220724300598200E-002
  3.509651480879328E-002
  4.344007044748643E-002
  1.855675171201476E-002
  2.901862806057331E-002
  3.552060468616625E-002
  2.374966822472802E-002
  3.829845739689042E-002
  3.425062975652893E-002
  3.994481928888483E-002
  3.313137350809625E-002
  3.903383943185623E-002
  3.467288669340085E-002
  3.350370199820774E-002
  3.219944008864062E-002
  3.157628803655110E-002
  3.040008267968175E-002
  2.682487369830933E-002
  2.776408085976734E-002
  4.112506882651401E-002
  2.596908635603690E-002
