 excitation energies, transition moments and TDA amplitudes
 state    eV      nm       fL        Rv(corr)
    1    2.226   557.0     0.6256     0.0512    -0.86( 142-> 143)  0.37( 141-> 145)  0.17( 141-> 144)
    2    2.339   530.0     0.1575    -0.3077    -0.84( 141-> 143) -0.39( 142-> 145) -0.18( 142-> 144)
    3    3.292   376.6     0.0032    -0.9165     0.88( 140-> 143)  0.22( 142-> 145)  0.16( 139-> 143)
    4    3.555   348.8     0.0400     2.2187     0.73( 142-> 146)  0.40( 142-> 144) -0.38( 142-> 147)
    5    3.651   339.6     0.0553     0.8323    -0.71( 142-> 144)  0.57( 142-> 145)  0.22( 142-> 146)
    6    3.738   331.7     0.0249    -0.7537     0.68( 139-> 143) -0.31( 142-> 146)  0.30( 142-> 145)
    7    3.877   319.8     0.0375    32.0971    -0.83( 141-> 144) -0.35( 141-> 146)  0.17( 141-> 145)
    8    3.929   315.5     0.1424   -34.4294     0.62( 141-> 146) -0.41( 141-> 147)  0.37( 141-> 145)
    9    4.039   306.9     0.1665   -17.5751    -0.46( 141-> 146) -0.45( 137-> 143) -0.30( 139-> 143)
