           6           1  0.348270817185501     
           7           2   1.36692731389236     
           7           6   1.24943293543514     
           8           7  0.937927012215562     
           9           8  0.970259692778302     
          10           3   1.38348678290576     
          10           6   1.28266001645267     
          10           9  0.920694386985726     
          11           9  0.947951955126200     
          12           8  0.918986041725585     
          13          12  0.969591782775361     
          14          13  0.951496008680323     
          15          14   1.77699678529601     
          16          14   1.12230621323780     
          17           1  0.487453029452043     
          18           3   1.27239487307985     
          18          17   1.20808772563916     
          19          18   1.19348868014631     
          20          19   1.41008840178017     
          21           4   1.26445594582097     
          21          17   1.15312269514359     
          21          20   1.13904487124333     
          22          19  0.971262931579144     
          23          20   1.04639631401619     
          24          23   1.78376531484652     
          25          23  0.954615487782419     
          26           1  0.413616984367275     
          27           4   1.45839160742048     
          27          26   1.22719063555923     
          28          27  0.922490540651260     
          29          28  0.965070843048063     
          30           5   1.41154676373584     
          30          26   1.25326660449723     
          30          29  0.937451072205069     
          31          28  0.947408795972376     
          32          29  0.937474520232292     
          33          32  0.994974553260137     
          34           1  0.548846074692313     
          35           5   1.24755133904252     
          35          34   1.17594429498374     
          36          35   1.14412650244126     
          37          36   1.43850714097531     
          38           2   1.27237591151001     
          38          34   1.20345173720770     
          38          37   1.11028893243042     
          39          36  0.978897013602297     
          40          37   1.04694069116663     
          41          40   1.83215172590547     
          42           2  0.961181095919248     
          42          40  0.873318547209850     
          43          42  0.882441710519905     
          44          43   1.84244406434460     
          45          43   1.08230786480228     
          46          45  0.964003854346322     
          47          16  0.940952574726883     
          48          47  0.990551841248550     
          49          48   1.89178054464193     
          50          49  0.961604845424486     
          51          49  0.998199830903733     
          52          51  0.964173609078111     
          53          52  0.976132477355191     
          54          53  0.959186077236613     
          55          54  0.982582512037455     
          56          54  0.984047602002691     
          57          56  0.975973424056927     
          58          57  0.987780806581140     
          59          58  0.969991586963130     
          60          59  0.996572314913635     
          61          59  0.944768620982675     
          62          61   1.00688368276200     
          63          62  0.977059319645811     
          64          63  0.967133259597590     
          65          64  0.985211852706689     
          66          64   1.00360520468356     
          67           3  0.940406650982146     
          68           4  0.922175358459119     
          69           5  0.941081502541638     
          70           8  0.936553889584523     
          71           9  0.946837002260110     
          72          11  0.978251975792958     
          73          11  0.983175226122019     
          74          11  0.982337916258693     
          75          12  0.964163915824256     
          76          12  0.961785677892393     
          77          13  0.957771610751447     
          78          13  0.961484561917749     
          79          22  0.969578070441582     
          80          22  0.977469731573922     
          81          22  0.971209412576527     
          82          25  0.973713033411465     
          83          25  0.960712358358433     
          84          25  0.964639255196260     
          85          28  0.944823936914263     
          86          29  0.931401889724390     
          87          31  0.978242240569000     
          88          31  0.976883065676576     
          89          31  0.984917458722016     
          90          32  0.958716519312163     
          91          32  0.968346904466610     
          92          33  0.981307362662112     
          93          33  0.982537498654830     
          94          33  0.984982719177739     
          95          39  0.969013661492636     
          96          39  0.975075087655961     
          97          39  0.975129879209725     
          98          42  0.922594040215382     
          99          46  0.987070608946383     
         100          46  0.988192735290069     
         101          46  0.984863211715398     
         102          47  0.967943212917035     
         103          47  0.959894162572267     
         104          48  0.937236307893207     
         105          50  0.976663746257691     
         106          50  0.973493562988768     
         107          50  0.978322919858374     
         108          51  0.963114987387856     
         109          51  0.948508856989514     
         110          52  0.965881137888519     
         111          52  0.968824252614969     
         112          53  0.966538606511811     
         113          53  0.964207257821769     
         114          54  0.950515585663371     
         115          55  0.974093046181011     
         116          55  0.980180353439087     
         117          55  0.978276621282310     
         118          56  0.952807918739004     
         119          56  0.966511721282816     
         120          57  0.966297008200148     
         121          57  0.964278769145381     
         122          58  0.950284651243287     
         123          58  0.964059793337135     
         124          59  0.952886500515051     
         125          60  0.978311751993624     
         126          60  0.982261195332080     
         127          60  0.975616783929231     
         128          61  0.964415815759637     
         129          61  0.958267132675701     
         130          62  0.965010099821069     
         131          62  0.960551994284968     
         132          63  0.960331912337577     
         133          63  0.967031063758348     
         134          64  0.954481128304512     
         135          65  0.977840728471525     
         136          65  0.982689164257783     
         137          65  0.979102728709297     
         138          66  0.976047842904727     
         139          66  0.971640020608825     
         140          66  0.980489086246941     
