  0.314918932264393     
  8.029904326071424E-003
 -5.213572969243341E-002
 -1.161475567223924E-002
 -5.416107472749232E-003
 -0.188606372738698     
  3.374946855512340E-002
 -1.555830592381469E-002
 -2.562361631676779E-003
  2.330398330827377E-002
 -9.137331696673101E-002
 -4.401138923951642E-002
 -5.174999045597772E-002
  0.214481957280820     
 -0.279108415387611     
 -0.138217432270938     
 -0.226653565440723     
  2.261762599793293E-002
 -3.568721057120250E-002
 -4.264746459266888E-002
  3.839840218523571E-002
 -8.125145784700205E-002
  0.121037069676572     
 -0.249197157705426     
 -9.983162894622222E-002
 -0.129202895871648     
  3.042917167256709E-002
 -2.804463421954484E-002
 -9.147968267376960E-003
  4.596531299401319E-002
 -0.100095950982790     
 -4.524463450642724E-002
 -8.326637372893675E-002
 -0.229578218282993     
  4.894454976589069E-002
  2.121515226010473E-002
 -5.678743188363367E-002
  2.968706604626670E-002
 -7.221544308440109E-002
  0.138756954561508     
 -0.212230711127301     
 -5.503327989230122E-002
  0.211169106279780     
 -0.282846897161821     
 -0.122621161857577     
  2.743173543427035E-002
  5.491668831212326E-002
 -7.820401358703233E-002
 -2.810725965390315E-002
 -9.483174455299537E-002
 -6.613338294579485E-002
 -6.192355774308744E-002
 -7.310831140985741E-002
 -2.348236910034451E-002
 -8.775590312878023E-002
 -8.915201485450730E-002
 -6.781351506089983E-002
 -5.894890344128978E-002
 -2.030282347951573E-002
 -0.106906601162584     
 -8.974975658494255E-002
 -8.062177395460690E-002
 -3.624633844860981E-002
 -1.356804257791921E-002
 -0.124245058761889     
 -0.109600143966260     
  4.528318172969448E-002
  5.396220355368242E-002
  4.844715771372621E-002
  4.971433660046609E-002
  4.904942302669990E-002
  4.537831812857351E-002
  3.196469858887252E-002
  4.059833888895836E-002
  3.449731729194949E-002
  4.732595480044077E-002
  4.149783460595469E-002
  5.778961486304846E-002
  4.318676634931884E-002
  4.799826677548213E-002
  5.002645779939874E-002
  4.359448846219882E-002
  4.314177459450619E-002
  4.606946246673849E-002
  4.735647975847401E-002
  6.631686294354922E-002
  3.777563204349266E-002
  3.230097328373949E-002
  3.441698046537844E-002
  2.261171888478852E-002
  4.251607213672626E-002
  4.583235706958433E-002
  3.960688043860516E-002
  3.520936431354837E-002
  4.386899960791169E-002
  4.530246856323483E-002
  4.786826026392577E-002
  5.645911862872977E-002
  4.658858321133408E-002
  6.350975296452765E-002
  4.405519856020879E-002
  6.402084672344566E-002
  5.787206921740240E-002
  3.358952822556815E-002
  4.239449558570829E-002
  3.600158505521778E-002
  4.332418204011790E-002
  4.520177587655549E-002
  3.780403866652926E-002
  2.488623552446589E-002
  2.990483702383528E-002
  2.655250559197053E-002
  3.755261969444457E-002
  3.251199722236586E-002
  4.246877131204596E-002
  2.758760478116062E-002
  4.326515714768719E-002
  3.104462242586736E-002
  3.578742610716057E-002
  2.286600639534930E-002
  3.330565939622310E-002
  4.284813922517350E-002
  3.319532265416059E-002
  3.482459011243177E-002
  2.706453088788563E-002
  3.513985116922114E-002
  2.688825322309540E-002
  3.018962389245405E-002
  2.484008895806311E-002
  2.754739614254298E-002
  4.029889249088159E-002
  4.586467424945062E-002
  5.283865880662464E-002
  4.681085264406470E-002
  3.159523658857932E-002
  2.192383476966164E-002
  3.722818868964173E-002
  3.067473040557434E-002
  3.161048869903460E-002
  2.714007991715262E-002
