 excitation energies, transition moments and TDA amplitudes
 state    eV      nm       fL        Rv(corr)
    1    2.287   542.1     0.4801     9.7607     0.77( 144-> 145)  0.45( 143-> 145)  0.27( 143-> 147)
    2    2.375   521.9     0.4811    21.3003     0.75( 143-> 145) -0.45( 144-> 145) -0.29( 144-> 147)
    3    3.172   390.9     0.0104     6.4872    -0.91( 142-> 145) -0.27( 140-> 145) -0.10( 143-> 147)
    4    3.402   364.5     0.0361    12.0123    -0.68( 144-> 148)  0.59( 144-> 147) -0.26( 143-> 148)
    5    3.543   350.0     0.0603   -33.2879    -0.63( 140-> 145)  0.39( 139-> 145)  0.35( 143-> 148)
    6    3.593   345.1     0.0685     0.4547    -0.67( 143-> 148)  0.42( 143-> 147) -0.36( 140-> 145)
    7    3.717   333.5     0.0182     8.1791    -0.67( 138-> 145)  0.46( 139-> 145)  0.36( 140-> 145)
    8    3.888   318.9     0.1624     6.5238     0.65( 143-> 146)  0.58( 144-> 146) -0.22( 143-> 147)
    9    4.054   305.8     0.0243     7.1197     0.60( 144-> 146) -0.47( 143-> 146) -0.27( 144-> 147)
