  0.330800563339110     
 -1.847971939925586E-004
 -3.950115224848005E-002
 -3.966961678366587E-002
 -2.972835621161263E-002
 -0.160346631836048     
  3.976658676818445E-002
 -4.500421095649187E-002
 -3.553076802949651E-002
  6.313592937484458E-002
 -7.901140132241213E-002
 -6.451084537983842E-002
 -4.810286980033762E-002
  0.244167396527794     
 -0.278493667612664     
 -0.166099614474673     
 -0.240365890581034     
  3.744372641574412E-002
 -1.727048593682046E-002
 -6.988802608761269E-002
  5.731672980301505E-002
 -8.706614283560210E-002
  0.159339277396587     
 -0.215792061762492     
 -9.948985964227486E-002
 -0.160383566618286     
  6.260442845888159E-002
 -3.547486637544672E-002
 -4.532326188049307E-002
  4.561067155088638E-002
 -8.660288456176701E-002
 -5.685216549299632E-002
 -9.826078985181042E-002
 -0.208611435542850     
  1.810354757834132E-002
  3.647889571004370E-003
 -3.758714639049288E-002
  1.786883503722603E-002
 -6.422984061123049E-002
  0.128248278680957     
 -0.256052208374946     
 -4.291710357735656E-002
  0.211205295819298     
 -0.257751192620011     
 -0.124128965753258     
  1.599721576930646E-002
  4.429148298890251E-002
 -7.356280929289927E-002
 -1.223290780926334E-002
 -8.218218945265665E-002
 -5.929311576097973E-002
 -6.324108569867359E-002
 -8.151189212371790E-002
 -3.089778339475657E-002
 -0.109566678311052     
 -7.725793627456223E-002
 -4.651170699586249E-002
 -7.772488449645554E-002
 -3.720087942871064E-002
 -0.102825766156715     
 -6.979120169406361E-002
 -5.742223428774729E-002
 -8.490225002367247E-002
 -3.514448054999786E-002
 -0.118906308131780     
 -9.639151626160380E-002
  6.090935608381609E-002
  4.951988551568787E-002
  5.929441787018064E-002
  5.190437758735422E-002
  4.352527966591535E-002
  4.609428030445950E-002
  4.038214790496542E-002
  4.424514655164069E-002
  2.748730781296260E-002
  4.010310437124187E-002
  5.050351419841037E-002
  4.211550410027753E-002
  3.829830122430844E-002
  4.912187710008398E-002
  4.217318407699899E-002
  5.358046542086070E-002
  4.654840343296007E-002
  4.124556346351094E-002
  4.102269010341308E-002
  5.339691128561330E-002
  3.156286046235424E-002
  4.725595058957699E-002
  4.665314784115260E-002
  4.319756072973757E-002
  3.444076464477375E-002
  3.773478225684967E-002
  2.777617772968222E-002
  3.166591320416612E-002
  5.259210659125613E-002
  4.663730928020282E-002
  5.124850450217255E-002
  5.881639694489083E-002
  4.501136934030392E-002
  6.034669703441720E-002
  4.547554134894449E-002
  5.601972117335297E-002
  5.187178581705942E-002
  3.842269397842279E-002
  4.514349766948389E-002
  4.196008962344711E-002
  4.233328486778065E-002
  3.936749695897312E-002
  4.419365237248163E-002
  3.810383448772381E-002
  3.328068851185695E-002
  2.286830013278363E-002
  3.674786861005375E-002
  3.931930239845016E-002
  4.039832170657953E-002
  2.761199814767856E-002
  3.435034020636796E-002
  3.911752699902438E-002
  3.515522891718681E-002
  3.501011274703925E-002
  4.276596924512610E-002
  3.350409936672050E-002
  2.986666850113906E-002
  3.405753058633720E-002
  3.765200355882115E-002
  3.185054504968932E-002
  3.344029865408427E-002
  4.298669390288767E-002
  3.277555309713776E-002
  3.615203297097669E-002
  4.153707103112392E-002
  2.392206285797149E-002
  3.579180070116728E-002
  3.703868580939240E-002
  3.094119269648132E-002
  3.361490513099774E-002
  2.396832613345978E-002
  3.179565685048447E-002
  4.530974272707156E-002
  4.511821263963200E-002
