 excitation energies, transition moments and TDA amplitudes
 state    eV      nm       fL        Rv(corr)
    1    2.177   569.6     0.5659     0.0572     0.86( 143-> 144)  0.42( 142-> 146) -0.13( 142-> 144)
    2    2.363   524.6     0.1248    -1.1316     0.82( 142-> 144) -0.49( 143-> 146)  0.13( 140-> 144)
    3    3.172   390.9     0.0005     5.3183     0.93( 141-> 144)  0.18( 142-> 145) -0.16( 143-> 145)
    4    3.434   361.0     0.0188     9.7069    -0.66( 143-> 145) -0.43( 143-> 146)  0.37( 143-> 147)
    5    3.629   341.7     0.0391     6.5246    -0.65( 140-> 144)  0.51( 143-> 145) -0.30( 138-> 144)
    6    3.677   337.2     0.1021   -22.7931    -0.76( 143-> 147) -0.35( 142-> 146)  0.33( 143-> 148)
    7    3.826   324.0     0.1214   -58.4994    -0.49( 138-> 144)  0.41( 136-> 144) -0.31( 142-> 145)
    8    3.927   315.7     0.2603    30.5572     0.50( 142-> 145)  0.45( 137-> 144)  0.36( 140-> 144)
    9    3.977   311.7     0.2580    19.1324     0.52( 142-> 145) -0.41( 142-> 147)  0.31( 143-> 146)
