           6           1  0.356332381974098     
           7           2   1.45701710710329     
           7           6   1.19542145941703     
           8           7  0.925116982911906     
           9           8  0.938227089591647     
          10           3   1.29527305232892     
          10           6   1.36643093890076     
          10           9  0.924340109767551     
          11           9  0.978393653403849     
          12           8  0.939200067536746     
          13          12  0.980788877872099     
          14          13  0.949062120164759     
          15          14   1.83020896250621     
          16          14   1.08242951817349     
          17           1  0.487924164509223     
          18           3   1.33868415282124     
          18          17   1.12806259146419     
          19          18   1.17306360626260     
          20          19   1.41704300125667     
          21           4   1.30763313299897     
          21          17   1.20768271376670     
          21          20   1.14974424357218     
          22          19  0.985553439446656     
          23          20  0.939063724412157     
          24          23   1.90242955140756     
          25          23  0.937609779078592     
          26           1  0.370156786648176     
          27           4   1.35871353904698     
          27          26   1.29309714476419     
          28          27  0.943752402967692     
          29          28  0.950978606553319     
          30           5   1.38227324911172     
          30          26   1.25516257559701     
          30          29  0.936516459223834     
          31          28  0.965515068232414     
          32          29  0.930162435644663     
          33          32   1.00598925683296     
          34           1  0.556289795729158     
          35           5   1.30762081873902     
          35          34   1.09889172051439     
          36          35   1.19835670835578     
          37          36   1.31669057485821     
          38           2   1.18691991820410     
          38          34   1.20644378491129     
          38          37   1.17782574306603     
          39          36   1.00169704638504     
          40          37   1.12878188148401     
          41          40   1.74369573128420     
          42           2  0.945220642091030     
          42          40  0.873456503223049     
          43          42  0.879663726358331     
          44          43   1.81587776558444     
          45          43   1.10206885307650     
          46          45  0.967600068984973     
          47          16  0.938696454049423     
          48          47   1.00088748014444     
          49          48   1.87446117842632     
          50          49  0.991188689798375     
          51          49  0.981372271228190     
          52          51  0.970282413858509     
          53          52  0.979331057616936     
          54          53  0.966517216856305     
          55          54  0.970087451983748     
          56          54  0.977085076087810     
          57          56  0.972228012816861     
          58          57  0.989454518839166     
          59          58  0.961812152900110     
          60          59  0.990381420843051     
          61          59  0.946104566801120     
          62          61  0.992700774661437     
          63          62  0.991728212716886     
          64          63  0.967146689907858     
          65          64  0.969904745040975     
          66          64  0.992364025087112     
          67           3  0.939711722340503     
          68           4  0.933440069536161     
          69           5  0.937882351026255     
          70           8  0.938696968686343     
          71           9  0.945552102531743     
          72          11  0.968396983939937     
          73          11  0.980556892738102     
          74          11  0.976685926948588     
          75          12  0.960444954743280     
          76          12  0.960065290403790     
          77          13  0.951116938286622     
          78          13  0.955487809330888     
          79          22  0.973607361866388     
          80          22  0.971095206095489     
          81          22  0.967208298354915     
          82          25  0.961430011543843     
          83          25  0.966273884898846     
          84          25  0.973162754527261     
          85          28  0.944194104663518     
          86          29  0.938201179453172     
          87          31  0.980629121511133     
          88          31  0.971105395427167     
          89          31  0.979411505840995     
          90          32  0.963163793279545     
          91          32  0.968107659711641     
          92          33  0.977683191291252     
          93          33  0.984218599552773     
          94          33  0.986529090396385     
          95          39  0.960042081041655     
          96          39  0.969700502248050     
          97          39  0.974795748697600     
          98          42  0.928959496634162     
          99          46  0.988093938876322     
         100          46  0.976206815474189     
         101          46  0.987895662809717     
         102          47  0.967576900695950     
         103          47  0.959241825270921     
         104          48  0.937125585432366     
         105          50  0.967186185976127     
         106          50  0.973318817871246     
         107          50  0.974828011549583     
         108          51  0.957499050046524     
         109          51  0.954170513992051     
         110          52  0.960719000619989     
         111          52  0.969554719722036     
         112          53  0.967909562856725     
         113          53  0.956596731996190     
         114          54  0.951354226671455     
         115          55  0.975029758467421     
         116          55  0.979426192717529     
         117          55  0.980172839510113     
         118          56  0.956997987408618     
         119          56  0.959976353269349     
         120          57  0.969258599816112     
         121          57  0.964460893561402     
         122          58  0.961544454266942     
         123          58  0.963734922712951     
         124          59  0.956107010250319     
         125          60  0.975854529303268     
         126          60  0.977232610148114     
         127          60  0.980202707260208     
         128          61  0.956556243434532     
         129          61  0.968254848801592     
         130          62  0.964707545391802     
         131          62  0.954213109575336     
         132          63  0.959190869646650     
         133          63  0.960527895885227     
         134          64  0.954831111332168     
         135          65  0.979794610355773     
         136          65  0.981851035894681     
         137          65  0.984521069436935     
         138          66  0.977766673168452     
         139          66  0.973824676317767     
         140          66  0.978429980493769     
