  0.334276258789209     
 -1.783467902805658E-002
 -2.623421911315926E-002
 -2.670094222395569E-002
 -3.998352578146491E-002
 -0.166096890788429     
  3.933897709625178E-002
 -1.611915003255682E-002
 -3.572523076437051E-002
  4.060842153336486E-002
 -8.357944778726001E-002
 -5.253211059447516E-002
 -6.721535144087465E-002
  0.218607039156776     
 -0.259271369826009     
 -0.147167434102763     
 -0.213597681145391     
  3.523632379729147E-002
 -1.756264654240169E-004
 -6.463267020803354E-002
  1.522048037099522E-002
 -7.977108709974701E-002
  0.152959722381349     
 -0.281857551941944     
 -8.591200069247495E-002
 -0.161686699207766     
  2.383215863634325E-002
 -2.594129728112904E-004
 -3.433538821956361E-002
  3.220121691182110E-002
 -9.271306945139468E-002
 -4.602117633454661E-002
 -9.062072967980850E-002
 -0.228707241521008     
  1.662598982743591E-002
 -3.037779943158547E-002
 -4.965801802046688E-002
  3.431111614029758E-002
 -5.515550247762402E-002
  0.130079705842817     
 -0.252948180061304     
 -3.400592573871020E-002
  0.257487879269845     
 -0.256334380540098     
 -0.160189203252136     
  8.658337887363921E-003
  4.698889968312780E-002
 -6.400396224840499E-002
  4.359872415450106E-003
 -0.100132584162011     
 -5.927603659383163E-002
 -7.838748391209371E-002
 -6.471299017921517E-002
 -2.285156950369505E-002
 -0.105814192387846     
 -6.821502185064166E-002
 -5.736897388753448E-002
 -8.123403101575466E-002
 -4.047330670798921E-002
 -9.677581823372794E-002
 -7.387968085275709E-002
 -6.246850195270959E-002
 -8.033452318646539E-002
 -2.870133916927298E-002
 -9.560388837303613E-002
 -0.112969245423953     
  6.660205207671999E-002
  5.702473235403405E-002
  5.292863879216758E-002
  5.338350237785150E-002
  5.341477798012095E-002
  3.180416730526658E-002
  4.923135511597831E-002
  3.104182864764937E-002
  3.641939893106971E-002
  4.453607211250132E-002
  4.110799382176578E-002
  4.372864294458889E-002
  5.456856003616473E-002
  4.501060590327433E-002
  4.332142671739247E-002
  4.499971839626005E-002
  4.898275661440177E-002
  4.671999259197246E-002
  5.738352495768761E-002
  5.489537094107810E-002
  3.841360719164422E-002
  4.268177470740542E-002
  3.768452562074820E-002
  4.061877334992903E-002
  4.274482847501382E-002
  3.528124708191549E-002
  3.321393201669876E-002
  3.053054390072452E-002
  5.320740214924002E-002
  5.412294594970646E-002
  5.375493255332953E-002
  6.330382336977758E-002
  4.454644987836620E-002
  5.439474483909679E-002
  5.312309686537042E-002
  5.440656581138703E-002
  6.507211239778177E-002
  3.608945416104326E-002
  3.776252388090162E-002
  3.736141036610108E-002
  4.392467183179738E-002
  4.910950065560560E-002
  3.447274452340721E-002
  1.787097306140872E-002
  3.362940977482543E-002
  3.491812572175634E-002
  3.181881804231623E-002
  3.173326940566634E-002
  3.460435098278047E-002
  2.864901277011800E-002
  3.709870398047599E-002
  4.019865411734536E-002
  3.266596782114628E-002
  3.672311683621043E-002
  4.045060600432215E-002
  4.013156741245560E-002
  2.726116994689776E-002
  3.829287926836877E-002
  3.560045231307296E-002
  3.633656920790174E-002
  3.493741741779743E-002
  4.557826550885258E-002
  2.934421228959172E-002
  3.800672009777351E-002
  3.853945139338288E-002
  3.196174166710630E-002
  3.025657205706955E-002
  2.875247162324579E-002
  3.863469906607409E-002
  3.582968641352902E-002
  3.310721968605046E-002
  3.698274645127020E-002
  4.213204573234575E-002
  2.485681958032659E-002
