 excitation energies, transition moments and TDA amplitudes
 state    eV      nm       fL        Rv(corr)
    1    2.208   561.6     0.7519    -5.8840    -0.85( 144-> 145) -0.29( 143-> 148)  0.24( 143-> 145)
    2    2.292   540.9     0.2339     2.1580     0.83( 143-> 145) -0.30( 144-> 146) -0.25( 144-> 148)
    3    3.143   394.5     0.0092     7.2597    -0.88( 142-> 145) -0.35( 141-> 145) -0.12( 143-> 146)
    4    3.303   375.4     0.0022    -1.2393    -0.86( 144-> 147)  0.46( 144-> 148)  0.10( 143-> 146)
    5    3.479   356.4     0.0274     1.2450    -0.82( 141-> 145)  0.35( 142-> 145) -0.22( 144-> 146)
    6    3.588   345.6     0.0146    36.9040    -0.82( 143-> 147)  0.46( 143-> 148) -0.18( 143-> 146)
    7    3.710   334.2     0.0144   -18.8215     0.72( 140-> 145) -0.50( 138-> 145) -0.24( 137-> 145)
    8    3.780   328.0     0.1128   -16.9867     0.58( 143-> 146) -0.40( 143-> 147)  0.25( 144-> 148)
    9    3.884   319.2     0.1899   -15.6123    -0.77( 144-> 146)  0.33( 144-> 148)  0.26( 144-> 147)
