           6           1  0.414713816956926     
           7           2   1.40290949787017     
           7           6   1.27139342423830     
           8           7  0.914574121012270     
           9           8  0.945495909059107     
          10           3   1.51602152936314     
          10           6   1.18609192928404     
          10           9  0.916922663095918     
          11           9  0.973422731098135     
          12           8  0.947316052960889     
          13          12  0.970627800785968     
          14          13  0.896936016478536     
          15          14   1.84331966136198     
          16          14   1.10981465142926     
          17           1  0.510475040400188     
          18           3   1.18934952194274     
          18          17   1.16596130204754     
          19          18   1.24590488540877     
          20          19   1.37849147074139     
          21           4   1.25286789779131     
          21          17   1.21730357540733     
          21          20   1.10914801636870     
          22          19  0.989115005840659     
          23          20   1.02960292773604     
          24          23   1.77532673442314     
          25          23  0.998949520364228     
          26           1  0.402523571078595     
          27           4   1.43419583611494     
          27          26   1.19458926560826     
          28          27  0.957582465986061     
          29          28  0.945065488163384     
          30           5   1.38548776846983     
          30          26   1.26484776916210     
          30          29  0.944080865412172     
          31          28  0.968931997700624     
          32          29  0.938098174567318     
          33          32   1.01402834125670     
          34           1  0.453259901506435     
          35           5   1.31155761162615     
          35          34   1.14038649137318     
          36          35   1.15592860429749     
          37          36   1.35630947887907     
          38           2   1.18673231683019     
          38          34   1.25411851364687     
          38          37   1.17777680353170     
          39          36  0.993156579024854     
          40          37   1.08006153890216     
          41          40   1.77816907064894     
          42           2  0.919957737041174     
          42          40  0.891015989215494     
          43          42  0.920619691808978     
          44          43   1.84669452302540     
          45          43   1.06792941690876     
          46          45  0.969617123619519     
          47          16  0.924022497921985     
          48          47  0.989571043697131     
          49          48   1.87955824438434     
          50          49  0.986578814168057     
          51          49  0.981814262759084     
          52          51  0.937665645209867     
          53          52  0.996001785953450     
          54          53  0.950055667610619     
          55          54  0.982975946847695     
          56          54  0.988217926054848     
          57          56  0.982745512276934     
          58          57  0.982860941113240     
          59          58  0.956375850095895     
          60          59  0.992458603618999     
          61          59  0.974932055951349     
          62          61  0.959039667039453     
          63          62  0.988917114897252     
          64          63  0.970731745841280     
          65          64  0.998672103960993     
          66          64  0.969650422619224     
          67           3  0.933119350452491     
          68           4  0.931851426205309     
          69           5  0.934458140212890     
          70           8  0.942601088981189     
          71           9  0.941074258623058     
          72          11  0.981467366093799     
          73          11  0.971446673766565     
          74          11  0.980392908988555     
          75          12  0.965630688508702     
          76          12  0.957789078151620     
          77          13  0.967958124279570     
          78          13  0.961324264247699     
          79          22  0.972978042786817     
          80          22  0.957724149079009     
          81          22  0.971919735959149     
          82          25  0.954633159744367     
          83          25  0.950579891529881     
          84          25  0.967537892308242     
          85          28  0.935303592406027     
          86          29  0.924912498108647     
          87          31  0.972301684335378     
          88          31  0.974529710871359     
          89          31  0.978118233846548     
          90          32  0.965668239708541     
          91          32  0.965214879682656     
          92          33  0.980456489749920     
          93          33  0.982892139393050     
          94          33  0.975552553626800     
          95          39  0.962846165923697     
          96          39  0.973979910320676     
          97          39  0.973205945473378     
          98          42  0.922993899863913     
          99          46  0.989919126041224     
         100          46  0.982504558128133     
         101          46  0.982790395894128     
         102          47  0.973948291679562     
         103          47  0.962425061914393     
         104          48  0.940870528484945     
         105          50  0.964172076443282     
         106          50  0.975073353986890     
         107          50  0.970362496813363     
         108          51  0.960497482183754     
         109          51  0.965042003275263     
         110          52  0.972033884977118     
         111          52  0.969466129074776     
         112          53  0.965165238670560     
         113          53  0.968607091539937     
         114          54  0.951630553172524     
         115          55  0.977976851434931     
         116          55  0.981149215923499     
         117          55  0.978581191809857     
         118          56  0.949499012557830     
         119          56  0.960772775455423     
         120          57  0.967776528337911     
         121          57  0.959690385095668     
         122          58  0.958024857869611     
         123          58  0.968160147424629     
         124          59  0.950958603587055     
         125          60  0.977323039723835     
         126          60  0.980683938999928     
         127          60  0.980173736422301     
         128          61  0.962498269584716     
         129          61  0.971945192831247     
         130          62  0.970706239733546     
         131          62  0.967778755165296     
         132          63  0.962244257128235     
         133          63  0.961518756631940     
         134          64  0.961044309681404     
         135          65  0.975667448711122     
         136          65  0.976110977927335     
         137          65  0.980290394329955     
         138          66  0.978883836650731     
         139          66  0.981369250204365     
         140          66  0.980186411230549     
