  0.299276035008104     
  1.442970680210554E-002
 -1.931638482305242E-002
 -4.325036003572702E-002
 -5.056495723043053E-002
 -0.107634595639440     
  3.320877472752226E-003
 -8.198919070254718E-003
 -2.752230107433462E-002
 -1.944583761515517E-003
 -8.118697224906501E-002
 -3.662405343310127E-002
 -5.295613094044782E-002
  0.208444150891082     
 -0.228100193275111     
 -0.209285593362075     
 -0.221815285111585     
  7.398710123601493E-003
 -4.665434621897724E-003
 -6.269665699234839E-002
  1.325743310741156E-002
 -5.630096761591652E-002
  0.145770607904815     
 -0.245954225114784     
 -9.100676764550553E-002
 -0.189277481192521     
  2.070019505305787E-002
 -2.005283659911061E-002
 -1.642001740284638E-002
  3.363458277095255E-002
 -8.346121521512462E-002
 -6.171164826307063E-002
 -8.721461842715073E-002
 -0.214535988344602     
  2.405406159385759E-002
 -8.715059944006676E-003
 -5.468715762750520E-002
  5.077522887575991E-002
 -6.247387522627523E-002
  0.111754065840849     
 -0.262744097486719     
 -2.036029916663473E-002
  0.228715333407397     
 -0.265841648051389     
 -0.158879490994969     
  2.173100825856933E-002
  2.014874291992541E-002
 -6.508951877761238E-002
 -1.624296427853000E-002
 -9.295611107386659E-002
 -5.811474538287076E-002
 -6.635383037017828E-002
 -5.747435530803191E-002
 -1.217022113837185E-002
 -0.120229231254602     
 -5.428870332803015E-002
 -9.153745325095297E-002
 -7.060739084883760E-002
 -1.406482093351258E-002
 -0.100302057124081     
 -8.165282523851136E-002
 -5.460518440958406E-002
 -6.446604249469789E-002
 -3.160675570317295E-002
 -0.105507103198949     
 -0.107415005576248     
  4.875701894961215E-002
  6.157923643082297E-002
  4.988638505781595E-002
  5.713799370689054E-002
  4.832452637022466E-002
  3.929392725674397E-002
  4.714487929458910E-002
  4.645803463203801E-002
  4.127635520274664E-002
  3.497054375844921E-002
  4.801126013828261E-002
  5.070695851471785E-002
  5.720862674917304E-002
  5.135027992518626E-002
  5.405445651975227E-002
  5.528163785595575E-002
  4.520445465720380E-002
  5.079611283475216E-002
  5.311350188262176E-002
  5.401515008326896E-002
  4.254722868080629E-002
  3.373812187760727E-002
  4.493099929143185E-002
  4.440562228934652E-002
  3.284970652550312E-002
  4.514361822643487E-002
  3.361121901751019E-002
  3.999415288148789E-002
  4.893309222137665E-002
  5.947909076122704E-002
  5.043190319934443E-002
  6.554728033160828E-002
  5.085274135737372E-002
  6.110403378248486E-002
  5.820998694440027E-002
  5.286853754572007E-002
  6.280241081691906E-002
  4.811144437829784E-002
  4.103024552315249E-002
  4.344169325549441E-002
  3.576367393519087E-002
  4.256544873975654E-002
  4.824150325016474E-002
  2.926202933283617E-002
  3.285371191742537E-002
  3.982534496502421E-002
  3.102535028109221E-002
  4.159004599402694E-002
  2.815928044461413E-002
  2.855231079497111E-002
  3.034433633312739E-002
  3.164115861204986E-002
  4.942208743442877E-002
  3.579067985173501E-002
  2.402285498096945E-002
  3.272325348735228E-002
  1.963988128309824E-002
  2.957595603789098E-002
  3.759929517494798E-002
  3.650137377895646E-002
  3.285843133297106E-002
  4.075902140095677E-002
  1.875904545932239E-002
  4.434754243431971E-002
  4.151599493622227E-002
  3.495601498151302E-002
  3.510016071316913E-002
  2.699853460105306E-002
  2.653329745280686E-002
  4.243845649990841E-002
  3.089358595741043E-002
  3.331680176887042E-002
  4.206597955451152E-002
  2.642648314786200E-002
