 excitation energies, transition moments and TDA amplitudes
 state    eV      nm       fL        Rv(corr)
    1    2.048   605.5     0.7651    -6.0029    -0.89( 144-> 145)  0.28( 143-> 147)  0.16( 143-> 148)
    2    2.353   527.0     0.1348    -0.8489     0.83( 143-> 145)  0.42( 144-> 147) -0.16( 144-> 146)
    3    2.817   440.1     0.0106   -33.1856    -0.68( 144-> 148)  0.59( 144-> 147)  0.31( 144-> 146)
    4    3.276   378.5     0.0073     5.1058    -0.94( 142-> 145)  0.14( 144-> 146) -0.13( 144-> 147)
    5    3.521   352.2     0.0189     8.4500    -0.81( 141-> 145)  0.27( 144-> 147)  0.26( 144-> 148)
    6    3.637   340.9     0.0893   -12.2701     0.62( 143-> 148) -0.62( 143-> 147) -0.29( 143-> 146)
    7    3.659   338.8     0.0597    16.3043    -0.80( 144-> 146) -0.40( 144-> 148)  0.18( 143-> 148)
    8    3.949   314.0     0.1945     7.6729     0.61( 144-> 149)  0.39( 144-> 147)  0.30( 141-> 145)
    9    4.010   309.2     0.0768   -35.6688    -0.68( 139-> 145)  0.44( 140-> 145) -0.24( 139-> 146)
