           6           1  0.388998321380560     
           7           2   1.55840691071899     
           7           6   1.13323032815774     
           8           7  0.923064459427641     
           9           8  0.957607827869815     
          10           3   1.38571386452916     
          10           6   1.29692025033747     
          10           9  0.909715860757356     
          11           9  0.958296901401912     
          12           8  0.968028464121766     
          13          12  0.959720920304412     
          14          13  0.932638677211482     
          15          14   1.88237450961369     
          16          14   1.01511188606485     
          17           1  0.498628113626474     
          18           3   1.31621428723401     
          18          17   1.17510322721442     
          19          18   1.10087286154309     
          20          19   1.48304024335929     
          21           4   1.28622303424521     
          21          17   1.18037223645507     
          21          20   1.12462239826483     
          22          19   1.00217954074431     
          23          20  0.946462224994762     
          24          23   1.85669413487626     
          25          23  0.972854907244074     
          26           1  0.441617377345359     
          27           4   1.44377855288888     
          27          26   1.17681648323444     
          28          27  0.934056472645277     
          29          28  0.948519904183066     
          30           5   1.38310318436027     
          30          26   1.26275188813215     
          30          29  0.931198122338292     
          31          28  0.974055474671436     
          32          29  0.953156602660467     
          33          32  0.990170689116972     
          34           1  0.473953332266905     
          35           5   1.28217279984411     
          35          34   1.08270175860774     
          36          35   1.22675623098338     
          37          36   1.34771606744806     
          38           2   1.07272677551000     
          38          34   1.35300918086028     
          38          37   1.15042295341296     
          39          36  0.977736527829319     
          40          37   1.10499388079493     
          41          40   1.77508705567347     
          42           2  0.950029737983258     
          42          40  0.851138238953743     
          43          42  0.936969453995912     
          44          43   1.78914961037647     
          45          43   1.10450746681972     
          46          45  0.955689004773688     
          47          16  0.947886830530541     
          48          47  0.952743018655890     
          49          48   1.93165354842301     
          50          49  0.974058922282745     
          51          49  0.943361464171069     
          52          51  0.971525423368029     
          53          52  0.993261334281830     
          54          53  0.974206807699032     
          55          54  0.968368732572543     
          56          54  0.977195088754270     
          57          56  0.974384774549418     
          58          57  0.981077397270270     
          59          58  0.973106596924851     
          60          59  0.991829804216885     
          61          59  0.974473544504565     
          62          61  0.965103110707350     
          63          62  0.990687385345008     
          64          63  0.970698008038525     
          65          64  0.972631161504301     
          66          64  0.995244856392169     
          67           3  0.928612794164492     
          68           4  0.923551474398728     
          69           5  0.939310838712638     
          70           8  0.926250467965169     
          71           9  0.944192049155620     
          72          11  0.982832601896973     
          73          11  0.978007778871045     
          74          11  0.976584299990869     
          75          12  0.960344241032115     
          76          12  0.961162076662998     
          77          13  0.953349971227711     
          78          13  0.950365062020755     
          79          22  0.960880616744446     
          80          22  0.972355629805615     
          81          22  0.965305105153795     
          82          25  0.956536680340149     
          83          25  0.969272184237916     
          84          25  0.956187860029896     
          85          28  0.931564705962226     
          86          29  0.934731068660842     
          87          31  0.979716049224382     
          88          31  0.979621577995341     
          89          31  0.976058351464881     
          90          32  0.964953430092939     
          91          32  0.968795091405598     
          92          33  0.981997054689522     
          93          33  0.984124691536352     
          94          33  0.987491062040118     
          95          39  0.977461295735224     
          96          39  0.964782786187737     
          97          39  0.977394927538509     
          98          42  0.925330189048355     
          99          46  0.990223587825371     
         100          46  0.981523920118052     
         101          46  0.986695953325846     
         102          47  0.972930707474669     
         103          47  0.968933261915155     
         104          48  0.938178348460814     
         105          50  0.973953142251501     
         106          50  0.975059992304293     
         107          50  0.977212145923440     
         108          51  0.957663018859592     
         109          51  0.966545710382762     
         110          52  0.969187642365537     
         111          52  0.963900107257082     
         112          53  0.961872634054672     
         113          53  0.963527736095294     
         114          54  0.952537961449687     
         115          55  0.983505512914669     
         116          55  0.982174489041878     
         117          55  0.978878494405883     
         118          56  0.964136307447485     
         119          56  0.959133462915005     
         120          57  0.959680517626620     
         121          57  0.971504280804348     
         122          58  0.963913312356138     
         123          58  0.966282612028791     
         124          59  0.954332080947734     
         125          60  0.979879984002044     
         126          60  0.974728901389631     
         127          60  0.975918818827046     
         128          61  0.955156286853681     
         129          61  0.971368206752337     
         130          62  0.966674919710190     
         131          62  0.970405244087403     
         132          63  0.965214442455164     
         133          63  0.957906247638027     
         134          64  0.958421957913917     
         135          65  0.985876533550038     
         136          65  0.977902322116981     
         137          65  0.982930207489573     
         138          66  0.979326132425744     
         139          66  0.976245354415475     
         140          66  0.975998480426921     
