  0.337579268923220     
  5.101652887002928E-004
 -2.093873093086884E-002
 -3.831080919661467E-002
 -2.960126300230304E-002
 -0.153158356289775     
  2.697659861307056E-002
  2.693067066757759E-003
 -1.282306196132588E-002
  2.795204288129227E-002
 -8.947884395302008E-002
 -4.855768982579978E-002
 -6.111302746834646E-002
  0.201771676281666     
 -0.257357083076919     
 -0.184581446240493     
 -0.223482054553037     
  1.878738743827268E-002
 -4.054745680557303E-003
 -7.332754082449977E-002
  3.282868800344296E-002
 -7.559428922247857E-002
  0.130668896258759     
 -0.250141463632268     
 -7.974817456848360E-002
 -0.180462662824702     
  6.422508102225644E-002
 -1.882260709520800E-002
 -1.662901045381471E-002
  3.012471501379999E-002
 -9.520843332862672E-002
 -5.103994663477973E-002
 -9.754951763268860E-002
 -0.211358728009635     
  2.842731540824373E-002
 -2.118769075698879E-002
 -8.295065084839148E-002
  5.012888528886617E-002
 -6.833728323589217E-002
  0.169604706303725     
 -0.216871218369477     
 -3.996017653330419E-002
  0.223832874377170     
 -0.258826744348355     
 -0.162615839472904     
  1.111125140299274E-002
  3.953422564394860E-002
 -8.280992039168744E-002
 -3.166380255362711E-002
 -9.086745010099406E-002
 -7.133853905603971E-002
 -5.576127793981911E-002
 -7.402191813502057E-002
 -2.189059809373006E-002
 -0.108287384708743     
 -6.457397941529663E-002
 -6.689773057181991E-002
 -6.867739706807274E-002
 -4.866625403298119E-002
 -0.101226026716269     
 -6.303464503465150E-002
 -6.988662750177710E-002
 -8.626204385137726E-002
 -2.337282330542312E-002
 -8.869398450702892E-002
 -9.517046772859583E-002
  5.467636364980988E-002
  4.648053303618505E-002
  6.044669554249638E-002
  6.064711650795085E-002
  4.857325036663840E-002
  3.314978060112461E-002
  4.566324552872003E-002
  4.177366169199570E-002
  3.785951463588699E-002
  4.849555073455236E-002
  5.736152990396826E-002
  3.382515704859457E-002
  5.534210154813735E-002
  3.407339093216055E-002
  5.064897576733696E-002
  4.795904375041127E-002
  4.885927008125435E-002
  4.883913436353882E-002
  5.119270547873567E-002
  5.548607576402254E-002
  3.970876979423765E-002
  3.125561799465304E-002
  4.041021290288205E-002
  4.428354017759051E-002
  3.520018139789960E-002
  2.901936243405412E-002
  3.745856364954925E-002
  3.115478963529117E-002
  5.423552794215036E-002
  5.162285056836324E-002
  3.875225534621995E-002
  6.033610531989320E-002
  5.173562288639966E-002
  5.654926532866145E-002
  4.433008392016025E-002
  5.357717227354541E-002
  6.277219379213961E-002
  3.623667121132523E-002
  4.661606921299366E-002
  4.132389973065931E-002
  4.322078362862658E-002
  3.700374586763122E-002
  3.959604959840735E-002
  3.819679915482599E-002
  4.336997842365886E-002
  2.595695541723153E-002
  4.020684717122236E-002
  3.272700429829478E-002
  4.352084210012397E-002
  4.378816949219744E-002
  2.557610584292913E-002
  2.970348894060648E-002
  4.177182736033691E-002
  2.856336864452480E-002
  3.904385680364708E-002
  2.987527872812479E-002
  3.430260442364608E-002
  2.978366791716891E-002
  3.307601319508868E-002
  3.267111344128437E-002
  3.661955993874255E-002
  3.631415254618497E-002
  3.810641957006888E-002
  3.732399379776719E-002
  2.381154221949144E-002
  3.284033428106869E-002
  2.142261342428997E-002
  1.890841503242113E-002
  4.877746641842562E-002
  2.601482092465290E-002
  4.551537494796032E-002
  2.658564873339020E-002
  4.069585156674993E-002
  4.761256916531165E-002
