 excitation energies, transition moments and TDA amplitudes
 state    eV      nm       fL        Rv(corr)
    1    2.271   545.9     0.2535    -4.1587     0.73( 142-> 144)  0.47( 143-> 144) -0.32( 143-> 147)
    2    2.307   537.4     0.6990    -0.4866    -0.75( 143-> 144)  0.45( 142-> 144) -0.36( 142-> 147)
    3    3.122   397.2     0.0113    -6.6653    -0.68( 141-> 144) -0.67( 140-> 144)  0.10( 143-> 145)
    4    3.178   390.1     0.0038    10.9393    -0.82( 143-> 145) -0.50( 143-> 146) -0.14( 142-> 145)
    5    3.383   366.5     0.1000    13.7237     0.61( 140-> 144) -0.60( 141-> 144) -0.35( 143-> 147)
    6    3.582   346.2     0.0045   -30.3075     0.86( 142-> 145)  0.41( 142-> 146) -0.15( 143-> 146)
    7    3.843   322.6     0.0057    12.9115    -0.51( 136-> 144) -0.39( 137-> 144) -0.37( 143-> 146)
    8    3.888   318.9     0.0622   -21.7164    -0.58( 143-> 146)  0.39( 143-> 145)  0.31( 137-> 144)
    9    4.020   308.4     0.2522     7.7126    -0.47( 138-> 144)  0.46( 143-> 147) -0.28( 141-> 144)
