           6           1  0.417343094219533     
           7           2   1.38444679266401     
           7           6   1.22183118972372     
           8           7  0.962843083255665     
           9           8  0.943726514626433     
          10           3   1.43622259861198     
          10           6   1.22002640641423     
          10           9  0.941905403877912     
          11           9  0.954811940977108     
          12           8  0.943821031379971     
          13          12  0.961904920371534     
          14          13  0.934600107643262     
          15          14   1.85270185231110     
          16          14   1.03917218793337     
          17           1  0.470524403109279     
          18           3   1.28301879961830     
          18          17   1.13179960756201     
          19          18   1.19405216833360     
          20          19   1.45647901135652     
          21           4   1.38119135112978     
          21          17   1.21494604820143     
          21          20   1.02504780685088     
          22          19  0.976665808177821     
          23          20  0.992793522187104     
          24          23   1.82039362590385     
          25          23  0.967302943724015     
          26           1  0.372220981722469     
          27           4   1.32656577112850     
          27          26   1.41958811722740     
          28          27  0.883133573443751     
          29          28  0.983059535830459     
          30           5   1.56312293199302     
          30          26   1.09091045131105     
          30          29  0.944489773708926     
          31          28  0.965350545035211     
          32          29  0.943251232964840     
          33          32   1.00092122654213     
          34           1  0.519589841442888     
          35           5   1.16617993264837     
          35          34   1.16955769278607     
          36          35   1.26635331231470     
          37          36   1.25457974079463     
          38           2   1.24140893010329     
          38          34   1.20600490081789     
          38          37   1.19765514221612     
          39          36   1.00153040007602     
          40          37   1.04792289900079     
          41          40   1.85102857179708     
          42           2  0.925625418560045     
          42          40  0.849338271973683     
          43          42  0.919199039786295     
          44          43   1.81753599278096     
          45          43   1.07669485492284     
          46          45  0.971318205735553     
          47          16  0.948204829867481     
          48          47  0.983178112626812     
          49          48   1.89816808572856     
          50          49  0.982975483487395     
          51          49  0.965041471606306     
          52          51  0.956266648716963     
          53          52  0.989878839445883     
          54          53  0.954034248243071     
          55          54  0.971784326662159     
          56          54  0.995850843698356     
          57          56  0.974648573587283     
          58          57  0.974295271111454     
          59          58  0.974275194169078     
          60          59  0.980188048042785     
          61          59  0.953343892921800     
          62          61  0.980056201433581     
          63          62  0.982910571977307     
          64          63  0.958321188004200     
          65          64  0.974302240430254     
          66          64   1.00147319351442     
          67           3  0.927539084867087     
          68           4  0.933624307738767     
          69           5  0.932440975570958     
          70           8  0.933260645344122     
          71           9  0.941583084826773     
          72          11  0.983383977001316     
          73          11  0.979628455334199     
          74          11  0.980271361349608     
          75          12  0.958346958651218     
          76          12  0.951467760963306     
          77          13  0.957573885660939     
          78          13  0.950700288777439     
          79          22  0.966289495102290     
          80          22  0.978003726000892     
          81          22  0.970029548132860     
          82          25  0.972621982400792     
          83          25  0.964533957634238     
          84          25  0.960694205252979     
          85          28  0.942037947316976     
          86          29  0.929661802654841     
          87          31  0.978331188867936     
          88          31  0.983318971596316     
          89          31  0.980332711243370     
          90          32  0.962892198974215     
          91          32  0.968362920083245     
          92          33  0.980057515885023     
          93          33  0.979616961668592     
          94          33  0.987039752286795     
          95          39  0.963470363398587     
          96          39  0.973676553216839     
          97          39  0.969018170194457     
          98          42  0.932562255417395     
          99          46  0.985810325612968     
         100          46  0.975162913688151     
         101          46  0.990349034807149     
         102          47  0.973527529517303     
         103          47  0.961031156456976     
         104          48  0.942238529673995     
         105          50  0.973210193164935     
         106          50  0.972743135599454     
         107          50  0.971912031828432     
         108          51  0.964858888026635     
         109          51  0.958686300235279     
         110          52  0.967042090557833     
         111          52  0.969642752288641     
         112          53  0.971757398163176     
         113          53  0.960680921069649     
         114          54  0.953808695207425     
         115          55  0.978941477173771     
         116          55  0.975607872402334     
         117          55  0.979852095446535     
         118          56  0.958863722182086     
         119          56  0.956302720986841     
         120          57  0.974383553581625     
         121          57  0.962313607333372     
         122          58  0.961736454418223     
         123          58  0.965756899282314     
         124          59  0.954569255148550     
         125          60  0.977835660789599     
         126          60  0.980376307206773     
         127          60  0.984106392746680     
         128          61  0.964563676693077     
         129          61  0.961053256512437     
         130          62  0.963480255988606     
         131          62  0.962915236269108     
         132          63  0.960220909260433     
         133          63  0.965842080105739     
         134          64  0.959504712788220     
         135          65  0.979079641430455     
         136          65  0.987496734077299     
         137          65  0.977978746697913     
         138          66  0.974928486266469     
         139          66  0.972899112391976     
         140          66  0.975749416988119     
