  0.330451202498518     
  9.880177319011807E-003
 -3.316212928823870E-002
 -2.366679423761742E-002
 -6.520462710961894E-002
 -0.153434758515406     
  3.469138528728699E-002
 -2.191271928773997E-002
 -2.279743392117251E-002
  6.173707054394262E-002
 -8.911252984050400E-002
 -7.157321884058998E-002
 -4.489412283883976E-002
  0.218865337183062     
 -0.313901736995133     
 -0.137352431933604     
 -0.215239738638055     
  3.879703292480352E-002
 -1.304322222409127E-002
 -6.255980604345535E-002
  6.375008996249543E-002
 -7.545006300248680E-002
  0.138051512891101     
 -0.249734966236145     
 -9.177135865521713E-002
 -0.193581071781409     
  6.406862859275986E-002
 -2.369864168161584E-002
 -2.736703150186592E-002
  5.245622276269746E-002
 -7.652716405385984E-002
 -5.796334519270108E-002
 -9.305676590156420E-002
 -0.217269927742262     
  1.824967423539414E-002
 -1.942445731663778E-002
 -4.864734739451126E-002
  2.453674069041956E-002
 -5.095475670476191E-002
  0.136680725661688     
 -0.236602853511022     
 -3.214545138564784E-002
  0.212752838305085     
 -0.299797810085467     
 -0.144188622019701     
  1.585864455176633E-002
  7.249464655825077E-002
 -8.310383628642448E-002
 -3.601973185754925E-002
 -9.811747798930082E-002
 -5.463870140647398E-002
 -6.516936952071184E-002
 -6.522857692496054E-002
 -2.387621670022444E-002
 -0.108026500908325     
 -6.883588616197578E-002
 -4.967700050161117E-002
 -6.760937454082772E-002
 -3.096430401888295E-002
 -9.949094860892238E-002
 -7.976385401724695E-002
 -6.943682977129217E-002
 -7.323320872434724E-002
 -8.342332627504945E-003
 -9.567775703600034E-002
 -0.115616296721215     
  5.416995901936839E-002
  5.313847991013276E-002
  5.291176957871002E-002
  5.470351628827863E-002
  4.817490910502253E-002
  3.779923877922353E-002
  4.383515816348127E-002
  3.766744537153222E-002
  2.338953987864067E-002
  4.336386624193789E-002
  5.887526383753983E-002
  3.653039862707463E-002
  4.235629054332257E-002
  4.952336535827395E-002
  5.281880071442080E-002
  4.571730013836905E-002
  5.460268374965860E-002
  4.103920482099577E-002
  4.825205772352503E-002
  5.350061387913263E-002
  3.580064868802357E-002
  4.358402741742695E-002
  4.561496907629059E-002
  3.192001094332864E-002
  3.451113993814003E-002
  3.538689878472800E-002
  3.298274836240711E-002
  3.443821889275911E-002
  4.433705202029947E-002
  5.885908075228485E-002
  5.216178299721619E-002
  6.164777288612755E-002
  5.254774989678401E-002
  6.172912831914601E-002
  4.137036966209773E-002
  6.895684571304728E-002
  8.014095592115988E-002
  2.545953640817833E-002
  4.039419530193411E-002
  4.040316980820680E-002
  4.166570122998159E-002
  4.281945496608963E-002
  3.304845725921213E-002
  4.056682623647279E-002
  2.617083860644731E-002
  3.212165208020024E-002
  4.007937227484426E-002
  3.167843315540730E-002
  3.453278468215049E-002
  3.010561079394802E-002
  3.217966165655262E-002
  2.920462180946304E-002
  3.288484345904930E-002
  3.488081624598582E-002
  3.380469859663848E-002
  3.013707403302857E-002
  3.713372491639788E-002
  3.587928186242983E-002
  4.850868197900493E-002
  3.031212089036572E-002
  3.634849851009392E-002
  3.557856619290201E-002
  3.101200509131097E-002
  3.261285819564952E-002
  2.550532307132836E-002
  3.277058777151964E-002
  2.505747065573294E-002
  3.479095261063747E-002
  3.196937794796861E-002
  4.009111937207799E-002
  3.286404502879892E-002
  3.066969745860504E-002
  3.800959016525951E-002
  2.593226591263798E-002
