 excitation energies, transition moments and TDA amplitudes
 state    eV      nm       fL        Rv(corr)
    1    2.244   552.6     0.5550     5.4182    -0.82( 143-> 144) -0.35( 142-> 146) -0.34( 142-> 144)
    2    2.360   525.4     0.4759    11.2555    -0.82( 142-> 144)  0.34( 143-> 146)  0.33( 143-> 144)
    3    3.128   396.4     0.0183    -0.4038     0.94( 141-> 144)  0.12( 143-> 146) -0.11( 142-> 144)
    4    3.505   353.7     0.0024     1.9006    -0.53( 136-> 144)  0.48( 138-> 144) -0.42( 139-> 144)
    5    3.666   338.2     0.0823    40.1281     0.65( 143-> 145)  0.49( 143-> 147)  0.24( 142-> 147)
    6    3.746   331.0     0.0754    22.6093     0.71( 139-> 144)  0.39( 138-> 144) -0.29( 143-> 146)
    7    3.845   322.5     0.0504     3.4338     0.54( 143-> 147) -0.52( 142-> 145)  0.33( 137-> 144)
    8    3.923   316.0     0.0124   -46.8408     0.61( 143-> 145) -0.57( 142-> 147) -0.29( 143-> 147)
    9    3.953   313.6     0.0316     3.0019     0.54( 137-> 144) -0.44( 135-> 144)  0.33( 142-> 147)
