           6           1  0.357663345524641     
           7           2   1.41714395240404     
           7           6   1.22230490296627     
           8           7  0.945899930195858     
           9           8  0.943718924124817     
          10           3   1.42470237165637     
          10           6   1.27425244013408     
          10           9  0.953901843895606     
          11           9  0.957674842904697     
          12           8  0.930374266374360     
          13          12  0.975462918971246     
          14          13  0.954826149380124     
          15          14   1.76177930716766     
          16          14   1.14325852173539     
          17           1  0.427139646317414     
          18           3   1.20688258436065     
          18          17   1.17946610223922     
          19          18   1.21945890079803     
          20          19   1.40399789914872     
          21           4   1.23867982558178     
          21          17   1.27012713814162     
          21          20   1.07672820126352     
          22          19  0.996318602697792     
          23          20   1.01438681963668     
          24          23   1.81887855000316     
          25          23  0.954721641279482     
          26           1  0.411011862369371     
          27           4   1.49018141584719     
          27          26   1.19242744047577     
          28          27  0.932785639305856     
          29          28  0.950139146125675     
          30           5   1.45630348383279     
          30          26   1.24987409780816     
          30          29  0.937246105148173     
          31          28  0.965721311434519     
          32          29  0.935725468860312     
          33          32   1.00817395614523     
          34           1  0.580945909509956     
          35           5   1.19280336013144     
          35          34   1.12098683834090     
          36          35   1.26564133577047     
          37          36   1.32686297301950     
          38           2   1.19979430969837     
          38          34   1.21435571189858     
          38          37   1.15267768415841     
          39          36  0.981918804792403     
          40          37   1.12509617266734     
          41          40   1.80224850149071     
          42           2  0.946475110064870     
          42          40  0.800288881670966     
          43          42  0.970898712644023     
          44          43   1.75579859670720     
          45          43   1.10048858713597     
          46          45  0.966796765889612     
          47          16  0.932818590987142     
          48          47   1.01160260976060     
          49          48   1.87752226870580     
          50          49  0.971500397757279     
          51          49  0.984487068742355     
          52          51  0.976946337522646     
          53          52  0.968649332409250     
          54          53  0.988372538634948     
          55          54  0.983012711058935     
          56          54  0.956423068967017     
          57          56  0.985348347406672     
          58          57  0.987271858193797     
          59          58  0.961871282055811     
          60          59  0.988490765965985     
          61          59  0.968410561189533     
          62          61  0.977255305446869     
          63          62  0.978075253302977     
          64          63  0.992717549761599     
          65          64  0.982226086775434     
          66          64  0.968065964230332     
          67           3  0.940913365200138     
          68           4  0.928268162664292     
          69           5  0.937761294445413     
          70           8  0.939792233817808     
          71           9  0.939869409286479     
          72          11  0.982452177939567     
          73          11  0.978100102670548     
          74          11  0.978412247973010     
          75          12  0.963338248066698     
          76          12  0.955169033409874     
          77          13  0.940958031432270     
          78          13  0.963825740894888     
          79          22  0.967199569271150     
          80          22  0.971480970226390     
          81          22  0.964156383831581     
          82          25  0.970335414527271     
          83          25  0.957414820350431     
          84          25  0.971235297683641     
          85          28  0.943048821384518     
          86          29  0.939649475148219     
          87          31  0.979187449959955     
          88          31  0.982412324187459     
          89          31  0.976996310246922     
          90          32  0.968833687219014     
          91          32  0.968419374180975     
          92          33  0.981998775088511     
          93          33  0.983836229318454     
          94          33  0.967060949732174     
          95          39  0.979423082023293     
          96          39  0.968670781487638     
          97          39  0.970843709043684     
          98          42  0.933396638987519     
          99          46  0.987610316425247     
         100          46  0.977874001829533     
         101          46  0.988861241354085     
         102          47  0.960338673626244     
         103          47  0.949798237979709     
         104          48  0.940334963938286     
         105          50  0.978173088094479     
         106          50  0.971771811929492     
         107          50  0.978578154013201     
         108          51  0.953068200372240     
         109          51  0.959078785855626     
         110          52  0.964295689105085     
         111          52  0.966827896245134     
         112          53  0.959195798013053     
         113          53  0.954007528955655     
         114          54  0.952439156319049     
         115          55  0.980936617374942     
         116          55  0.976476457434172     
         117          55  0.977386661869404     
         118          56  0.964435000955839     
         119          56  0.965561428613176     
         120          57  0.968586290294295     
         121          57  0.969342458208830     
         122          58  0.967017332647213     
         123          58  0.958230868322707     
         124          59  0.950851120829750     
         125          60  0.977131265589702     
         126          60  0.979119274424606     
         127          60  0.981935001154250     
         128          61  0.959971357588083     
         129          61  0.964662355456782     
         130          62  0.972055025858833     
         131          62  0.964959866629043     
         132          63  0.952846154381111     
         133          63  0.961238072172130     
         134          64  0.953357299322026     
         135          65  0.982987368606483     
         136          65  0.976220375312891     
         137          65  0.981662699289529     
         138          66  0.981063088555703     
         139          66  0.978074489262681     
         140          66  0.979148896193663     
