  0.309150005901758     
  5.201617995094665E-003
 -2.211852619674293E-002
 -2.404128484239809E-002
 -9.365839404723442E-002
 -0.117731981294683     
 -3.537356460771690E-003
  4.944929865737802E-003
 -2.813454018173811E-002
  3.563506845846121E-002
 -8.917744281612361E-002
 -4.126660816467087E-002
 -5.505530324525942E-002
  0.200879405095000     
 -0.308971245129117     
 -0.139486906079286     
 -0.193456827507934     
  4.112398309918630E-002
  5.089578733841194E-004
 -6.680424478934910E-002
  3.959107283179408E-002
 -7.005252756687863E-002
  0.156460150716402     
 -0.257992083292429     
 -8.506164732596577E-002
 -0.196276854389144     
  4.826942184506189E-002
 -1.182346022520697E-002
 -3.666928587388885E-002
  4.210036783459881E-002
 -7.277730435608110E-002
 -5.710268047964462E-002
 -9.368852903473446E-002
 -0.221675813267940     
  1.806405458408689E-002
 -5.115243949509818E-002
 -7.485731394397988E-002
  3.055614493580538E-002
 -5.833738030636670E-002
  0.155281393557732     
 -0.211786517724529     
 -7.140450021071665E-003
  0.206108384554960     
 -0.275467354948224     
 -0.144379735114670     
  1.674504048964742E-002
  5.944818619133452E-002
 -7.661399466435359E-002
 -1.540286899225318E-002
 -9.408347955603347E-002
 -6.663120394881883E-002
 -9.176454441246129E-002
 -7.258118061470142E-002
 -1.979803902790600E-002
 -9.632480791399090E-002
 -6.531752450183514E-002
 -7.170221578053937E-002
 -7.370773974272904E-002
 -4.364497718734750E-002
 -0.100864515652250     
 -7.007562317754612E-002
 -4.715848685537161E-002
 -8.653695632774472E-002
 -1.340241095160621E-003
 -0.103272498005681     
 -9.015349360584057E-002
  4.747578921022777E-002
  6.156023150243817E-002
  5.503861095035323E-002
  5.497718101944671E-002
  4.308739562936126E-002
  3.785523713507510E-002
  2.982138631677911E-002
  4.007618655170975E-002
  4.272123225351721E-002
  4.646988347492043E-002
  5.254301977607190E-002
  4.095820196724165E-002
  5.301657362983858E-002
  4.766066078982067E-002
  4.688032953780408E-002
  5.673796498273020E-002
  4.567466555880217E-002
  4.758927477346475E-002
  4.235590870598227E-002
  4.953973725394611E-002
  3.713254255293275E-002
  4.045233306646834E-002
  4.822198321443383E-002
  3.552309453392910E-002
  4.163329163968055E-002
  4.761922082561454E-002
  4.365168920721840E-002
  2.509337430521175E-002
  5.448761767315868E-002
  5.125990392831870E-002
  5.111530650735718E-002
  6.646037102396984E-002
  4.247420225221044E-002
  5.908851700065232E-002
  5.030314768502930E-002
  7.955869531882309E-002
  5.547145474269255E-002
  3.214888875351296E-002
  4.711638715984401E-002
  3.661813487064369E-002
  4.369405412166372E-002
  3.658903506170852E-002
  3.473146606900990E-002
  3.019305123263960E-002
  2.499363461747117E-002
  4.260230427560685E-002
  2.872214708809850E-002
  3.974808261732243E-002
  3.127244803873630E-002
  3.798810228326832E-002
  3.603080670021075E-002
  4.034680899951659E-002
  4.268698895019307E-002
  4.370717978957728E-002
  2.810808703664913E-002
  3.868048763840415E-002
  3.603170947314038E-002
  3.051913944573625E-002
  3.571074325363499E-002
  2.715631727520951E-002
  3.674622316262122E-002
  3.467534681534390E-002
  3.071300114315578E-002
  3.699940860276818E-002
  3.136140147047917E-002
  2.108938845519692E-002
  1.977136701674498E-002
  2.844279834851327E-002
  2.766956755070460E-002
  3.371181989146510E-002
  2.274648287074554E-002
  3.344168721656526E-002
  3.688103917215935E-002
  3.535649038819244E-002
