           6           1  0.374862734083453     
           7           2   1.36364024002163     
           7           6   1.23482623000657     
           8           7  0.957523467647387     
           9           8  0.943874670417324     
          10           3   1.45031300441168     
          10           6   1.25060189327195     
          10           9  0.902148194763109     
          11           9  0.982120297819430     
          12           8  0.966560252681819     
          13          12  0.979828568054361     
          14          13  0.946709368803173     
          15          14   1.76944869004364     
          16          14   1.11126015468848     
          17           1  0.497044260767382     
          18           3   1.24852950448356     
          18          17   1.19561436316593     
          19          18   1.12348265822025     
          20          19   1.50946628841671     
          21           4   1.25246410378728     
          21          17   1.22734632823114     
          21          20   1.05554105861429     
          22          19   1.00287758769541     
          23          20  0.976908655184809     
          24          23   1.83054657915845     
          25          23  0.980184177793967     
          26           1  0.401665104260377     
          27           4   1.49229042372161     
          27          26   1.16768718340078     
          28          27  0.922673441925234     
          29          28  0.948765111751060     
          30           5   1.30920996136169     
          30          26   1.33027340752962     
          30          29  0.957718012103051     
          31          28  0.982399082249500     
          32          29  0.936114320358216     
          33          32  0.987722419813456     
          34           1  0.524692063277805     
          35           5   1.32082327951606     
          35          34   1.14010941071747     
          36          35   1.15959585403337     
          37          36   1.38230329143526     
          38           2   1.21943401883682     
          38          34   1.19962632508163     
          38          37   1.20809833078031     
          39          36   1.00483799538661     
          40          37  0.971982308552123     
          41          40   1.87549011845843     
          42           2  0.964315452908135     
          42          40  0.878035544580068     
          43          42  0.927227822619720     
          44          43   1.78551237102656     
          45          43   1.09761904276426     
          46          45  0.969797104992182     
          47          16  0.955039763894962     
          48          47  0.971339501462018     
          49          48   1.89896063786877     
          50          49   1.00827673795561     
          51          49  0.945427199946962     
          52          51  0.962061173172128     
          53          52  0.969481268288879     
          54          53  0.970460164336264     
          55          54  0.978973985141253     
          56          54  0.986447207745680     
          57          56  0.958998136446700     
          58          57  0.991274610516362     
          59          58  0.967948273537305     
          60          59  0.981378631245805     
          61          59  0.964944819808734     
          62          61  0.981049835999607     
          63          62  0.996807935444119     
          64          63  0.963708674225545     
          65          64   1.00081236323421     
          66          64  0.995630225272530     
          67           3  0.936051947773602     
          68           4  0.926872327573478     
          69           5  0.940973418993738     
          70           8  0.923977337991987     
          71           9  0.946425550962791     
          72          11  0.978847469745096     
          73          11  0.975243746371201     
          74          11  0.975836238681724     
          75          12  0.958469449441747     
          76          12  0.952419463484923     
          77          13  0.946704689545144     
          78          13  0.942591745027399     
          79          22  0.961929099661322     
          80          22  0.973878188815707     
          81          22  0.961758651481415     
          82          25  0.952689315611878     
          83          25  0.970285332866257     
          84          25  0.960174298391808     
          85          28  0.944865298862727     
          86          29  0.936212169874132     
          87          31  0.976708734867371     
          88          31  0.972052759609359     
          89          31  0.975582255828084     
          90          32  0.970303686877586     
          91          32  0.972342424778114     
          92          33  0.970105858135502     
          93          33  0.981790863071322     
          94          33  0.989585488507294     
          95          39  0.972057456589609     
          96          39  0.972872038053716     
          97          39  0.955653554532633     
          98          42  0.918179686822227     
          99          46  0.989921228856035     
         100          46  0.977640645265476     
         101          46  0.985996480304792     
         102          47  0.948752461218048     
         103          47  0.969989708156478     
         104          48  0.944132729709853     
         105          50  0.960263943615609     
         106          50  0.969594248609651     
         107          50  0.967378657344471     
         108          51  0.963632237413781     
         109          51  0.966524272502947     
         110          52  0.969951750262222     
         111          52  0.969800394594094     
         112          53  0.956703377047197     
         113          53  0.964758811864645     
         114          54  0.943234915619884     
         115          55  0.982490095569185     
         116          55  0.978831716911154     
         117          55  0.982976501038555     
         118          56  0.962636717574182     
         119          56  0.958694718746774     
         120          57  0.961311522365462     
         121          57  0.971571737875447     
         122          58  0.963511896683830     
         123          58  0.958862026593953     
         124          59  0.951739371648753     
         125          60  0.977264055883516     
         126          60  0.983443415915017     
         127          60  0.980669283944293     
         128          61  0.966131087743296     
         129          61  0.963422427522065     
         130          62  0.962617540372062     
         131          62  0.968232523333830     
         132          63  0.957814109634201     
         133          63  0.957888258854517     
         134          64  0.949936536141976     
         135          65  0.974900205310892     
         136          65  0.973581287561144     
         137          65  0.976853698756799     
         138          66  0.976754557108269     
         139          66  0.974234068319329     
         140          66  0.978927249746377     
