  0.303116321192600     
  6.241054153434789E-003
 -4.326747290124633E-002
 -1.130929631325017E-002
 -3.322923762668850E-002
 -0.152560775237248     
  7.892574565476540E-003
 -1.286882270399925E-002
 -1.927313133677799E-002
  5.812036172760493E-002
 -7.952978699136004E-002
 -4.691832599579815E-002
 -6.752139913506472E-002
  0.235759213878752     
 -0.288009516612017     
 -0.165022398665896     
 -0.211460407316170     
  4.152853450337046E-002
 -1.035953455392047E-002
 -6.221790610116162E-002
  4.029250166549270E-002
 -8.421803749543688E-002
  0.196840988692724     
 -0.213103360050146     
 -0.123785870772504     
 -0.170537265450105     
  2.349510187297899E-002
 -2.123624820297465E-002
 -1.831708750417782E-002
  3.636415011497718E-002
 -8.471910385634818E-002
 -5.163463811275193E-002
 -9.575736715653083E-002
 -0.216991469917129     
  1.146012976667832E-002
 -4.111189882108235E-003
 -3.844597445685416E-002
  1.198051987135296E-002
 -5.143886901368155E-002
  9.964938500210074E-002
 -0.260428462732123     
 -2.732879377262432E-002
  0.246879182362818     
 -0.279311240866298     
 -0.140723545823018     
  1.395895705730377E-002
  5.105650947078955E-002
 -8.252241260364634E-002
 -2.210735735079439E-002
 -9.018301345840918E-002
 -6.185714576182022E-002
 -7.032544417082764E-002
 -5.519311615543554E-002
 -1.543798349906478E-002
 -0.103617332302270     
 -7.601374532518079E-002
 -7.050866152010027E-002
 -7.082664068501021E-002
 -1.197424577819906E-002
 -9.947037765471212E-002
 -6.773538636854504E-002
 -7.031697159583494E-002
 -5.901399405312890E-002
 -2.444164354832168E-002
 -0.106027424031090     
 -0.116960717295222     
  4.306155124797395E-002
  5.421242445294761E-002
  5.736052927672908E-002
  5.566359331083814E-002
  4.599197124517584E-002
  4.353389266967089E-002
  3.989641313874470E-002
  4.131883910704592E-002
  4.087498172718107E-002
  4.911038629715658E-002
  5.000953251767970E-002
  4.183487947845987E-002
  4.580077627574608E-002
  4.536472315849505E-002
  4.361079110273591E-002
  3.820885678110009E-002
  3.373713856007698E-002
  3.772481223167001E-002
  5.211908795038500E-002
  4.853263831137755E-002
  3.773868713192186E-002
  3.842340559336599E-002
  4.576761938973883E-002
  3.826479707884944E-002
  3.382653447578965E-002
  3.713055056789649E-002
  3.240426648045069E-002
  3.584353264940177E-002
  5.553713490105761E-002
  5.616675009242833E-002
  5.246590641014193E-002
  6.672869096440393E-002
  4.504508576005495E-002
  4.671539880003017E-002
  5.614434421717707E-002
  5.906342246257490E-002
  6.254896459930082E-002
  3.784995369040445E-002
  3.305875528786717E-002
  4.328912514203587E-002
  4.457662404421325E-002
  3.236586686466114E-002
  4.345424827752653E-002
  2.890385505163395E-002
  3.352553884425225E-002
  3.054703908182788E-002
  4.348855319576295E-002
  3.083295061540103E-002
  3.519807260008223E-002
  2.529582685080289E-002
  3.182913191511594E-002
  2.251726934232712E-002
  3.952617879599352E-002
  3.773749239030411E-002
  3.327527814649966E-002
  3.366496605527669E-002
  3.425860745426035E-002
  4.173024519824087E-002
  3.807642944148826E-002
  3.573874399948396E-002
  3.047365703179472E-002
  3.403185481147419E-002
  3.048902492014460E-002
  2.821983797242322E-002
  2.870203353375123E-002
  3.929051694444430E-002
  3.891432287236984E-002
  3.852969436811338E-002
  3.097338918271975E-002
  2.975527893422125E-002
  4.051451915343907E-002
  1.885169390359387E-002
  3.153784360232526E-002
  3.672733388255323E-002
