 excitation energies, transition moments and TDA amplitudes
 state    eV      nm       fL        Rv(corr)
    1    2.191   565.9     0.7500     0.6355    -0.87( 142-> 143)  0.40( 141-> 145) -0.12( 141-> 143)
    2    2.295   540.2     0.1283     0.4466    -0.85( 141-> 143) -0.42( 142-> 145)  0.12( 140-> 144)
    3    3.272   378.9     0.0018    -0.4554     0.91( 140-> 143) -0.22( 142-> 145) -0.15( 142-> 146)
    4    3.471   357.1     0.0643     5.3542    -0.59( 142-> 146) -0.48( 142-> 145) -0.45( 142-> 144)
    5    3.704   334.8     0.0413     2.8736    -0.58( 139-> 143)  0.54( 136-> 143)  0.33( 134-> 143)
    6    3.765   329.3     0.0144     6.0671    -0.55( 139-> 143)  0.46( 138-> 143)  0.42( 142-> 146)
    7    3.795   326.7     0.2307    61.1106    -0.66( 141-> 146) -0.49( 141-> 144) -0.41( 141-> 145)
    8    3.864   320.8     0.0160    -6.2017    -0.65( 142-> 144)  0.53( 142-> 146) -0.36( 141-> 144)
    9    3.941   314.6     0.0021     9.3914     0.50( 135-> 143)  0.49( 134-> 143)  0.30( 136-> 144)
