           6           1  0.375549562541225     
           7           2   1.40520269281636     
           7           6   1.20611914282123     
           8           7  0.928361361584869     
           9           8  0.933372999826027     
          10           3   1.45633683646872     
          10           6   1.27485843467299     
          10           9  0.939863729193456     
          11           9  0.977308293034119     
          12           8  0.956131650022077     
          13          12  0.949218030295232     
          14          13  0.973360094615652     
          15          14   1.80494228991974     
          16          14   1.07487319837396     
          17           1  0.489653465654470     
          18           3   1.19413329818790     
          18          17   1.24076293965916     
          19          18   1.18176982436436     
          20          19   1.45580112294820     
          21           4   1.33661223172471     
          21          17   1.13555625885707     
          21          20   1.11214949024387     
          22          19  0.969266825706815     
          23          20  0.962453524555455     
          24          23   1.91241454705928     
          25          23  0.921911772412125     
          26           1  0.425236804817569     
          27           4   1.39953617307729     
          27          26   1.21980807952157     
          28          27  0.922242433521749     
          29          28  0.955027720135096     
          30           5   1.42386755768465     
          30          26   1.22430761974703     
          30          29  0.943428131619825     
          31          28  0.958563442321323     
          32          29  0.958595092000092     
          33          32   1.00978959213835     
          34           1  0.514942285985163     
          35           5   1.32447031791617     
          35          34   1.12454978247787     
          36          35   1.14956639245811     
          37          36   1.37288266432407     
          38           2   1.19494752999611     
          38          34   1.24333364468132     
          38          37   1.12530716219728     
          39          36   1.04002502538320     
          40          37   1.13030501608290     
          41          40   1.75052539265060     
          42           2  0.955286159932018     
          42          40  0.839830334584951     
          43          42  0.933807000435376     
          44          43   1.79397446987861     
          45          43   1.10118735117122     
          46          45  0.971850238211042     
          47          16  0.951924713972757     
          48          47  0.967832772794516     
          49          48   1.90501557190217     
          50          49  0.999922762495496     
          51          49  0.947325762287697     
          52          51  0.956285881600521     
          53          52  0.982930045424380     
          54          53  0.984578337423425     
          55          54  0.987777321599368     
          56          54  0.971228754578015     
          57          56  0.973246073827566     
          58          57  0.966891095485635     
          59          58  0.974675477089039     
          60          59  0.984279931259786     
          61          59  0.963957872515346     
          62          61  0.992777148368482     
          63          62  0.988263246959285     
          64          63  0.957116044837058     
          65          64  0.982334774762575     
          66          64  0.994856478768395     
          67           3  0.939898520987995     
          68           4  0.929258420069542     
          69           5  0.927202921023401     
          70           8  0.939122725012656     
          71           9  0.942901677800316     
          72          11  0.973895363642614     
          73          11  0.976632006016387     
          74          11  0.975113892210780     
          75          12  0.966787205602227     
          76          12  0.959048579615744     
          77          13  0.944180208163089     
          78          13  0.960352539169733     
          79          22  0.975611334617580     
          80          22  0.976963059338503     
          81          22  0.972130755222399     
          82          25  0.964661817068316     
          83          25  0.974782536164378     
          84          25  0.967440558236393     
          85          28  0.944553776436133     
          86          29  0.932238310623575     
          87          31  0.980768842186699     
          88          31  0.982054169927706     
          89          31  0.977352950564800     
          90          32  0.962951710883018     
          91          32  0.962988178780200     
          92          33  0.980981575325946     
          93          33  0.982493968489638     
          94          33  0.967008933349425     
          95          39  0.966968818511902     
          96          39  0.951367672616201     
          97          39  0.956110753894530     
          98          42  0.929534931872446     
          99          46  0.990223992170103     
         100          46  0.981478246366904     
         101          46  0.981275556473350     
         102          47  0.966377447584422     
         103          47  0.963556239457284     
         104          48  0.940177454350265     
         105          50  0.976454449840717     
         106          50  0.960686768618997     
         107          50  0.970150453791641     
         108          51  0.965852305258153     
         109          51  0.966801702450487     
         110          52  0.971037447134350     
         111          52  0.964713247711309     
         112          53  0.958420821291260     
         113          53  0.956591170153041     
         114          54  0.947302586870997     
         115          55  0.979929956890354     
         116          55  0.980645822496848     
         117          55  0.975358362554869     
         118          56  0.970906028832281     
         119          56  0.961241406793188     
         120          57  0.967203327195452     
         121          57  0.974424973440428     
         122          58  0.965103598445113     
         123          58  0.961658476327540     
         124          59  0.951390252862013     
         125          60  0.974346954875813     
         126          60  0.980312341299630     
         127          60  0.979083462489458     
         128          61  0.956180144371997     
         129          61  0.963983203211724     
         130          62  0.962574621922154     
         131          62  0.958078682224391     
         132          63  0.961965105556223     
         133          63  0.962018741354536     
         134          64  0.956143347956523     
         135          65  0.981984887703327     
         136          65  0.979962180236426     
         137          65  0.974405148822558     
         138          66  0.977618821899010     
         139          66  0.978696377621619     
         140          66  0.971353541261964     
