  0.294637737242782     
  8.451412625186006E-003
 -3.069096897940682E-002
 -3.127513871936749E-002
 -4.166027572949194E-002
 -0.155596001444325     
  7.872984496300806E-003
 -3.124564349826375E-002
 -1.225348951766136E-002
  4.413502531418434E-002
 -8.411447053357346E-002
 -4.498134754341354E-002
 -4.948408671829618E-002
  0.191338633869178     
 -0.292697163415384     
 -0.154389207877327     
 -0.218337656845282     
  4.903329400071632E-002
 -1.659824770735963E-002
 -6.032696470446375E-002
  4.143412005379110E-002
 -8.675900658458779E-002
  0.149178587970508     
 -0.252585065924126     
 -8.783062222623261E-002
 -0.169596779652614     
  6.920919647831081E-002
 -3.881562982908893E-002
 -2.108117774736940E-002
  3.612204559926369E-002
 -8.144465714941962E-002
 -4.234191959314604E-002
 -9.274435799501024E-002
 -0.203888515427765     
  1.694223008299911E-003
 -6.523348911755100E-003
 -5.446082240862982E-002
 -1.374340845640809E-003
 -6.368268602773330E-002
  0.151183671585769     
 -0.236491226119178     
 -3.040733862168388E-002
  0.255984074179916     
 -0.265922160361188     
 -0.155796883173696     
  1.221725449130107E-002
  6.741933203142336E-002
 -7.555643733923390E-002
 -9.633221688927662E-003
 -0.104379453595420     
 -8.043412550732665E-002
 -5.567535364732557E-002
 -5.150110990130941E-002
 -1.975586946454833E-002
 -0.108228017161069     
 -9.728961780692114E-002
 -8.660509058698640E-002
 -6.521186594142137E-002
 -2.313182980746564E-002
 -9.767650255349913E-002
 -7.427783362889073E-002
 -5.526607545314111E-002
 -6.673576309532070E-002
 -2.568233378369911E-002
 -9.617307349925763E-002
 -0.103061183045387     
  4.636152709890773E-002
  5.300040733946021E-002
  5.715342693848091E-002
  4.997082869683378E-002
  4.553715129351188E-002
  4.123667023434674E-002
  3.640635563363315E-002
  3.951137088697643E-002
  4.549927427360567E-002
  4.746257551763788E-002
  5.668720506066305E-002
  3.277644836319260E-002
  4.229819248545119E-002
  4.928613141789384E-002
  4.554727923756174E-002
  4.927187768627050E-002
  4.711523867353729E-002
  4.923892932347618E-002
  4.911958407928274E-002
  4.660993980641037E-002
  4.643087528666179E-002
  4.500527831013335E-002
  3.804808014256555E-002
  3.877057534593320E-002
  3.681260831554134E-002
  3.928690271787516E-002
  3.209955035315526E-002
  3.288794634495040E-002
  5.805774107738570E-002
  5.895489013118382E-002
  4.373332732817481E-002
  5.770542510862275E-002
  5.019922471859573E-002
  4.943112197485477E-002
  5.058689123131466E-002
  6.941101044873499E-002
  6.897224115752221E-002
  3.544618644767894E-002
  3.466699424476771E-002
  4.494853020953737E-002
  4.144095632273015E-002
  3.514291551689308E-002
  2.571861215903626E-002
  2.921394605126604E-002
  3.441629224454179E-002
  3.882629264876414E-002
  4.028778804984479E-002
  3.407819529670442E-002
  3.374440214881236E-002
  4.032919238252364E-002
  3.481989410539721E-002
  3.236184298822520E-002
  2.060751739650790E-002
  3.284767325085480E-002
  3.644056480767055E-002
  4.716733499891301E-002
  4.347524123094626E-002
  4.246798546869712E-002
  4.275707096504611E-002
  3.690642548399969E-002
  3.837533727912701E-002
  2.504211758678387E-002
  2.876663184138173E-002
  3.194069541191014E-002
  3.818634939401278E-002
  3.679227788016259E-002
  2.278426864251737E-002
  1.977100871112802E-002
  3.434892411080048E-002
  3.840653192989241E-002
  2.813279889228282E-002
  2.894795179439980E-002
  3.593256990968696E-002
  3.973694454895016E-002
