 excitation energies, transition moments and TDA amplitudes
 state    eV      nm       fL        Rv(corr)
    1    2.241   553.3     0.6938    -2.3369    -0.86( 141-> 142)  0.35( 140-> 143) -0.24( 140-> 144)
    2    2.399   516.9     0.1397     0.1353    -0.84( 140-> 142) -0.40( 141-> 143)  0.25( 141-> 144)
    3    3.292   376.6     0.0045     2.6536    -0.96( 139-> 142) -0.10( 139-> 144) -0.09( 140-> 144)
    4    3.560   348.3     0.0783    -3.0685    -0.59( 141-> 145) -0.52( 141-> 143) -0.41( 138-> 142)
    5    3.733   332.2     0.1043     0.2623     0.68( 138-> 142) -0.53( 141-> 145)  0.19( 140-> 143)
    6    3.804   325.9     0.2101    59.8210    -0.64( 141-> 144) -0.40( 141-> 143)  0.39( 140-> 143)
    7    3.860   321.2     0.1440   -42.8800     0.61( 140-> 145)  0.32( 141-> 144) -0.32( 138-> 142)
    8    3.951   313.8     0.0037     0.1106     0.52( 135-> 142)  0.51( 137-> 142) -0.42( 134-> 142)
    9    4.030   307.7     0.0046   -16.3862    -0.67( 140-> 144) -0.47( 140-> 143)  0.30( 135-> 142)
