           6           1  0.387452318760726     
           7           2   1.42817792909927     
           7           6   1.20693287021249     
           8           7  0.911768378129620     
           9           8  0.959592105535786     
          10           3   1.40479551457055     
          10           6   1.27300698089790     
          10           9  0.933387599077295     
          11           9  0.964263642653846     
          12           8  0.933365638873416     
          13          12  0.962243405501167     
          14          13  0.956187246361001     
          15          14   1.77846780805775     
          16          14   1.11032728101125     
          17           1  0.475281886313836     
          18           3   1.28956185953994     
          18          17   1.17238508326994     
          19          18   1.18197592240333     
          20          19   1.43864687937999     
          21           4   1.26672164286280     
          21          17   1.20576813280084     
          21          20   1.09597067368540     
          22          19  0.988092968207307     
          23          20  0.996288632756759     
          24          23   1.83045563042843     
          25          23  0.963928602464843     
          26           1  0.361538998802495     
          27           4   1.41299263474498     
          27          26   1.31700724333373     
          28          27  0.905657679844615     
          29          28  0.963079008950250     
          30           5   1.45916127744643     
          30          26   1.19469431464389     
          30          29  0.925297085607285     
          31          28  0.962394091383435     
          32          29  0.974852562285628     
          33          32   1.00179365971650     
          34           1  0.606880654468847     
          35           5   1.26215317568406     
          35          34   1.12938428921181     
          36          35   1.20792139015228     
          37          36   1.35400687978942     
          38           2   1.22698856998755     
          38          34   1.13855638955602     
          38          37   1.18568556671540     
          39          36   1.00465379975113     
          40          37   1.05159167617053     
          41          40   1.81832544638009     
          42           2  0.919303248133863     
          42          40  0.873937052481569     
          43          42  0.935644748084914     
          44          43   1.82668979874867     
          45          43   1.07188535321813     
          46          45  0.974014099848274     
          47          16  0.938261991782907     
          48          47  0.992824482061055     
          49          48   1.90304254183874     
          50          49  0.977213020660294     
          51          49  0.962962801934915     
          52          51  0.962382519154646     
          53          52  0.985729034256010     
          54          53  0.994076330743507     
          55          54  0.968432464643588     
          56          54  0.966631065954019     
          57          56  0.969836870394737     
          58          57  0.972919060762233     
          59          58  0.969424255216686     
          60          59  0.982295736542458     
          61          59  0.964875549533115     
          62          61  0.979956818746883     
          63          62  0.984094575630116     
          64          63  0.974088288516473     
          65          64  0.992202782558527     
          66          64  0.981751188235428     
          67           3  0.934531561495194     
          68           4  0.936075659598068     
          69           5  0.934949743720457     
          70           8  0.940054416928074     
          71           9  0.946583276296184     
          72          11  0.977891095749191     
          73          11  0.975407892190473     
          74          11  0.976752933235369     
          75          12  0.965899387726759     
          76          12  0.963477119653249     
          77          13  0.950282407331238     
          78          13  0.963512576858321     
          79          22  0.966552692264269     
          80          22  0.964937907653888     
          81          22  0.975598003946090     
          82          25  0.958950812800814     
          83          25  0.972343675995114     
          84          25  0.962484579464284     
          85          28  0.935775966529466     
          86          29  0.927443819937381     
          87          31  0.980024921893828     
          88          31  0.981881453621410     
          89          31  0.983809361294318     
          90          32  0.961767486421351     
          91          32  0.962143276782021     
          92          33  0.982218096541525     
          93          33  0.976622282268084     
          94          33  0.984784367241591     
          95          39  0.954781294918111     
          96          39  0.971163311490302     
          97          39  0.971011895961589     
          98          42  0.930149366153445     
          99          46  0.988542772898210     
         100          46  0.980696795716693     
         101          46  0.982884450566365     
         102          47  0.957524044934025     
         103          47  0.955513280004912     
         104          48  0.932271481354901     
         105          50  0.976535238985910     
         106          50  0.966475395793358     
         107          50  0.976313461972711     
         108          51  0.957040827866694     
         109          51  0.966967724927648     
         110          52  0.970209667198505     
         111          52  0.972119722235000     
         112          53  0.956946641275883     
         113          53  0.954194574846830     
         114          54  0.951445000885088     
         115          55  0.980508965352837     
         116          55  0.982594952373829     
         117          55  0.977039611693802     
         118          56  0.960190251734141     
         119          56  0.972195030177635     
         120          57  0.974956752902479     
         121          57  0.965582946554538     
         122          58  0.959323900643092     
         123          58  0.962874443565827     
         124          59  0.955225569222458     
         125          60  0.977449064384933     
         126          60  0.983238704567417     
         127          60  0.978783002106347     
         128          61  0.969423523411687     
         129          61  0.967284888523352     
         130          62  0.968950536411803     
         131          62  0.972215493645643     
         132          63  0.964993500755786     
         133          63  0.966202715374193     
         134          64  0.961752446085154     
         135          65  0.975087675748637     
         136          65  0.981068613941987     
         137          65  0.977204940287348     
         138          66  0.982541224328338     
         139          66  0.981451421570646     
         140          66  0.976229447618672     
