 excitation energies, transition moments and TDA amplitudes
 state    eV      nm       fL        Rv(corr)
    1    2.141   579.2     0.3470   -12.0054    -0.67( 142-> 144)  0.58( 143-> 144)  0.28( 142-> 146)
    2    2.259   548.9     0.5895     2.6170     0.65( 143-> 144)  0.57( 142-> 144)  0.28( 142-> 146)
    3    2.892   428.7     0.0292    -3.0782    -0.95( 141-> 144) -0.11( 141-> 145)  0.10( 142-> 144)
    4    3.283   377.7     0.0140    -1.8202    -0.60( 143-> 146) -0.47( 140-> 144) -0.41( 143-> 147)
    5    3.370   367.9     0.1248     7.2632     0.69( 140-> 144) -0.46( 143-> 147)  0.34( 143-> 148)
    6    3.634   341.2     0.2709    28.9013     0.52( 142-> 147)  0.47( 142-> 146) -0.41( 142-> 148)
    7    3.711   334.1     0.0167   -36.6186     0.56( 137-> 144)  0.44( 143-> 145) -0.31( 142-> 147)
    8    3.770   328.9     0.0677    -1.2869    -0.66( 143-> 145)  0.50( 137-> 144) -0.27( 142-> 145)
    9    3.805   325.9     0.0526    37.1051     0.64( 142-> 145)  0.29( 139-> 144)  0.25( 142-> 146)
