  0.302337109025152     
  2.455110613899825E-002
 -2.070956792814371E-002
 -2.629432404578758E-002
 -5.519318980618060E-002
 -0.145124937814501     
  3.403223891608365E-002
 -2.230741418369409E-002
 -2.508065414701477E-002
  2.406725630323248E-002
 -8.211873331437936E-002
 -4.354140684263008E-002
 -7.478121709623586E-002
  0.231125755381083     
 -0.266988939852248     
 -0.152384811474046     
 -0.212115229053541     
  1.241938239272988E-002
 -3.701641055912663E-002
 -8.626983746010453E-002
  7.204546364699427E-002
 -7.845156445333412E-002
  0.164011316704866     
 -0.233043103913416     
 -9.891471221930459E-002
 -0.195165640761839     
  3.815037000528676E-002
 -1.401793691358755E-002
 -2.439268678336592E-002
  4.361366462034155E-002
 -7.649316556160457E-002
 -4.421325910986074E-002
 -0.107953445699128     
 -0.225103589792351     
  3.535272870709871E-002
 -2.938387579372215E-002
 -3.901294034896896E-002
  1.198429015173241E-002
 -6.917679327436410E-002
  0.118381011335175     
 -0.229987423743597     
 -5.456278009630999E-002
  0.258765590144517     
 -0.236879083657720     
 -0.162053122549572     
  8.324976760158975E-004
  6.738848479588677E-002
 -7.943093167077109E-002
 -4.472839203776413E-002
 -0.111303018323644     
 -5.528778294821990E-002
 -7.365462687947399E-002
 -7.205150150674378E-002
 -3.095542339558577E-002
 -9.585461755838320E-002
 -8.029318386615980E-002
 -7.514811873004845E-002
 -7.541217969026714E-002
 -3.350640236916380E-002
 -0.106468712178476     
 -7.121909616281386E-002
 -6.485005741988825E-002
 -8.923962862063384E-002
 -1.992285496522772E-002
 -8.753664078559620E-002
 -0.105249569542124     
  5.876091715185749E-002
  5.080839756719369E-002
  5.750923688857668E-002
  5.170441963006955E-002
  4.375118803200262E-002
  3.509168792156647E-002
  4.207608818342179E-002
  4.003909046248200E-002
  3.175024559422823E-002
  5.709432658883573E-002
  4.226438596362891E-002
  4.042288527597870E-002
  5.243615111871491E-002
  4.983213087275340E-002
  4.544104224526990E-002
  4.931334077526328E-002
  4.151702749949793E-002
  6.218032700979070E-002
  5.646147159151826E-002
  5.394874836648533E-002
  4.562994069458437E-002
  4.199901204257595E-002
  4.580942848790692E-002
  3.300549180577339E-002
  4.834124051428179E-002
  3.323347054009484E-002
  2.941626059030855E-002
  2.964668849943619E-002
  5.106568696820601E-002
  4.475094052230433E-002
  4.964517940538504E-002
  6.525019572942947E-002
  5.091936283326248E-002
  6.180795968961006E-002
  4.736157790776008E-002
  7.456163424214612E-002
  7.420873209326628E-002
  3.428773905094629E-002
  4.479930153377243E-002
  3.363653510789855E-002
  4.386121010724175E-002
  3.663507551140111E-002
  4.293287671761947E-002
  2.838650175982338E-002
  3.068416185800393E-002
  3.302975976027778E-002
  3.888748376524609E-002
  4.183799072320360E-002
  3.351573008948727E-002
  4.093591849327138E-002
  3.510564717784637E-002
  4.127861770975472E-002
  4.669564057737940E-002
  3.458233001837219E-002
  3.602114450591831E-002
  3.689216244945692E-002
  3.288180111661398E-002
  3.135757919860716E-002
  3.495036874820623E-002
  2.657037599567680E-002
  2.837445149088413E-002
  2.825463635859660E-002
  4.316746352605649E-002
  3.035553489424136E-002
  3.735805202426223E-002
  3.621069648009434E-002
  3.378804393744717E-002
  2.535148458043923E-002
  4.107909167110313E-002
  3.577063135618275E-002
  3.746249465672047E-002
  2.807424379024159E-002
  2.632603162494684E-002
  4.139155128270655E-002
