 excitation energies, transition moments and TDA amplitudes
 state    eV      nm       fL        Rv(corr)
    1    2.240   553.5     0.6890    -4.3483     0.86( 142-> 143) -0.41( 141-> 145) -0.16( 141-> 144)
    2    2.294   540.6     0.1127     0.3268    -0.85( 141-> 143) -0.37( 142-> 145)  0.19( 139-> 143)
    3    3.175   390.5     0.0015     1.2108     0.90( 140-> 143) -0.25( 142-> 145)  0.17( 141-> 144)
    4    3.500   354.3     0.0383     0.1155     0.66( 139-> 143)  0.36( 142-> 144)  0.34( 142-> 145)
    5    3.578   346.6     0.1014   -12.1626     0.63( 141-> 144)  0.39( 139-> 143) -0.35( 142-> 145)
    6    3.707   334.5     0.0172     7.9140    -0.75( 142-> 144) -0.31( 138-> 143) -0.28( 136-> 143)
    7    3.757   330.0     0.0165   -12.2475     0.62( 138-> 143)  0.36( 136-> 143)  0.31( 142-> 145)
    8    3.915   316.7     0.1616    11.4500     0.47( 142-> 146) -0.42( 142-> 147)  0.41( 141-> 144)
    9    3.957   313.3     0.0692    -3.4347     0.45( 134-> 143) -0.36( 136-> 143) -0.33( 142-> 147)
