  0.321693906297827     
  8.606340712248528E-003
 -2.576861575575506E-002
 -4.656055479745014E-002
 -2.633741745239870E-002
 -0.158679439956614     
  4.933634648970031E-002
 -4.428480936401868E-002
 -1.659784271016562E-002
  1.270356762191271E-002
 -8.080008396197336E-002
 -2.985420957468854E-002
 -6.503100086289137E-002
  0.210079479516891     
 -0.270815280934585     
 -0.144333631450995     
 -0.213255741621444     
  2.566140770775860E-002
 -2.329268589533307E-002
 -6.609126139762989E-002
  2.722527855434675E-002
 -6.250945284299370E-002
  0.148826277486070     
 -0.219800092850184     
 -0.105716028319498     
 -0.170240396403892     
  3.146522751403147E-003
  1.226086452268405E-004
 -2.448070450982254E-002
  4.516656202252101E-002
 -9.887843561073417E-002
 -6.723936679326226E-002
 -9.441520259962921E-002
 -0.216425120699794     
  3.415385991474329E-002
  1.447644179681395E-002
 -4.832331144609014E-002
  3.682073950102405E-002
 -6.480100956089441E-002
  0.146482238425038     
 -0.261462758990115     
 -2.354465073780876E-002
  0.220376358923315     
 -0.245505049802897     
 -0.186362843396852     
  1.137272129540179E-003
  5.405097405438797E-002
 -7.618812786440632E-002
 -1.140256827590758E-002
 -8.546795883016589E-002
 -7.676507425967927E-002
 -6.307644123141376E-002
 -4.934891605161340E-002
 -1.045221219496373E-002
 -0.102862574146289     
 -8.098522995503377E-002
 -8.326264916060744E-002
 -6.843218284985575E-002
 -3.396337330207189E-002
 -0.106409418095167     
 -7.563212149730525E-002
 -5.662893289345927E-002
 -7.000746643782563E-002
 -2.199011511778703E-002
 -0.109652153562219     
 -0.111755617939536     
  5.890933073039939E-002
  5.782085348068344E-002
  5.349342560018466E-002
  3.992374871976345E-002
  4.149131220367896E-002
  4.506817650295891E-002
  3.197988258104978E-002
  3.756665904785628E-002
  3.815011985668249E-002
  4.648085179753270E-002
  4.413081035832611E-002
  3.573753668863500E-002
  5.695988963861953E-002
  4.370783287836066E-002
  5.206052030389674E-002
  5.263625038145103E-002
  4.084310119409118E-002
  3.867509752383336E-002
  6.133339757022427E-002
  5.492781128553237E-002
  3.666996735215222E-002
  4.089332968077286E-002
  3.758018480877046E-002
  3.527002507055821E-002
  3.072336797562769E-002
  4.091294636893694E-002
  3.491707018242751E-002
  3.668764410621217E-002
  4.312202015305489E-002
  5.220970828425042E-002
  5.626122595862582E-002
  6.468138814270086E-002
  4.934880430588673E-002
  5.312985908080847E-002
  5.891701202165234E-002
  5.776987401250366E-002
  7.420979795138039E-002
  2.914637277093013E-002
  4.983571673203391E-002
  3.686295200614231E-002
  5.185889638402019E-002
  3.564989250664741E-002
  3.292140375309660E-002
  3.506353156399777E-002
  3.334922028650911E-002
  4.417111750041447E-002
  3.453418450858814E-002
  3.578075319763541E-002
  3.630872347748071E-002
  3.033874738986353E-002
  3.833709500518723E-002
  2.900460199253130E-002
  3.213150706122869E-002
  3.462171359203503E-002
  2.457355929410343E-002
  3.586456827233975E-002
  3.412804591876939E-002
  3.623203484441662E-002
  3.673436094490989E-002
  2.947666187932285E-002
  2.830707916996400E-002
  3.383437337793205E-002
  3.360476118321476E-002
  4.591617607482668E-002
  4.608406188212155E-002
  3.892999960245291E-002
  3.370411630586423E-002
  3.701545035046372E-002
  2.707640087994567E-002
  3.131568867337686E-002
  3.379274460473114E-002
  2.409877034268837E-002
  3.593175033947460E-002
  3.388608394559123E-002
