 excitation energies, transition moments and TDA amplitudes
 state    eV      nm       fL        Rv(corr)
    1    2.195   564.9     0.6423   -11.0853    -0.84( 143-> 144)  0.31( 142-> 146) -0.30( 142-> 144)
    2    2.383   520.2     0.2189     2.1771    -0.79( 142-> 144) -0.33( 143-> 145) -0.33( 143-> 146)
    3    3.210   386.2     0.0045   -13.9105    -0.92( 141-> 144) -0.14( 142-> 145)  0.14( 140-> 144)
    4    3.413   363.2     0.0072    -8.1661     0.64( 143-> 146) -0.64( 143-> 147) -0.27( 143-> 145)
    5    3.705   334.6     0.0692     2.0708     0.65( 140-> 144) -0.56( 143-> 145) -0.22( 139-> 144)
    6    3.811   325.3     0.0066   -39.4914    -0.54( 142-> 145)  0.48( 142-> 146)  0.44( 143-> 147)
    7    3.865   320.8     0.5048    35.2393    -0.45( 142-> 147)  0.43( 143-> 145)  0.40( 142-> 146)
    8    4.003   309.7     0.1876     8.9767     0.47( 137-> 144) -0.41( 140-> 144) -0.36( 143-> 145)
    9    4.089   303.2     0.0812    11.4420    -0.60( 139-> 144)  0.38( 137-> 144)  0.23( 142-> 147)
