           6           1  0.353006712115897     
           7           2   1.41092385011067     
           7           6   1.30925404038872     
           8           7  0.898212175173232     
           9           8  0.947388183035551     
          10           3   1.40895298279304     
          10           6   1.21989612467362     
          10           9  0.916297862712639     
          11           9  0.982755280923787     
          12           8  0.915669750168751     
          13          12   1.01056215442546     
          14          13  0.888426113062385     
          15          14   1.81873847810794     
          16          14   1.13533680692178     
          17           1  0.534757006746956     
          18           3   1.33001256666164     
          18          17   1.12312903896795     
          19          18   1.15505222588243     
          20          19   1.47013865410480     
          21           4   1.26974365567725     
          21          17   1.21771956413835     
          21          20   1.10240445761567     
          22          19  0.965369474391507     
          23          20  0.961652350743409     
          24          23   1.88055654097004     
          25          23  0.931424496785947     
          26           1  0.450710444367921     
          27           4   1.40799043259906     
          27          26   1.21374235138208     
          28          27  0.918015438910211     
          29          28  0.966646489861384     
          30           5   1.41905517453997     
          30          26   1.23999548543335     
          30          29  0.914882647871102     
          31          28  0.962701655657702     
          32          29  0.953601923768889     
          33          32   1.00308974701957     
          34           1  0.457741830549198     
          35           5   1.31363881305963     
          35          34   1.10745541534509     
          36          35   1.18438519228623     
          37          36   1.36796194899450     
          38           2   1.17494012255291     
          38          34   1.30100360209589     
          38          37   1.10631653942291     
          39          36   1.01226809092445     
          40          37   1.11212848961924     
          41          40   1.76399870041360     
          42           2  0.960511239521748     
          42          40  0.887277209883326     
          43          42  0.905327113688012     
          44          43   1.87103637456681     
          45          43   1.02620770920582     
          46          45  0.975560498372901     
          47          16  0.905343874614530     
          48          47   1.00958915851297     
          49          48   1.88169458815399     
          50          49  0.988277723421235     
          51          49  0.964286617638990     
          52          51  0.951624236818228     
          53          52  0.985774386099450     
          54          53  0.979802887397475     
          55          54  0.977154381223891     
          56          54  0.965804428227181     
          57          56  0.978662835542750     
          58          57  0.979449548526733     
          59          58  0.964137016998551     
          60          59  0.992986711415535     
          61          59  0.969420505998008     
          62          61  0.989064180421200     
          63          62  0.969886862946949     
          64          63  0.971324605261184     
          65          64  0.971506971515858     
          66          64  0.994436014190458     
          67           3  0.927801485952967     
          68           4  0.936016259106340     
          69           5  0.929667479559045     
          70           8  0.943945622993845     
          71           9  0.946914880677581     
          72          11  0.974929057017347     
          73          11  0.974390177768456     
          74          11  0.974923341157770     
          75          12  0.962188933275855     
          76          12  0.955813683577764     
          77          13  0.954110115890130     
          78          13  0.951917903167501     
          79          22  0.973625996524532     
          80          22  0.975293561737897     
          81          22  0.971974222621193     
          82          25  0.962012204114580     
          83          25  0.967331679789615     
          84          25  0.973672977523335     
          85          28  0.939178913347163     
          86          29  0.933654431739202     
          87          31  0.977203941490653     
          88          31  0.977796343297723     
          89          31  0.980002896582444     
          90          32  0.965076779765701     
          91          32  0.967066098819121     
          92          33  0.985446698339096     
          93          33  0.982656905600508     
          94          33  0.979422123355051     
          95          39  0.959116356857810     
          96          39  0.973862397390346     
          97          39  0.959434836423075     
          98          42  0.917112071180164     
          99          46  0.990453143912529     
         100          46  0.981967163638221     
         101          46  0.983820754139262     
         102          47  0.967912039963600     
         103          47  0.959202930629838     
         104          48  0.938431737735805     
         105          50  0.969085034847023     
         106          50  0.974423113354575     
         107          50  0.966625015493222     
         108          51  0.966146342673312     
         109          51  0.964373688397575     
         110          52  0.966622045429596     
         111          52  0.972355174060688     
         112          53  0.957752356281255     
         113          53  0.962320302052019     
         114          54  0.950889687402281     
         115          55  0.980297348656576     
         116          55  0.977572541274372     
         117          55  0.975304117263375     
         118          56  0.965773145513590     
         119          56  0.961131025079265     
         120          57  0.967672103755580     
         121          57  0.970144905376977     
         122          58  0.962797142541896     
         123          58  0.967806384583172     
         124          59  0.945220723428681     
         125          60  0.979258842675569     
         126          60  0.972448374453362     
         127          60  0.975769516187979     
         128          61  0.959158107918342     
         129          61  0.955263000832325     
         130          62  0.963041897089449     
         131          62  0.966795612197328     
         132          63  0.964936373951982     
         133          63  0.966084172474900     
         134          64  0.959246510113325     
         135          65  0.982702285413151     
         136          65  0.978144647061163     
         137          65  0.983398592854486     
         138          66  0.976271530180427     
         139          66  0.973576585207081     
         140          66  0.979360843163248     
