  0.274764169465815     
  2.965669865042786E-002
 -2.088171647827064E-002
 -3.004242291545545E-002
 -3.141403343961358E-002
 -0.135597663645116     
  2.515460791946555E-002
 -1.455526082971392E-002
 -1.019586183874654E-002
  1.464116596568799E-002
 -8.556015668491224E-002
 -3.697196950574622E-002
 -7.479091524244641E-002
  0.226754878004065     
 -0.266077531874238     
 -0.164672438438036     
 -0.225740004053370     
  2.696196122873085E-002
 -5.250585128784468E-002
 -6.091193885269330E-002
  2.940628700979264E-002
 -7.344081509480560E-002
  0.128908966015302     
 -0.256894529695671     
 -9.033354255228687E-002
 -0.172934617465855     
  3.083053663281010E-002
 -5.958690546857603E-003
 -2.422545352283123E-002
  3.037584335370758E-002
 -7.677601209231089E-002
 -5.432772791380991E-002
 -9.719551448870867E-002
 -0.214455727135177     
  3.090463110804675E-002
  1.599607532009273E-002
 -6.270224602151941E-002
  2.428673782290103E-002
 -5.793835096433231E-002
  0.146757727426337     
 -0.222625245008644     
 -3.024738631902224E-002
  0.228514175884734     
 -0.240711884591076     
 -0.166743935344942     
  6.816526560958547E-003
  3.771322020953116E-002
 -8.604903818408527E-002
 -1.987362739204102E-002
 -9.023298195449225E-002
 -6.373312200188863E-002
 -5.399911548059144E-002
 -6.160792109735702E-002
 -2.782878716089243E-002
 -0.108925729494811     
 -7.320330127872854E-002
 -4.943121935551442E-002
 -8.864821183296545E-002
 -4.435152242048890E-002
 -9.458720741108184E-002
 -7.356640282732219E-002
 -5.139515170395814E-002
 -8.242030891003083E-002
 -1.962209806109705E-002
 -0.113252245550004     
 -9.447992362831847E-002
  5.370843700731853E-002
  7.186858471561708E-002
  5.268054942571332E-002
  4.913875240889987E-002
  4.140551291709604E-002
  3.454654846909333E-002
  3.447368426309394E-002
  4.374083595325595E-002
  3.153468504771439E-002
  5.638670218219488E-002
  5.182438775499709E-002
  2.618424233261296E-002
  5.107333340652376E-002
  4.582963102496418E-002
  5.782730067217057E-002
  4.950853687925649E-002
  4.340148138065658E-002
  4.626869669493605E-002
  5.206657344647803E-002
  5.108326356997150E-002
  4.227905924998110E-002
  4.304750909854793E-002
  4.215150883193131E-002
  3.411755155426677E-002
  3.725892697343247E-002
  3.302912481669462E-002
  3.348255260653465E-002
  3.460162654195986E-002
  5.612399171494842E-002
  5.209698831689391E-002
  5.023270307126004E-002
  6.644090837887706E-002
  4.856572013626792E-002
  4.409639373901231E-002
  5.107271704838034E-002
  5.452723948622773E-002
  6.527873708517185E-002
  4.228456070267073E-002
  4.427092607112160E-002
  4.248749769345161E-002
  3.793644562880483E-002
  3.476746338320635E-002
  4.219499188664733E-002
  2.885401213168082E-002
  3.101590449846325E-002
  3.553597049803570E-002
  3.056979404407811E-002
  4.293430107369489E-002
  3.503415964007006E-002
  3.876241025976412E-002
  3.440262965816432E-002
  3.891550148111167E-002
  3.180796366033545E-002
  4.286192400192324E-002
  3.618243366060425E-002
  3.193394960724449E-002
  2.880264835340240E-002
  3.095252527182102E-002
  3.370861788019686E-002
  3.897164471494785E-002
  3.684868515319917E-002
  3.368488463956010E-002
  2.800092841168800E-002
  4.578759250275433E-002
  3.253438267568476E-002
  3.796663322218274E-002
  2.688781398574291E-002
  3.586138996776078E-002
  2.918768704402341E-002
  3.609637839912905E-002
  1.764178115249959E-002
  4.136819058265784E-002
  3.981345958585480E-002
  3.637006968419532E-002
