 excitation energies, transition moments and TDA amplitudes
 state    eV      nm       fL        Rv(corr)
    1    2.261   548.3     0.5057    -2.8004    -0.70( 142-> 143)  0.50( 141-> 143) -0.34( 141-> 145)
    2    2.299   539.2     0.3187   -12.7213     0.67( 141-> 143)  0.53( 142-> 143) -0.32( 142-> 145)
    3    3.060   405.1     0.0050   -20.0923    -0.90( 140-> 143) -0.24( 142-> 145)  0.16( 139-> 143)
    4    3.494   354.9     0.0316    -0.5303     0.61( 139-> 143) -0.53( 142-> 145)  0.30( 142-> 146)
    5    3.628   341.8     0.1557    17.3492     0.83( 142-> 144) -0.35( 142-> 146) -0.19( 138-> 143)
    6    3.707   334.5     0.0246     1.6176    -0.57( 142-> 146)  0.50( 139-> 143)  0.48( 142-> 148)
    7    3.809   325.5     0.0850   -28.4317    -0.41( 136-> 143) -0.36( 134-> 143)  0.27( 141-> 146)
    8    3.913   316.8     0.3974    45.9597    -0.53( 141-> 145)  0.45( 141-> 146) -0.28( 141-> 148)
    9    3.974   312.0     0.0534    -1.8623    -0.66( 136-> 143) -0.37( 141-> 144)  0.36( 135-> 143)
