           6           1  0.370140326188591     
           7           2   1.36685929313242     
           7           6   1.25403952189286     
           8           7  0.929334398188813     
           9           8  0.952821482779021     
          10           3   1.42817242397167     
          10           6   1.23923348098400     
          10           9  0.926757304554263     
          11           9  0.977086190897110     
          12           8  0.961271006614396     
          13          12  0.942318639676005     
          14          13  0.985421098205761     
          15          14   1.80161279641712     
          16          14   1.06604474394083     
          17           1  0.414246458739434     
          18           3   1.33078273062455     
          18          17   1.20934486838747     
          19          18   1.09598066050675     
          20          19   1.44216245821173     
          21           4   1.33907768750787     
          21          17   1.17032472767647     
          21          20   1.09336062031509     
          22          19   1.01368801984026     
          23          20   1.03564084789042     
          24          23   1.79029892845436     
          25          23  0.963499944094604     
          26           1  0.496890259276855     
          27           4   1.39423491795625     
          27          26   1.21852150371823     
          28          27  0.945988613256974     
          29          28  0.955753239562103     
          30           5   1.51661985164596     
          30          26   1.16266896476154     
          30          29  0.910128912700387     
          31          28  0.973369104610581     
          32          29  0.967961766247231     
          33          32  0.997118578254437     
          34           1  0.572412003713154     
          35           5   1.20156059092013     
          35          34   1.17258451727193     
          36          35   1.22840107850519     
          37          36   1.27977166568179     
          38           2   1.23299575264882     
          38          34   1.11756444692233     
          38          37   1.25132760309744     
          39          36   1.02279567099765     
          40          37   1.03692810364381     
          41          40   1.84014741283376     
          42           2  0.966271291886055     
          42          40  0.849504759206050     
          43          42  0.900016730822541     
          44          43   1.86531658150344     
          45          43   1.04959253417488     
          46          45  0.979362937074994     
          47          16  0.946020540102129     
          48          47  0.973192207616107     
          49          48   1.90618689915675     
          50          49  0.962323757607976     
          51          49  0.973961464645467     
          52          51  0.967996184771071     
          53          52   1.00111290085096     
          54          53  0.971973009278742     
          55          54  0.978667746667515     
          56          54  0.967191295303235     
          57          56  0.989817717932343     
          58          57  0.983047644565898     
          59          58  0.941215575442210     
          60          59  0.984507513971323     
          61          59  0.970313969799196     
          62          61  0.977835258160662     
          63          62  0.990673018392839     
          64          63  0.967838158020650     
          65          64   1.00178753178361     
          66          64  0.977612257560492     
          67           3  0.926074589974185     
          68           4  0.916234282316349     
          69           5  0.935791409738550     
          70           8  0.936651972553967     
          71           9  0.943080482162841     
          72          11  0.976242902955441     
          73          11  0.979445576546213     
          74          11  0.972659052724045     
          75          12  0.966940066258110     
          76          12  0.957636487726050     
          77          13  0.934096384093372     
          78          13  0.962555533799758     
          79          22  0.957152192518544     
          80          22  0.971857484142801     
          81          22  0.956846425426521     
          82          25  0.956589244676514     
          83          25  0.961314792572122     
          84          25  0.973144786682071     
          85          28  0.935071842455210     
          86          29  0.935886948647739     
          87          31  0.975390425898997     
          88          31  0.979542624290543     
          89          31  0.979244800737525     
          90          32  0.964994133209703     
          91          32  0.966129049673351     
          92          33  0.983140520724882     
          93          33  0.986001909964154     
          94          33  0.974799023928928     
          95          39  0.967200090286394     
          96          39  0.949285366477448     
          97          39  0.970552196867958     
          98          42  0.921888140301536     
          99          46  0.988972499109751     
         100          46  0.985863061828461     
         101          46  0.979472905981022     
         102          47  0.970881622619207     
         103          47  0.961458630518810     
         104          48  0.942522277560034     
         105          50  0.976019621810278     
         106          50  0.975963862187403     
         107          50  0.980499245080217     
         108          51  0.950587985943244     
         109          51  0.955238229251989     
         110          52  0.965197777192763     
         111          52  0.967237276155014     
         112          53  0.960322739364998     
         113          53  0.952499230178436     
         114          54  0.947511798358870     
         115          55  0.977068567156781     
         116          55  0.981330311286680     
         117          55  0.978527104158002     
         118          56  0.955773730040758     
         119          56  0.962490625409030     
         120          57  0.960708479318133     
         121          57  0.967072609486512     
         122          58  0.968016901000398     
         123          58  0.965282266974652     
         124          59  0.958479600833224     
         125          60  0.976585604078551     
         126          60  0.975645335124530     
         127          60  0.981975672526955     
         128          61  0.960695231390404     
         129          61  0.965092414325449     
         130          62  0.964671879592023     
         131          62  0.967805185732330     
         132          63  0.952524465064981     
         133          63  0.960560670578423     
         134          64  0.954492966122772     
         135          65  0.974859802396883     
         136          65  0.968824891857712     
         137          65  0.976384896090589     
         138          66  0.977517066581085     
         139          66  0.980217158547272     
         140          66  0.984395369601643     
