  0.277084733149586     
  1.784496877375652E-002
 -3.662364560029374E-002
 -1.614755029694859E-002
 -3.693523617361016E-002
 -0.153084312090073     
  2.220791146884737E-002
 -9.228134489340789E-004
 -1.147012975037764E-002
  2.941606593965673E-002
 -9.677031353236831E-002
 -6.401037356518202E-002
 -9.058388158590258E-002
  0.243673006178028     
 -0.272314758924280     
 -0.128286364776243     
 -0.209815571912221     
  3.491823431346974E-002
 -4.057919221627238E-002
 -6.473044066338662E-002
  4.693464176725204E-002
 -8.609794033127649E-002
  0.124453872547237     
 -0.237401953518795     
 -7.617965652897407E-002
 -0.167610616723404     
  2.816198751427113E-002
 -2.263546841698716E-002
 -2.989040669550125E-002
  5.348735071914756E-002
 -8.082940010233930E-002
 -4.418813995523507E-002
 -9.071248031293599E-002
 -0.217708089849970     
  3.717873499551461E-002
 -9.444454346426490E-003
 -4.319529469049499E-002
  7.911830029886158E-003
 -7.287131172640482E-002
  0.148265007591814     
 -0.215420521706885     
 -4.459125386411955E-002
  0.245628376134273     
 -0.267763973539668     
 -0.151891008277508     
  1.474073823198019E-002
  4.556905462032423E-002
 -7.855530476890493E-002
 -3.479425867144936E-002
 -9.106072320942094E-002
 -7.502505252305447E-002
 -7.035732269900841E-002
 -6.748292102231090E-002
 -2.728957894420780E-002
 -0.104231545972572     
 -6.674396016374207E-002
 -8.223263418954208E-002
 -6.312639888482430E-002
 -3.126424408963047E-002
 -0.112569557812663     
 -6.978705464642410E-002
 -4.176051111933088E-002
 -7.773842046356894E-002
 -2.922278832546255E-002
 -8.880389577318049E-002
 -0.111128532538953     
  6.122217023814869E-002
  5.001282200489043E-002
  5.852470939322030E-002
  5.556892918114320E-002
  5.367232332175653E-002
  4.173242154629619E-002
  3.510393542362644E-002
  3.277086781648042E-002
  4.001496182856679E-002
  4.246321783167817E-002
  4.129450008873004E-002
  2.891953912978218E-002
  4.598784883943918E-002
  5.027383249091633E-002
  4.191120766666634E-002
  4.625777167284217E-002
  5.271495099735113E-002
  5.693997601122525E-002
  5.045719512426838E-002
  4.346818271782971E-002
  3.462616781258987E-002
  4.904514229038259E-002
  4.313621845455284E-002
  3.881921015132062E-002
  3.592126476324009E-002
  3.477511544764267E-002
  3.457151623772925E-002
  3.296513667205758E-002
  5.380903373082724E-002
  5.671101542833890E-002
  4.577154691077900E-002
  5.308563487303719E-002
  5.971045896015637E-002
  5.200029589730593E-002
  4.589513181995430E-002
  5.598713699355662E-002
  5.414533793845766E-002
  3.589454812864845E-002
  3.444953122066041E-002
  5.023957740899965E-002
  5.417452720014704E-002
  3.570118368138420E-002
  4.126813515597527E-002
  4.067438293704884E-002
  2.872776859171688E-002
  4.583308031576794E-002
  3.736848510265589E-002
  3.410798165051898E-002
  2.842375128872321E-002
  3.586788442956490E-002
  3.306529807575542E-002
  2.997621049404708E-002
  4.120832008408615E-002
  3.228367925548492E-002
  3.010497644188515E-002
  3.625393995201120E-002
  3.309052827231507E-002
  3.912338528954973E-002
  3.389065918361567E-002
  3.826972132991580E-002
  2.841411208857392E-002
  3.187496198229467E-002
  3.964181779540665E-002
  3.357234446311552E-002
  3.894890836776310E-002
  2.293430442971678E-002
  3.822736288340001E-002
  2.886904421453751E-002
  3.555226647344589E-002
  4.379758860514227E-002
  3.101783179632267E-002
  3.687687193289269E-002
  3.384027257183753E-002
  2.255277616441287E-002
