 excitation energies, transition moments and TDA amplitudes
 state    eV      nm       fL        Rv(corr)
    1    2.196   564.7     0.7134    -2.7794     0.88( 142-> 143)  0.39( 141-> 145) -0.11( 135-> 144)
    2    2.436   509.0     0.0924    -2.7582     0.83( 141-> 143) -0.48( 142-> 145)  0.15( 142-> 146)
    3    3.114   398.2     0.0051   -14.4426    -0.96( 140-> 143) -0.15( 139-> 143)  0.10( 139-> 144)
    4    3.533   350.9     0.0025     4.7214    -0.76( 139-> 143) -0.45( 142-> 145) -0.32( 137-> 143)
    5    3.580   346.3     0.0008    -3.1694    -0.93( 142-> 144)  0.16( 141-> 144) -0.11( 140-> 145)
    6    3.853   321.8     0.4023    37.2531    -0.59( 142-> 145) -0.42( 142-> 146) -0.35( 141-> 143)
    7    4.094   302.9     0.0100     1.4702    -0.60( 137-> 143) -0.57( 136-> 143) -0.30( 141-> 144)
    8    4.130   300.2     0.8917     3.4922     0.50( 141-> 144)  0.46( 141-> 145)  0.37( 142-> 146)
    9    4.197   295.4     0.6423    -8.6435     0.57( 141-> 144) -0.39( 142-> 146) -0.37( 141-> 145)
