           6           1  0.392279581616687     
           7           2   1.45831012262363     
           7           6   1.16370363620608     
           8           7  0.935336111344963     
           9           8  0.947398388962967     
          10           3   1.36445560527148     
          10           6   1.28126130753981     
          10           9  0.962111639823039     
          11           9  0.958822364498200     
          12           8  0.951431601501205     
          13          12  0.957018149799686     
          14          13  0.930991726299788     
          15          14   1.83108722322256     
          16          14   1.09140497219749     
          17           1  0.530025007847086     
          18           3   1.30369344705878     
          18          17   1.14805145352353     
          19          18   1.19222665862407     
          20          19   1.39564227358243     
          21           4   1.28001652332226     
          21          17   1.15078499804628     
          21          20   1.15899151409378     
          22          19  0.991487939147324     
          23          20  0.935513786081002     
          24          23   1.83711747054186     
          25          23  0.995678547748478     
          26           1  0.347040135059384     
          27           4   1.46677049937333     
          27          26   1.21590267424039     
          28          27  0.896451331959806     
          29          28  0.969515338527585     
          30           5   1.38280790200784     
          30          26   1.30686505043927     
          30          29  0.932882402315942     
          31          28  0.956960625556485     
          32          29  0.944120147378788     
          33          32   1.00719767806587     
          34           1  0.590626197146253     
          35           5   1.30619568003493     
          35          34   1.09400493643617     
          36          35   1.24101987196717     
          37          36   1.38036394675442     
          38           2   1.17369901373749     
          38          34   1.19439759308335     
          38          37   1.16626236688200     
          39          36  0.967525723496834     
          40          37   1.05113843888326     
          41          40   1.84378939934231     
          42           2  0.959770972079147     
          42          40  0.835157211702023     
          43          42  0.908586873117274     
          44          43   1.83508913002473     
          45          43   1.08615242261034     
          46          45  0.965729427377712     
          47          16  0.967575151043750     
          48          47  0.982637876696654     
          49          48   1.89510429496337     
          50          49  0.973361271773908     
          51          49  0.975318804836771     
          52          51  0.956656073376342     
          53          52  0.996345923764632     
          54          53  0.956221502829052     
          55          54  0.989084915221764     
          56          54  0.969988809042289     
          57          56  0.976130666717755     
          58          57  0.982844995184316     
          59          58  0.970426507831800     
          60          59  0.973227961202501     
          61          59  0.965978949290347     
          62          61  0.996685244609134     
          63          62  0.991144472600851     
          64          63  0.954386461450175     
          65          64   1.00037327912955     
          66          64  0.981230738498282     
          67           3  0.935773112018332     
          68           4  0.928926169845132     
          69           5  0.928317882896499     
          70           8  0.932967657229286     
          71           9  0.938331445173811     
          72          11  0.974541807615070     
          73          11  0.981311669113086     
          74          11  0.978986704661874     
          75          12  0.971580388374088     
          76          12  0.967965455770644     
          77          13  0.945941074442107     
          78          13  0.972042470680092     
          79          22  0.972394192697116     
          80          22  0.968026247822596     
          81          22  0.961981861360661     
          82          25  0.956223646243609     
          83          25  0.949124896657714     
          84          25  0.964434939322353     
          85          28  0.949006686656118     
          86          29  0.939311909814779     
          87          31  0.984127429525002     
          88          31  0.978159366322445     
          89          31  0.979045445006601     
          90          32  0.965905497858996     
          91          32  0.966163551757176     
          92          33  0.983767936751359     
          93          33  0.979005353229988     
          94          33  0.974430998504960     
          95          39  0.970843175585233     
          96          39  0.980080564841171     
          97          39  0.973927363902631     
          98          42  0.928430824389405     
          99          46  0.978362863588747     
         100          46  0.987980513590255     
         101          46  0.990094147805571     
         102          47  0.959152260311341     
         103          47  0.951780546977178     
         104          48  0.937903072933772     
         105          50  0.974031765495346     
         106          50  0.979511060814397     
         107          50  0.969156305343684     
         108          51  0.959116348261203     
         109          51  0.953642756456682     
         110          52  0.964182940865356     
         111          52  0.972213453570399     
         112          53  0.959683698479160     
         113          53  0.958438704492439     
         114          54  0.949671431865152     
         115          55  0.979679277637577     
         116          55  0.978224219404401     
         117          55  0.976503632063731     
         118          56  0.968169356041538     
         119          56  0.965589084625777     
         120          57  0.964144078302649     
         121          57  0.965646349765236     
         122          58  0.963297056183246     
         123          58  0.963650268058854     
         124          59  0.950530175492857     
         125          60  0.978625679639850     
         126          60  0.974285144829443     
         127          60  0.982854467749818     
         128          61  0.956742623739445     
         129          61  0.955990926146643     
         130          62  0.960059212198856     
         131          62  0.961706351343075     
         132          63  0.966902211544666     
         133          63  0.957589279191738     
         134          64  0.959229070690392     
         135          65  0.970656501697434     
         136          65  0.977596902995343     
         137          65  0.977627195551584     
         138          66  0.975957988136199     
         139          66  0.982718499739408     
         140          66  0.979626539176736     
