  0.316912218250872     
  3.231117505981107E-002
 -2.201053481552862E-002
 -2.898598927285967E-002
 -7.547578452590997E-002
 -0.129102273760139     
  5.733739241871438E-002
 -3.266570162849014E-002
 -3.407393551264093E-002
  1.572669961136519E-002
 -9.695727979224067E-002
 -4.862023907219903E-002
 -6.865722291470533E-002
  0.218476028997711     
 -0.269305428395571     
 -0.126581860786628     
 -0.210962358951098     
  1.904517223456725E-002
 -3.426472228367050E-002
 -8.288726500635590E-002
  4.331257265699007E-002
 -8.305346612600584E-002
  0.165201726181401     
 -0.234393972389476     
 -9.507864634042562E-002
 -0.207139413442204     
  2.586421872453171E-002
 -1.271628155757831E-002
 -1.891319996332896E-002
  6.585055992014288E-002
 -7.987011176170533E-002
 -6.258194504574632E-002
 -8.687023547952322E-002
 -0.220726913061316     
  2.417589923367425E-002
  7.169953683317853E-003
 -3.536201921614346E-002
  4.638736079623529E-002
 -6.457862955582083E-002
  0.142321531148708     
 -0.235052662536264     
 -3.609259258637465E-002
  0.245105964194217     
 -0.245096424250388     
 -0.192009846014650     
 -1.995834322016776E-003
  4.675309119894333E-002
 -8.736357941074768E-002
 -4.402702955783155E-003
 -9.553375316468227E-002
 -6.800778264136831E-002
 -6.097068399344074E-002
 -5.612445968574598E-002
 -3.400537683193594E-002
 -0.114969118939639     
 -7.071602258594822E-002
 -5.189990352559626E-002
 -7.328791997165052E-002
 -4.187602390968248E-002
 -0.115757442001787     
 -6.310445224777794E-002
 -8.095541855590671E-002
 -4.671498931717633E-002
 -1.242859670420593E-002
 -0.116040711325342     
 -0.109007598358456     
  5.760295079944400E-002
  6.516805114949642E-002
  5.254356543360827E-002
  3.996932113015972E-002
  3.393902057246778E-002
  4.168265504041235E-002
  3.301228594796457E-002
  4.224754980720946E-002
  3.731961460621092E-002
  4.705772060582170E-002
  3.298794578989550E-002
  4.553660997999176E-002
  4.589061619611345E-002
  4.262224121212399E-002
  4.649229391049214E-002
  4.834380675642469E-002
  4.401385961652293E-002
  4.348565343167821E-002
  4.630965090412964E-002
  5.517416487380733E-002
  3.888580486627891E-002
  3.666733290920732E-002
  4.180312584723578E-002
  3.079374480876529E-002
  3.521192960441277E-002
  3.818314295158942E-002
  4.104201251347150E-002
  4.241347169047927E-002
  4.633268488881259E-002
  5.420189496708649E-002
  5.815503171406256E-002
  5.790253327626438E-002
  5.399606129051238E-002
  4.747162644770220E-002
  5.062836477180421E-002
  6.186746070550164E-002
  6.018185171633905E-002
  3.306041200454179E-002
  3.999195821913248E-002
  4.239603722611773E-002
  3.841743834308942E-002
  3.564872263376706E-002
  4.330423498854019E-002
  2.393028098834249E-002
  4.484051521950683E-002
  4.342331906538621E-002
  3.913009383679800E-002
  3.999806414760865E-002
  2.718608318333571E-002
  2.880603130130788E-002
  3.365277314741533E-002
  4.281043149591213E-002
  3.176431273347380E-002
  3.725666517727610E-002
  4.671330192631262E-002
  3.557115871758187E-002
  2.541964464364277E-002
  2.842354703005523E-002
  3.407363590322621E-002
  3.430476001387806E-002
  2.711340966666609E-002
  4.164183744646444E-002
  3.212284379728159E-002
  2.397320686017534E-002
  3.844376770300439E-002
  3.975814933001165E-002
  4.379025162974270E-002
  3.895450655252120E-002
  2.344265755659880E-002
  2.529429422754481E-002
  4.049794145469088E-002
  3.418307944413268E-002
  2.704541697302865E-002
  3.977532486109081E-002
