 excitation energies, transition moments and TDA amplitudes
 state    eV      nm       fL        Rv(corr)
    1    2.118   585.4     0.5344   -10.5112     0.83( 143-> 144)  0.33( 142-> 146)  0.29( 142-> 144)
    2    2.301   538.9     0.3455     0.7662     0.83( 142-> 144) -0.40( 143-> 146) -0.27( 143-> 144)
    3    3.230   383.9     0.0222    13.9132     0.87( 141-> 144) -0.28( 140-> 144)  0.17( 138-> 144)
    4    3.490   355.3     0.1201    10.8559     0.58( 143-> 146) -0.54( 143-> 148)  0.44( 143-> 147)
    5    3.514   352.8     0.0016    32.6975    -0.59( 143-> 145) -0.41( 142-> 145) -0.34( 141-> 144)
    6    3.602   344.2     0.0342     2.6741    -0.62( 138-> 144)  0.57( 137-> 144)  0.38( 136-> 144)
    7    3.653   339.4     0.0523    12.9274    -0.63( 140-> 144)  0.34( 142-> 145)  0.31( 137-> 144)
    8    3.859   321.3     0.0037    -6.1554     0.67( 143-> 145) -0.44( 142-> 145)  0.27( 142-> 147)
    9    4.021   308.4     0.6490    -5.1528    -0.48( 142-> 148)  0.42( 142-> 146)  0.33( 138-> 144)
