           6           1  0.324936242990557     
           7           2   1.29420640258722     
           7           6   1.39869251537957     
           8           7  0.924365801791731     
           9           8  0.964446568008834     
          10           3   1.47026503700785     
          10           6   1.15236905791556     
          10           9  0.940824136676572     
          11           9  0.945478755584803     
          12           8  0.932846892916273     
          13          12  0.989248092160007     
          14          13  0.892341135416148     
          15          14   1.81855321089411     
          16          14   1.13707143003225     
          17           1  0.524978314621259     
          18           3   1.24757318360102     
          18          17   1.15885982453598     
          19          18   1.19071451023915     
          20          19   1.39852711332491     
          21           4   1.19768957800042     
          21          17   1.23495980955604     
          21          20   1.14959379085634     
          22          19   1.01211784585691     
          23          20  0.961952097458886     
          24          23   1.86061508206378     
          25          23  0.967675341878774     
          26           1  0.479785656208063     
          27           4   1.54427392420796     
          27          26   1.11330002841194     
          28          27  0.918905988210390     
          29          28  0.947247231017368     
          30           5   1.38938689600832     
          30          26   1.28268657126474     
          30          29  0.946190796334544     
          31          28  0.985310105239094     
          32          29  0.949857476631971     
          33          32  0.995294757020909     
          34           1  0.450340028404245     
          35           5   1.23668434896472     
          35          34   1.13248743039121     
          36          35   1.22272678794341     
          37          36   1.33138963120337     
          38           2   1.25066537163289     
          38          34   1.26206162292424     
          38          37   1.13178550928855     
          39          36   1.01422327514010     
          40          37   1.11446519520712     
          41          40   1.78729578807098     
          42           2  0.955490940968209     
          42          40  0.850963556220815     
          43          42  0.935536510013483     
          44          43   1.87400276405140     
          45          43   1.00629868318077     
          46          45  0.977950307253128     
          47          16  0.947191876695513     
          48          47  0.968417055319546     
          49          48   1.87198907921511     
          50          49  0.972429962621134     
          51          49   1.00291479599677     
          52          51  0.958864304820988     
          53          52  0.989976235566996     
          54          53  0.957626652506109     
          55          54  0.988874812332699     
          56          54  0.964383330311771     
          57          56  0.985345754671607     
          58          57  0.985322395289945     
          59          58  0.967836740957659     
          60          59  0.955289253663121     
          61          59  0.981837873041055     
          62          61  0.989587539434533     
          63          62  0.967822065097395     
          64          63  0.989505851922445     
          65          64  0.979911836787149     
          66          64  0.978087060477688     
          67           3  0.934788347163975     
          68           4  0.923943123479105     
          69           5  0.941782018588478     
          70           8  0.939467880362751     
          71           9  0.945259895314596     
          72          11  0.977951757445803     
          73          11  0.983786405274091     
          74          11  0.978373569889878     
          75          12  0.965693871098279     
          76          12  0.960686861425506     
          77          13  0.964119052896351     
          78          13  0.953749487278372     
          79          22  0.960979797559236     
          80          22  0.959184041674161     
          81          22  0.971844103747996     
          82          25  0.957347807085371     
          83          25  0.970405658545193     
          84          25  0.961285089075780     
          85          28  0.941667410422388     
          86          29  0.931538965505428     
          87          31  0.976513966893317     
          88          31  0.973775426736061     
          89          31  0.978021022314785     
          90          32  0.969188223631585     
          91          32  0.969879833441218     
          92          33  0.986781379933766     
          93          33  0.968830474440149     
          94          33  0.984913166692036     
          95          39  0.971025030953076     
          96          39  0.964060011910919     
          97          39  0.956496887696722     
          98          42  0.928009090087966     
          99          46  0.986246818109439     
         100          46  0.982608456676496     
         101          46  0.987637455990476     
         102          47  0.964093154488652     
         103          47  0.968902080037448     
         104          48  0.946393829973454     
         105          50  0.973973309434871     
         106          50  0.969579695586673     
         107          50  0.976921736660145     
         108          51  0.940630477442544     
         109          51  0.951952599324471     
         110          52  0.971600605865956     
         111          52  0.954639222368400     
         112          53  0.958481522238457     
         113          53  0.967986860508956     
         114          54  0.951252671946867     
         115          55  0.979203985160691     
         116          55  0.980380867524610     
         117          55  0.973285437831165     
         118          56  0.954791273869601     
         119          56  0.965737867174862     
         120          57  0.967317727977267     
         121          57  0.963073033509984     
         122          58  0.963447710787504     
         123          58  0.964764099544813     
         124          59  0.953763072792137     
         125          60  0.985057233107085     
         126          60  0.982229346483975     
         127          60  0.984220675099798     
         128          61  0.961658202045665     
         129          61  0.958088268886448     
         130          62  0.962209703971521     
         131          62  0.969338345745097     
         132          63  0.965553701509762     
         133          63  0.958621531790455     
         134          64  0.954843552130026     
         135          65  0.980972145961468     
         136          65  0.980874845547331     
         137          65  0.974871576987944     
         138          66  0.982273955832433     
         139          66  0.980284860637123     
         140          66  0.978997222999617     
