           6           1  0.343606635580845     
           7           2   1.29317288386828     
           7           6   1.31733237707038     
           8           7  0.914228946500402     
           9           8  0.955913412243477     
          10           3   1.43882353821392     
          10           6   1.24661593252719     
          10           9  0.896572983921785     
          11           9  0.980423887935019     
          12           8  0.938276567962253     
          13          12  0.978935332902455     
          14          13  0.930693987953512     
          15          14   1.79813966795033     
          16          14   1.12662004939496     
          17           1  0.528502901009263     
          18           3   1.24445347342385     
          18          17   1.17225995580580     
          19          18   1.18260558647894     
          20          19   1.40610791018288     
          21           4   1.22346301338740     
          21          17   1.20187548580330     
          21          20   1.13530849033905     
          22          19  0.992569976841464     
          23          20  0.993953682379080     
          24          23   1.82603975087323     
          25          23  0.975650123618784     
          26           1  0.357786216326087     
          27           4   1.46492866538051     
          27          26   1.24318079802100     
          28          27  0.914899902871666     
          29          28  0.936847240166603     
          30           5   1.41663529559017     
          30          26   1.25570977820629     
          30          29  0.961813311042445     
          31          28  0.970281808198654     
          32          29  0.932236065167231     
          33          32   1.00061774373781     
          34           1  0.530340988184489     
          35           5   1.25961541627034     
          35          34   1.18766756277678     
          36          35   1.17557878515919     
          37          36   1.34904159915227     
          38           2   1.30515343257736     
          38          34   1.15113902241606     
          38          37   1.12167037459939     
          39          36  0.985957416107866     
          40          37   1.14577541536786     
          41          40   1.75364241563877     
          42           2  0.967112504345682     
          42          40  0.833956754216168     
          43          42  0.909826217881095     
          44          43   1.81561350195747     
          45          43   1.10397419754096     
          46          45  0.957479819021904     
          47          16  0.934385150107419     
          48          47  0.981985871214020     
          49          48   1.86643470368608     
          50          49  0.983496286097195     
          51          49   1.00796301132490     
          52          51  0.954334690389594     
          53          52  0.973206766254201     
          54          53  0.947956832094098     
          55          54   1.00627344149660     
          56          54  0.955710283233776     
          57          56  0.982212281789540     
          58          57  0.986850199165714     
          59          58  0.974552176787070     
          60          59  0.985155465324419     
          61          59  0.961684070482600     
          62          61  0.996860136019469     
          63          62  0.961394136978625     
          64          63  0.985670793981262     
          65          64  0.982033874860364     
          66          64  0.992587861893153     
          67           3  0.939647329228030     
          68           4  0.930571167360050     
          69           5  0.941144768194051     
          70           8  0.934698541399335     
          71           9  0.945242252475171     
          72          11  0.973618658591977     
          73          11  0.975716086336422     
          74          11  0.977498886903455     
          75          12  0.964869366593813     
          76          12  0.961196568288506     
          77          13  0.952713965172430     
          78          13  0.959217837771604     
          79          22  0.973824558889927     
          80          22  0.962411930559879     
          81          22  0.957947668640956     
          82          25  0.961972197692420     
          83          25  0.953107180207895     
          84          25  0.968199078181211     
          85          28  0.948511722020414     
          86          29  0.937108147792036     
          87          31  0.977492747178917     
          88          31  0.977434785842546     
          89          31  0.979054257506684     
          90          32  0.966325716915664     
          91          32  0.970815578991309     
          92          33  0.982740732227503     
          93          33  0.985197768428536     
          94          33  0.978757834800433     
          95          39  0.966255220158354     
          96          39  0.967482031202527     
          97          39  0.976839615528955     
          98          42  0.923375990070634     
          99          46  0.988782611224712     
         100          46  0.985470234961170     
         101          46  0.983551750196964     
         102          47  0.964316504741047     
         103          47  0.962178792732665     
         104          48  0.943734804185439     
         105          50  0.967102741842524     
         106          50  0.971822137217348     
         107          50  0.967026069824286     
         108          51  0.952694740798297     
         109          51  0.949524508997933     
         110          52  0.974701348951705     
         111          52  0.966961186595485     
         112          53  0.961059826362211     
         113          53  0.972538397286052     
         114          54  0.955169351764467     
         115          55  0.970847815322712     
         116          55  0.973752675307741     
         117          55  0.976265523313877     
         118          56  0.961523453458712     
         119          56  0.967118487404798     
         120          57  0.971585381750410     
         121          57  0.959753231893465     
         122          58  0.951524733007751     
         123          58  0.961973517865882     
         124          59  0.949533404300818     
         125          60  0.982258279444776     
         126          60  0.974678949922519     
         127          60  0.977517690497901     
         128          61  0.963516700431339     
         129          61  0.966895336188888     
         130          62  0.970549173841067     
         131          62  0.968566077827585     
         132          63  0.960533477510596     
         133          63  0.965120610095460     
         134          64  0.950972835453838     
         135          65  0.981697767383067     
         136          65  0.980303821605045     
         137          65  0.975342505698620     
         138          66  0.980342198068333     
         139          66  0.977638177157028     
         140          66  0.974329177455086     
