  0.323843261020385     
 -3.549605478696982E-003
 -3.107066393656854E-002
 -3.006790241463086E-002
 -2.180810563920765E-002
 -0.160711003876634     
  4.704312551653311E-002
 -2.088474733417556E-002
 -3.017492425664692E-002
  4.074398712597915E-002
 -8.342802482630507E-002
 -6.294753307527134E-002
 -8.806819988722481E-002
  0.238413919263761     
 -0.255321975475862     
 -0.126664929091686     
 -0.214276800328072     
  3.680942259136843E-002
  3.308860729420715E-004
 -6.252979508200873E-002
  1.329775344320172E-002
 -7.065103155486430E-002
  0.146200173316696     
 -0.255123091050042     
 -9.309134573617683E-002
 -0.176848123607703     
  4.037136425518817E-002
 -1.241817410529400E-002
 -3.246734980284316E-002
  4.779075327510807E-002
 -7.784655323791245E-002
 -6.697130913827198E-002
 -0.101411810982116     
 -0.226316068594937     
  4.344856319961066E-002
 -2.947761464748844E-003
 -2.902398938840101E-002
  3.194410076071819E-002
 -7.372443794597494E-002
  0.141964753271734     
 -0.234237188747779     
 -2.395529081523762E-002
  0.226462766803537     
 -0.281407333338537     
 -0.171821345965189     
  1.006227432945961E-002
  5.678606178539702E-002
 -7.932377846083405E-002
 -2.014460475064705E-002
 -9.071370319708727E-002
 -6.097945284555095E-002
 -6.570635694816040E-002
 -8.104667584436065E-002
 -4.784857148064248E-002
 -0.107152925331750     
 -6.374729802111112E-002
 -5.389783690637628E-002
 -8.180160719692697E-002
 -2.837644834638642E-002
 -9.697581505839725E-002
 -6.027809794543337E-002
 -6.078258526153313E-002
 -7.998577705420740E-002
 -3.597736680533004E-002
 -0.113295531471256     
 -0.108332983849565     
  5.363087585505333E-002
  6.052201520684319E-002
  5.766373743366360E-002
  5.760307174765400E-002
  5.090295484647311E-002
  4.304593707310900E-002
  3.721755915412783E-002
  3.729029388953620E-002
  3.382002179973620E-002
  3.538482561996337E-002
  3.940339760143141E-002
  3.044849764155633E-002
  5.346039787229029E-002
  5.023428995416990E-002
  4.291760265285860E-002
  4.808797611682869E-002
  4.695356286287733E-002
  5.033166161945468E-002
  5.942268856193000E-002
  4.093241326919472E-002
  4.014689909844704E-002
  4.358482937432917E-002
  3.904389262686025E-002
  3.818475272097355E-002
  2.570239748842096E-002
  2.153502018408804E-002
  4.585093829605280E-002
  3.484293036629427E-002
  4.321311401397199E-002
  4.713620759943149E-002
  4.834313990581918E-002
  7.040104686771054E-002
  4.896340237891694E-002
  5.900120115459151E-002
  3.909454203261653E-002
  6.086494294738964E-002
  6.369311917892306E-002
  3.352113442852767E-002
  4.080412356249663E-002
  3.382119344645296E-002
  4.549606566701148E-002
  3.037610908345412E-002
  3.783134762737816E-002
  3.212327896137357E-002
  3.407517305568797E-002
  2.844524063520715E-002
  4.232031797542046E-002
  3.487077732227373E-002
  3.803762757248719E-002
  3.410176700193801E-002
  2.743762352097012E-002
  3.934240852160642E-002
  3.966000285825844E-002
  3.624280086765252E-002
  3.910577626784761E-002
  2.095428118607345E-002
  4.334941764638200E-002
  3.387382541201500E-002
  4.010046732961758E-002
  4.285212279605044E-002
  2.860935521941721E-002
  3.446174391204648E-002
  4.635800048967187E-002
  3.577994016854069E-002
  3.479416731716412E-002
  3.235555372255650E-002
  4.033356588176562E-002
  3.911529977139128E-002
  3.077109844655579E-002
  3.353145461655549E-002
  2.970384982239782E-002
  2.780234717657815E-002
  3.847780274448109E-002
  3.290744787404920E-002
