 excitation energies, transition moments and TDA amplitudes
 state    eV      nm       fL        Rv(corr)
    1    2.179   568.9     0.6292    -0.7432    -0.81( 144-> 145)  0.34( 143-> 145) -0.33( 143-> 147)
    2    2.267   546.9     0.2330    -5.8781    -0.80( 143-> 145) -0.33( 144-> 145)  0.32( 144-> 147)
    3    3.074   403.3     0.0022    18.6007     0.95( 142-> 145)  0.16( 140-> 145) -0.11( 140-> 146)
    4    3.309   374.6     0.0202     4.6138    -0.66( 140-> 145)  0.51( 139-> 145) -0.37( 138-> 145)
    5    3.575   346.9     0.0519    -4.8026     0.46( 139-> 145) -0.44( 138-> 145)  0.41( 144-> 147)
    6    3.658   339.0     0.0172     1.1980     0.55( 144-> 148)  0.54( 144-> 146)  0.31( 143-> 147)
    7    3.785   327.6     0.1889   -36.8624    -0.47( 143-> 146)  0.38( 143-> 147) -0.38( 140-> 145)
    8    3.862   321.1     0.0234   -19.9364    -0.52( 144-> 146) -0.45( 143-> 148)  0.43( 144-> 147)
    9    4.006   309.5     0.1356    53.6916     0.61( 143-> 146) -0.58( 143-> 148)  0.32( 144-> 146)
