           6           1  0.374317937838113     
           7           2   1.34959222143736     
           7           6   1.29008132106475     
           8           7  0.914743725390478     
           9           8  0.941338089502560     
          10           3   1.48993238065202     
          10           6   1.20415550672224     
          10           9  0.907929484388675     
          11           9  0.977996288877611     
          12           8  0.965798982142962     
          13          12  0.978663435460576     
          14          13  0.886890696711823     
          15          14   1.84347814921723     
          16          14   1.11423335518304     
          17           1  0.506839354827425     
          18           3   1.20620530116742     
          18          17   1.21639280607388     
          19          18   1.20493126175657     
          20          19   1.37304932900786     
          21           4   1.29469484582399     
          21          17   1.13690652470628     
          21          20   1.13987912308886     
          22          19   1.00099029867427     
          23          20   1.02980955832344     
          24          23   1.81271271885452     
          25          23  0.952312690377452     
          26           1  0.381533068599010     
          27           4   1.39137712469521     
          27          26   1.25413323532014     
          28          27  0.956406604973870     
          29          28  0.932001187565274     
          30           5   1.43582886835019     
          30          26   1.22988688232974     
          30          29  0.954940125346342     
          31          28  0.971368982360114     
          32          29  0.933707692688784     
          33          32  0.998994388420658     
          34           1  0.532134226886946     
          35           5   1.26465861182313     
          35          34   1.13704827230997     
          36          35   1.24853751358319     
          37          36   1.32371860762453     
          38           2   1.29208624827384     
          38          34   1.15667339488656     
          38          37   1.16463163098821     
          39          36  0.968396551123178     
          40          37   1.13379003985329     
          41          40   1.79319403458924     
          42           2  0.913011355312048     
          42          40  0.803921560803709     
          43          42   1.00405278136063     
          44          43   1.77532821760500     
          45          43   1.04653735501427     
          46          45  0.978700075708606     
          47          16  0.949766090411614     
          48          47  0.994593858075382     
          49          48   1.87699111266798     
          50          49  0.984779160449392     
          51          49  0.987220121646956     
          52          51  0.966324247569939     
          53          52  0.970753976266287     
          54          53  0.975621222476062     
          55          54  0.988900132638700     
          56          54  0.950031482771069     
          57          56  0.987724146139946     
          58          57  0.990157269933377     
          59          58  0.960838772796488     
          60          59  0.977599406642788     
          61          59  0.970085138150700     
          62          61  0.991497721607494     
          63          62  0.982530375204329     
          64          63  0.954798757588384     
          65          64  0.982615848839128     
          66          64   1.00057893617706     
          67           3  0.936983574793554     
          68           4  0.929681709733156     
          69           5  0.932840676794280     
          70           8  0.935444829830178     
          71           9  0.943756919465701     
          72          11  0.978368684382969     
          73          11  0.977166250336071     
          74          11  0.981126703741185     
          75          12  0.957826044185551     
          76          12  0.952603333273391     
          77          13  0.953365499325735     
          78          13  0.962291861377416     
          79          22  0.956838611438363     
          80          22  0.967486918605472     
          81          22  0.975014342365218     
          82          25  0.959435992177004     
          83          25  0.972576748693778     
          84          25  0.968079281792061     
          85          28  0.933618716187194     
          86          29  0.940297918316899     
          87          31  0.978961709970092     
          88          31  0.977569505412515     
          89          31  0.977773211095927     
          90          32  0.965438265055995     
          91          32  0.969850960312018     
          92          33  0.988567654792142     
          93          33  0.977508906440077     
          94          33  0.977853505655091     
          95          39  0.969905386732911     
          96          39  0.976110810119139     
          97          39  0.981473980483211     
          98          42  0.930199581162838     
          99          46  0.988952359462052     
         100          46  0.977826934129325     
         101          46  0.988236832390108     
         102          47  0.957197225811453     
         103          47  0.954245599299383     
         104          48  0.941085770357421     
         105          50  0.968893895186187     
         106          50  0.975172779285041     
         107          50  0.973984152793577     
         108          51  0.958096403660300     
         109          51  0.956914646852592     
         110          52  0.963063978828982     
         111          52  0.968238984660443     
         112          53  0.966181600594821     
         113          53  0.956730041175431     
         114          54  0.953472809025027     
         115          55  0.978876335097989     
         116          55  0.978220172964312     
         117          55  0.984015131900378     
         118          56  0.961619069071926     
         119          56  0.967269898685631     
         120          57  0.966842354762890     
         121          57  0.963564398438226     
         122          58  0.962457577044975     
         123          58  0.959140558140298     
         124          59  0.953993788487704     
         125          60  0.977234191113396     
         126          60  0.981512326198013     
         127          60  0.982247499449307     
         128          61  0.959695517324030     
         129          61  0.962009810716731     
         130          62  0.965597533158734     
         131          62  0.963446806464661     
         132          63  0.969644971072539     
         133          63  0.961293596308671     
         134          64  0.956394149067766     
         135          65  0.979987773244179     
         136          65  0.977527457067241     
         137          65  0.982446138389762     
         138          66  0.980097616856973     
         139          66  0.972672261868117     
         140          66  0.977535590131935     
