  0.309500147338018     
  2.215758080620223E-002
 -4.991546417361725E-002
 -2.465883684537751E-002
 -7.630850161474356E-003
 -0.165594830818465     
  4.294727790543718E-002
 -3.167434142976777E-002
 -2.797476242398211E-002
  4.100590660797332E-002
 -0.100323080902998     
 -8.478301857509507E-002
 -6.999252515093168E-002
  0.228624194469307     
 -0.286941488411078     
 -0.129634466535243     
 -0.225071525133573     
  1.176111870157515E-002
 -2.994445962864312E-002
 -3.685089074727887E-002
  1.483732479208744E-002
 -8.110781377805854E-002
  0.133494648014733     
 -0.250370053354974     
 -9.140832078977024E-002
 -0.149432947720871     
  4.150780059733483E-002
 -1.614181278707072E-002
 -2.346270763068059E-002
  3.393746766757566E-002
 -9.319898349133915E-002
 -5.048878512931942E-002
 -9.553405217651623E-002
 -0.207850303927909     
  3.309961228687008E-002
  9.530987843104022E-003
 -6.153763170676019E-002
  3.294998600265231E-002
 -6.778679688844225E-002
  0.158266448483191     
 -0.231552641014635     
 -1.943849924251762E-002
  0.238196993517272     
 -0.273304734027752     
 -0.158614424987614     
  1.364846158564292E-002
  7.591919017029358E-002
 -6.655423036498220E-002
 -3.834778783382475E-002
 -9.234447426532544E-002
 -4.786545198776704E-002
 -5.418119950465172E-002
 -6.333117314312986E-002
 -3.624803773977447E-002
 -0.102085639297680     
 -9.519395776721762E-002
 -6.157322081505701E-002
 -6.091345756011268E-002
 -3.214281483696180E-002
 -0.101482403194202     
 -9.002744963162534E-002
 -6.392162211326102E-002
 -6.661241672248153E-002
 -1.721732773977092E-002
 -0.111327615630709     
 -9.309299532401827E-002
  5.375529529150802E-002
  5.693203209359532E-002
  5.136454506263433E-002
  5.436445697644610E-002
  4.997032465611317E-002
  4.048147112850964E-002
  3.185420102679570E-002
  3.520659420158978E-002
  3.487369614900837E-002
  3.433855635685679E-002
  3.490731496756949E-002
  4.447308748482559E-002
  4.935036901129009E-002
  4.376882364957380E-002
  4.894086903889128E-002
  4.997740160574748E-002
  4.468804439260476E-002
  5.654484792121417E-002
  5.108232394551293E-002
  5.085198315137063E-002
  4.408244082193902E-002
  3.104461138347081E-002
  5.010943914858601E-002
  3.638499356376834E-002
  3.824410607179096E-002
  2.996449672896706E-002
  4.405772558516230E-002
  4.308557945469149E-002
  5.028414914339041E-002
  4.591504376346145E-002
  4.655026309081145E-002
  5.979645193576144E-002
  5.179763733668796E-002
  5.540974719031155E-002
  4.792988617814897E-002
  6.166844037320363E-002
  5.149942717801070E-002
  3.555435113876415E-002
  4.131571018903846E-002
  3.757596906474370E-002
  3.989089992503680E-002
  3.886550637358344E-002
  4.241927158776071E-002
  3.138026309465358E-002
  3.043833071277879E-002
  3.646926948224216E-002
  3.648598735962516E-002
  3.446120852856371E-002
  3.127842695384098E-002
  3.382989906945655E-002
  3.266514859542013E-002
  3.132424798519784E-002
  2.524750726071689E-002
  4.257560117002235E-002
  2.740034961925564E-002
  3.713923795068985E-002
  4.052360189054760E-002
  4.300585597352979E-002
  3.292739165984115E-002
  3.344899369722165E-002
  3.956267696211824E-002
  2.735031289084811E-002
  3.012197897819990E-002
  3.434437261651802E-002
  3.042868331182536E-002
  3.737310069668898E-002
  4.105689466805529E-002
  3.597142496336736E-002
  3.202414893408800E-002
  2.627608679016258E-002
  3.317125746594607E-002
  3.242065096715152E-002
  3.288069757805079E-002
  4.054318510968291E-002
