  0.307996845175945     
  1.675269777141608E-002
 -4.008185100090511E-002
 -3.886450547373421E-002
 -2.733972410535035E-002
 -0.149616358558526     
  1.757622669374248E-002
 -6.582064527827391E-003
 -9.340868036101568E-003
  2.057666981522432E-002
 -9.773456091206345E-002
 -5.571123172675474E-002
 -6.067788470560487E-002
  0.218460044556189     
 -0.291834324066845     
 -0.140105288561022     
 -0.221660055364372     
  1.522871042097407E-002
 -4.879352322620978E-002
 -5.346841510607714E-002
  3.999355512105440E-002
 -6.813089425133079E-002
  0.143831745940266     
 -0.239551759157026     
 -9.858056929103576E-002
 -0.161786485496862     
  7.053194674674801E-002
 -2.220434895487067E-002
 -3.574509098334122E-002
  4.272752282813697E-002
 -8.312021543936421E-002
 -5.205458928833639E-002
 -9.519855266155730E-002
 -0.211048275847782     
  5.906658599915504E-002
  1.263228183829801E-002
 -7.109318282203780E-002
  4.150712595925699E-002
 -6.642686518182828E-002
  0.155774591351498     
 -0.229987915079975     
 -3.086609718161970E-002
  0.216857750787824     
 -0.279490197394590     
 -0.161221269335299     
  1.536060232044623E-002
  6.299629209601187E-002
 -8.086943647422817E-002
 -3.063800145841533E-002
 -0.118281754614812     
 -5.240152688165800E-002
 -4.216552660615758E-002
 -5.680277967106573E-002
 -1.193965611605030E-002
 -0.101812419734790     
 -6.043367074817763E-002
 -6.751824078731783E-002
 -7.751063916165357E-002
 -1.559782743350269E-002
 -0.114217875551013     
 -6.147161286664105E-002
 -8.043419130184226E-002
 -5.274880207916954E-002
 -5.943732067761331E-003
 -0.126219453714184     
 -0.105673918301307     
  5.110175011834506E-002
  6.039525736638252E-002
  5.145722263785646E-002
  5.292636780399274E-002
  5.554573156219300E-002
  4.890563772931833E-002
  3.509080965982836E-002
  4.077844204163683E-002
  3.327653581127821E-002
  4.929356585463696E-002
  5.353847990363936E-002
  3.698891391452874E-002
  5.256776105199923E-002
  5.369942677190398E-002
  5.153332652544196E-002
  4.440761222621425E-002
  4.374047922098923E-002
  4.850362250279272E-002
  5.043264798690839E-002
  3.626778560679489E-002
  3.915895842768213E-002
  3.921133941982891E-002
  3.629293358498875E-002
  4.235286120402149E-002
  2.737019076345126E-002
  2.943400633362270E-002
  3.628459726227862E-002
  3.159690218292399E-002
  4.485715154576908E-002
  3.982721157404168E-002
  5.496782957838209E-002
  5.505076076485871E-002
  4.962076072709942E-002
  5.175477657273064E-002
  5.711742818135246E-002
  7.108213296834742E-002
  8.091013771526645E-002
  2.753307833991103E-002
  2.800914596732540E-002
  3.886065961207086E-002
  4.002046402502035E-002
  3.292256222609680E-002
  3.622036868836920E-002
  3.094258363018942E-002
  3.348264949104740E-002
  2.878709797418721E-002
  2.258970942630045E-002
  2.419347313731313E-002
  3.734889758850735E-002
  2.941124145234553E-002
  3.453238762581479E-002
  3.977045616182662E-002
  2.526710241891428E-002
  2.851024766158305E-002
  2.784785653942135E-002
  3.100354379956938E-002
  2.929465098478012E-002
  4.119709278559236E-002
  3.510568272017434E-002
  3.549159296060045E-002
  3.059351504794505E-002
  3.731573142042222E-002
  4.041187594995266E-002
  2.774094915455749E-002
  3.584390344419008E-002
  4.709936758892008E-002
  3.287711964246876E-002
  4.023684541828798E-002
  2.439158854450374E-002
  2.693489338440114E-002
  3.631311202286991E-002
  4.096990502669950E-002
  3.144368399877651E-002
  2.527044292152059E-002
