 excitation energies, transition moments and TDA amplitudes
 state    eV      nm       fL        Rv(corr)
    1    2.176   569.9     0.1616   -14.1327    -0.78( 140-> 142) -0.41( 141-> 142) -0.31( 141-> 144)
    2    2.269   546.4     0.6242    -2.9749     0.79( 141-> 142) -0.40( 140-> 142) -0.37( 140-> 144)
    3    3.270   379.1     0.0042   -22.3008     0.89( 139-> 142) -0.28( 141-> 144)  0.17( 140-> 143)
    4    3.558   348.4     0.0446     5.2885     0.60( 141-> 145) -0.44( 141-> 146) -0.40( 138-> 142)
    5    3.639   340.7     0.0518    -7.8789     0.51( 138-> 142)  0.37( 141-> 143)  0.33( 141-> 144)
    6    3.767   329.1     0.0708    30.2755    -0.81( 141-> 143)  0.42( 141-> 145) -0.16( 140-> 143)
    7    3.900   317.9     0.0197   -44.4482    -0.56( 140-> 145)  0.39( 140-> 146) -0.37( 140-> 143)
    8    3.955   313.5     0.1298     9.4537    -0.38( 140-> 145)  0.34( 133-> 142)  0.30( 140-> 143)
    9    4.024   308.1     0.0814   -14.9536     0.54( 140-> 143)  0.40( 135-> 142) -0.33( 141-> 144)
