           6           1  0.406908078303464     
           7           2   1.43583425558882     
           7           6   1.17407806166901     
           8           7  0.930517086734002     
           9           8  0.959264476110001     
          10           3   1.34559961566809     
          10           6   1.28902333356563     
          10           9  0.941730066450967     
          11           9  0.943932691455196     
          12           8  0.956669761425673     
          13          12  0.965578996954678     
          14          13  0.920484595264482     
          15          14   1.81755317385633     
          16          14   1.11057693086387     
          17           1  0.495174410215278     
          18           3   1.34621474344540     
          18          17   1.16277719455596     
          19          18   1.10550132913519     
          20          19   1.47492794060912     
          21           4   1.26680972473667     
          21          17   1.21098010056373     
          21          20   1.10324793581102     
          22          19  0.986744187228634     
          23          20   1.00513762661751     
          24          23   1.84215262686830     
          25          23  0.939029908507002     
          26           1  0.426178075392840     
          27           4   1.42517405304275     
          27          26   1.29213278329903     
          28          27  0.919340897451926     
          29          28  0.950984444577193     
          30           5   1.48280905297598     
          30          26   1.16984594646166     
          30          29  0.912940472169686     
          31          28  0.980738950227004     
          32          29  0.967699971302757     
          33          32  0.991900303864712     
          34           1  0.470993208754498     
          35           5   1.24154867348537     
          35          34   1.18165163742770     
          36          35   1.17637460420481     
          37          36   1.39178797069088     
          38           2   1.21305739672526     
          38          34   1.24494456021226     
          38          37   1.13396229089441     
          39          36   1.00705120270026     
          40          37   1.05771197052046     
          41          40   1.83864671808643     
          42           2  0.938145626602547     
          42          40  0.838251731720224     
          43          42  0.946049580537873     
          44          43   1.79460448241750     
          45          43   1.08024536606366     
          46          45  0.963935544376761     
          47          16  0.941324891175078     
          48          47  0.989226048135116     
          49          48   1.90454388265265     
          50          49  0.964042860862494     
          51          49  0.985672195867910     
          52          51  0.972988671217815     
          53          52  0.995756132516459     
          54          53  0.978651374612327     
          55          54  0.979688026963066     
          56          54  0.966281569040329     
          57          56  0.994378764717724     
          58          57  0.959818231797973     
          59          58  0.971572721117208     
          60          59  0.970275557836114     
          61          59  0.998909393404971     
          62          61  0.958463970014053     
          63          62  0.977799430896348     
          64          63  0.978319102931358     
          65          64  0.988247466340310     
          66          64  0.985095793537474     
          67           3  0.935264321341351     
          68           4  0.929379255702622     
          69           5  0.933790078613569     
          70           8  0.935411896092362     
          71           9  0.943341997471204     
          72          11  0.973419988824998     
          73          11  0.980697439273181     
          74          11  0.976872281880115     
          75          12  0.963868432767077     
          76          12  0.957215416354435     
          77          13  0.953156415882996     
          78          13  0.967114835913014     
          79          22  0.965836627874176     
          80          22  0.976598933583110     
          81          22  0.963827185359566     
          82          25  0.970260297976179     
          83          25  0.973968735255338     
          84          25  0.959724631763085     
          85          28  0.941161297329252     
          86          29  0.943583239597876     
          87          31  0.975690023482446     
          88          31  0.978661999820957     
          89          31  0.974285629079175     
          90          32  0.966176754692653     
          91          32  0.970173395715395     
          92          33  0.982635519746215     
          93          33  0.982841310313193     
          94          33  0.986481235899540     
          95          39  0.957723031217793     
          96          39  0.973588016732841     
          97          39  0.972557761399030     
          98          42  0.933067409270878     
          99          46  0.990447766794239     
         100          46  0.986221330879970     
         101          46  0.982477185208829     
         102          47  0.957915868525492     
         103          47  0.956491580285737     
         104          48  0.936851314792826     
         105          50  0.978396144402501     
         106          50  0.975153578041586     
         107          50  0.973342174461488     
         108          51  0.950328160788581     
         109          51  0.958005227979510     
         110          52  0.967027253471527     
         111          52  0.963197142684955     
         112          53  0.963047809884611     
         113          53  0.960614085541670     
         114          54  0.955017856079481     
         115          55  0.976150363264848     
         116          55  0.980826377862428     
         117          55  0.981176457935184     
         118          56  0.957623491270356     
         119          56  0.967358257382327     
         120          57  0.971514600916743     
         121          57  0.969546018091689     
         122          58  0.963325054530489     
         123          58  0.966850750186836     
         124          59  0.947843534489483     
         125          60  0.977610358601434     
         126          60  0.982414968152982     
         127          60  0.976969207502881     
         128          61  0.963243891048430     
         129          61  0.960370867211467     
         130          62  0.975747488786500     
         131          62  0.965080253536070     
         132          63  0.960985740806481     
         133          63  0.966145709146514     
         134          64  0.952033504347691     
         135          65  0.977060105825403     
         136          65  0.978252478039532     
         137          65  0.971615162625437     
         138          66  0.975772403400453     
         139          66  0.978566156790094     
         140          66  0.980071637941183     
