  0.305358515538540     
  9.050393545137592E-003
 -4.751540859373904E-002
 -2.966835021678449E-002
 -1.625271012014107E-002
 -0.174492697732869     
  1.720960654219539E-002
 -2.389628617431683E-002
 -3.261460649640568E-002
  4.340607173945799E-003
 -7.456291336069487E-002
 -5.115965975170145E-002
 -5.986780791542312E-002
  0.209559380720515     
 -0.269021127385745     
 -0.183663299211585     
 -0.228730385655328     
  1.612262332581471E-002
 -4.664609371631645E-002
 -6.016735435182063E-002
  3.107146148935547E-002
 -7.953371178135349E-002
  0.109489821436676     
 -0.248122061575328     
 -7.139001554708901E-002
 -0.144416222453918     
  7.039287622819579E-002
 -2.341475851369346E-002
 -3.465544735797543E-002
  5.730404859442695E-002
 -9.915048490092904E-002
 -5.158764120860937E-002
 -9.058354239098776E-002
 -0.203423925390599     
  5.326376143646749E-002
  2.405961243310717E-002
 -6.003809762230627E-002
  3.377445370443244E-002
 -6.359047879680091E-002
  0.135015977993108     
 -0.244807054014038     
 -4.667998272480833E-002
  0.243293874430900     
 -0.279695462872539     
 -0.136270993143454     
  2.226104801911966E-002
  3.955736929287212E-002
 -6.263841163096817E-002
  3.261197469138111E-003
 -8.467708493797410E-002
 -6.164932834736625E-002
 -4.237628320135034E-002
 -7.983677522069854E-002
 -4.240558997984412E-002
 -0.117939131864576     
 -6.936860014634316E-002
 -6.012165849318762E-002
 -7.470036090942056E-002
 -2.137209483987057E-002
 -0.102262650366690     
 -6.805700485745980E-002
 -7.063322525135618E-002
 -7.791968060910914E-002
 -1.922803967812836E-002
 -0.114259972196993     
 -0.109939873704233     
  6.638092421044206E-002
  5.805904525684458E-002
  5.028134909043869E-002
  6.496615481798540E-002
  3.871352410597673E-002
  4.428489949993830E-002
  4.473148000472671E-002
  3.895359953489141E-002
  3.665940167068060E-002
  5.815212705689954E-002
  4.171993662186602E-002
  5.566712719429823E-002
  4.326248967274737E-002
  5.585778241734818E-002
  5.003062711326844E-002
  4.894680341226298E-002
  6.142270456870980E-002
  5.564857068581464E-002
  5.027916740539340E-002
  4.664143932441911E-002
  3.147580957559615E-002
  3.254785954147321E-002
  3.685355048916139E-002
  3.760698792922912E-002
  3.635898251167635E-002
  3.401091933775213E-002
  3.137795688138534E-002
  3.929244475056171E-002
  5.017970232587721E-002
  4.143944057515303E-002
  5.170137342823977E-002
  6.113528942877411E-002
  5.311805302419981E-002
  4.987234213602210E-002
  4.578176738189876E-002
  4.603638523566334E-002
  4.882673252562109E-002
  4.431833874500024E-002
  5.376658598465500E-002
  3.785488291867112E-002
  3.474294255729227E-002
  4.545567714159338E-002
  3.740207727526568E-002
  4.218100680297254E-002
  4.514558099652721E-002
  3.162285288917599E-002
  3.820276830569935E-002
  2.659985647509733E-002
  3.806115868136606E-002
  3.475729044261067E-002
  3.190493072745959E-002
  2.732749540903645E-002
  3.182182148704304E-002
  3.551189966536716E-002
  3.025269046314827E-002
  3.219168016590079E-002
  3.428866906660544E-002
  4.063561985960962E-002
  3.359922220175582E-002
  4.247468869208837E-002
  2.822906006150971E-002
  4.422136599953408E-002
  3.914919595369448E-002
  3.594764436167253E-002
  3.714404685961714E-002
  2.814612898015523E-002
  3.143683706414280E-002
  4.575999651311102E-002
  2.631096023676505E-002
  3.061931244193694E-002
  3.465947902082989E-002
  3.332427399583338E-002
  3.325767333608376E-002
  3.401725531688471E-002
