 excitation energies, transition moments and TDA amplitudes
 state    eV      nm       fL        Rv(corr)
    1    2.284   542.7     0.5162     8.7813    -0.84( 141-> 142) -0.32( 140-> 144) -0.28( 140-> 142)
    2    2.428   510.7     0.2391    12.8300    -0.80( 140-> 142)  0.44( 141-> 144)  0.28( 141-> 142)
    3    3.104   399.4     0.0322     2.8533    -0.92( 139-> 142) -0.14( 141-> 142) -0.14( 140-> 142)
    4    3.508   353.4     0.1830     5.9652     0.90( 141-> 143)  0.18( 140-> 143) -0.17( 141-> 145)
    5    3.683   336.6     0.0639    -1.4953    -0.66( 138-> 142)  0.53( 141-> 144)  0.27( 140-> 143)
    6    3.933   315.3     0.0620    15.0262     0.75( 140-> 143)  0.30( 141-> 145)  0.24( 138-> 142)
    7    3.968   312.5     0.2825    19.4726    -0.46( 141-> 144) -0.45( 138-> 142)  0.36( 141-> 145)
    8    4.065   305.0     0.0048   -16.8258     0.50( 134-> 142) -0.43( 133-> 142) -0.39( 133-> 143)
    9    4.152   298.6     0.0295    -1.6915     0.90( 141-> 147)  0.19( 140-> 147)  0.19( 140-> 145)
