           6           1  0.359445561013332     
           7           2   1.45143269440068     
           7           6   1.17969645241781     
           8           7  0.890603052587172     
           9           8  0.987701544680773     
          10           3   1.30616866116857     
          10           6   1.36829389780908     
          10           9  0.876978746551232     
          11           9  0.971203391340112     
          12           8  0.929796386099654     
          13          12  0.967463830197737     
          14          13  0.931830126563041     
          15          14   1.83929223949226     
          16          14   1.07493268277888     
          17           1  0.565174468411053     
          18           3   1.38276116640552     
          18          17   1.04745242815349     
          19          18   1.19598785642402     
          20          19   1.43968420386329     
          21           4   1.22603838771855     
          21          17   1.25862306880334     
          21          20   1.09542695275087     
          22          19  0.992108648608119     
          23          20  0.995858805661332     
          24          23   1.81264954473485     
          25          23  0.970117539217957     
          26           1  0.392428407475486     
          27           4   1.44908842502108     
          27          26   1.29658981201214     
          28          27  0.926914814962573     
          29          28  0.952742605332680     
          30           5   1.47552156957261     
          30          26   1.16711421297580     
          30          29  0.957238194423929     
          31          28  0.968189762925365     
          32          29  0.937776128533290     
          33          32   1.00309528563088     
          34           1  0.505328317671939     
          35           5   1.26334746387196     
          35          34   1.17495784986876     
          36          35   1.17292923576436     
          37          36   1.30130725880208     
          38           2   1.18436454675420     
          38          34   1.19949956394609     
          38          37   1.17148638117509     
          39          36   1.01524847488882     
          40          37   1.11889196009436     
          41          40   1.78930106599622     
          42           2  0.953042498095030     
          42          40  0.832991100329157     
          43          42  0.907783104090593     
          44          43   1.80821471661988     
          45          43   1.11629363738151     
          46          45  0.967169668691429     
          47          16  0.916416190075133     
          48          47   1.01973509524850     
          49          48   1.86917667142288     
          50          49  0.999033668965298     
          51          49  0.962307495707832     
          52          51  0.976952516903897     
          53          52  0.980647999947470     
          54          53  0.936654678042073     
          55          54  0.970128879255534     
          56          54  0.999285986382925     
          57          56  0.967793347956721     
          58          57  0.993891494615253     
          59          58  0.965822476188290     
          60          59  0.990127245773715     
          61          59  0.973961867981165     
          62          61  0.968245024085258     
          63          62  0.999961747215510     
          64          63  0.971377784296750     
          65          64  0.996223881244400     
          66          64  0.986398724816075     
          67           3  0.927814710308461     
          68           4  0.931778581420909     
          69           5  0.931493321979414     
          70           8  0.936673809118406     
          71           9  0.945672086615764     
          72          11  0.978071275608863     
          73          11  0.973363221670906     
          74          11  0.978701447139224     
          75          12  0.969172830761848     
          76          12  0.961374018863265     
          77          13  0.968428695203231     
          78          13  0.948216296019572     
          79          22  0.969172354613507     
          80          22  0.961064800952642     
          81          22  0.972849536343716     
          82          25  0.965432901651828     
          83          25  0.957334555506625     
          84          25  0.969786044562256     
          85          28  0.942972112030764     
          86          29  0.937684764435309     
          87          31  0.977884197360412     
          88          31  0.980933431601888     
          89          31  0.975415981354430     
          90          32  0.967539655613428     
          91          32  0.968915369481172     
          92          33  0.981243660225260     
          93          33  0.986716482320738     
          94          33  0.981957022799631     
          95          39  0.959476030484535     
          96          39  0.968347609417911     
          97          39  0.969499155347716     
          98          42  0.929715889888728     
          99          46  0.982708340069426     
         100          46  0.983509391272528     
         101          46  0.990038994853078     
         102          47  0.965255807318139     
         103          47  0.966569902069016     
         104          48  0.936527627731983     
         105          50  0.964259157838768     
         106          50  0.971698245082666     
         107          50  0.967185606982168     
         108          51  0.956393628561595     
         109          51  0.958544399562150     
         110          52  0.968575585092458     
         111          52  0.962849547792698     
         112          53  0.970014236883842     
         113          53  0.965001029582493     
         114          54  0.958845520637735     
         115          55  0.980215513470177     
         116          55  0.977034616182618     
         117          55  0.981185987648170     
         118          56  0.962017510815895     
         119          56  0.961539335420029     
         120          57  0.970764484930953     
         121          57  0.967625352715625     
         122          58  0.960933808246662     
         123          58  0.963052778807565     
         124          59  0.948823707031208     
         125          60  0.980717214130700     
         126          60  0.972593930442524     
         127          60  0.980809633644144     
         128          61  0.956011386318852     
         129          61  0.964010865074034     
         130          62  0.965650118453220     
         131          62  0.961457861556711     
         132          63  0.958231468952003     
         133          63  0.958104349883337     
         134          64  0.953727732988746     
         135          65  0.979177833029386     
         136          65  0.972281964587405     
         137          65  0.974842171557733     
         138          66  0.982359065339118     
         139          66  0.976946272158011     
         140          66  0.977360151234710     
