  0.302373607967856     
  2.094409168105793E-002
 -5.093765687734120E-002
 -3.291445188729547E-002
 -1.988954137516696E-002
 -0.150094840614211     
  2.348795068616694E-002
 -9.591396052408108E-003
 -2.138230939674468E-002
  3.982987939874194E-002
 -9.946684677089301E-002
 -5.931672167205715E-002
 -5.722829248344752E-002
  0.236589771404170     
 -0.284650009305482     
 -0.154183802795604     
 -0.222375077998311     
  7.627279572103518E-003
 -2.095380057884455E-002
 -5.598322681750201E-002
  4.603092671059006E-002
 -7.680801701925777E-002
  0.151131275046427     
 -0.244300484948757     
 -9.079421167123147E-002
 -0.163833548170142     
  2.728710941720047E-002
 -3.727095843257366E-003
 -1.886354651024469E-002
  3.618136985045339E-002
 -9.412426042958977E-002
 -5.597086522501016E-002
 -9.048536168580856E-002
 -0.200068737653728     
  4.312069255102147E-002
  4.293897103426758E-003
 -6.589785084011357E-002
  1.536346382508036E-002
 -6.911283712870020E-002
  0.131660986011997     
 -0.233649200741662     
 -3.321510586181198E-002
  0.234916623425312     
 -0.315042797338661     
 -0.122101663620446     
  2.067601761471627E-002
  4.597348144020685E-002
 -7.468991165379713E-002
 -1.124335828117040E-002
 -9.165033588039684E-002
 -5.373960117349341E-002
 -4.477054441252193E-002
 -7.107165626873968E-002
 -3.852012799389204E-002
 -9.221670996388909E-002
 -6.722813398947114E-002
 -7.234494955927495E-002
 -6.828544015222437E-002
 -3.120126112194033E-002
 -0.101418463314102     
 -6.828178853853561E-002
 -7.384885112061834E-002
 -6.901983326542549E-002
 -2.865804068731759E-002
 -0.104349901939744     
 -0.110919968323117     
  5.829651035414041E-002
  5.517398803728768E-002
  5.971505049628367E-002
  6.102178455944840E-002
  5.672094627787305E-002
  3.884473109425335E-002
  3.868968268640083E-002
  3.178278813347679E-002
  2.783579661416558E-002
  3.829259468332735E-002
  5.842955313311859E-002
  3.823563866054025E-002
  4.745897720339221E-002
  4.870094971294892E-002
  4.739655336936754E-002
  4.502520931940779E-002
  4.791253339477330E-002
  4.875837091734259E-002
  6.002032338714469E-002
  4.773788229071407E-002
  4.588297561062038E-002
  3.121425170879022E-002
  3.732886222556098E-002
  3.463847501172856E-002
  3.705802478975651E-002
  3.841322500359823E-002
  3.722402874811181E-002
  2.480939832901630E-002
  5.067578992537081E-002
  4.876175256350712E-002
  4.330856655841320E-002
  6.091401801834628E-002
  5.290452477309604E-002
  5.117025275526743E-002
  5.330749028408988E-002
  6.233414441103746E-002
  5.093919037839612E-002
  3.784306724777109E-002
  4.529331345483656E-002
  3.840162007650361E-002
  3.688860292771090E-002
  3.794762766197202E-002
  4.061283438797914E-002
  3.778167866819226E-002
  3.485875746277989E-002
  4.131483763818444E-002
  2.728031715830104E-002
  1.054279010526549E-002
  4.657250782593780E-002
  3.383014559650854E-002
  3.177161234661585E-002
  1.978734954653905E-002
  4.127590498320688E-002
  2.068927330756443E-002
  3.275949060796757E-002
  3.546662344138174E-002
  3.177835793069694E-002
  3.720888278126233E-002
  3.471961575069837E-002
  3.059009314374950E-002
  3.831526119102002E-002
  3.711585427579056E-002
  4.284594352544790E-002
  3.040463224129697E-002
  3.441282955085856E-002
  3.432450352173855E-002
  4.041626521934338E-002
  3.780216125341573E-002
  2.870511922257946E-002
  3.690420875427469E-002
  3.412194981780092E-002
  3.309769817697694E-002
  3.510111225590051E-002
  3.721633476861630E-002
