 excitation energies, transition moments and TDA amplitudes
 state    eV      nm       fL        Rv(corr)
    1    2.227   556.8     0.4528   -11.2456     0.79( 142-> 143)  0.38( 141-> 143)  0.36( 141-> 145)
    2    2.305   537.8     0.2991    -5.2702     0.76( 141-> 143) -0.39( 142-> 145) -0.37( 142-> 143)
    3    3.291   376.8     0.0028   -14.8377    -0.85( 140-> 143) -0.27( 139-> 143) -0.24( 141-> 144)
    4    3.526   351.7     0.0681    21.9941     0.81( 142-> 144)  0.38( 142-> 146) -0.18( 139-> 143)
    5    3.649   339.8     0.0178    -6.7741    -0.49( 142-> 146)  0.43( 142-> 147) -0.39( 142-> 145)
    6    3.683   336.6     0.0061    12.2333    -0.54( 139-> 143) -0.42( 142-> 146)  0.32( 140-> 143)
    7    3.826   324.0     0.0801    10.5221    -0.80( 141-> 144)  0.26( 142-> 144)  0.22( 142-> 147)
    8    3.934   315.1     0.5850   -15.1626    -0.64( 141-> 146) -0.36( 141-> 145)  0.26( 141-> 147)
    9    3.993   310.5     0.4153    27.8734     0.51( 142-> 145)  0.48( 141-> 147)  0.44( 139-> 143)
