           6           1  0.315553217530328     
           7           2   1.43764957224506     
           7           6   1.20162551099519     
           8           7  0.928115986826462     
           9           8  0.936061960999616     
          10           3   1.30047289441036     
          10           6   1.35722106096413     
          10           9  0.955990381873567     
          11           9  0.956110630052943     
          12           8  0.950312260025845     
          13          12  0.980274484645610     
          14          13  0.929253968579673     
          15          14   1.81797223343544     
          16          14   1.10285915240793     
          17           1  0.476242510748554     
          18           3   1.33697974856256     
          18          17   1.11558396929181     
          19          18   1.16422640102124     
          20          19   1.46465512950888     
          21           4   1.30249036365274     
          21          17   1.24818416968612     
          21          20   1.07397904916563     
          22          19  0.995694653728796     
          23          20  0.985110792116234     
          24          23   1.82235854874721     
          25          23  0.985220446072999     
          26           1  0.478069554194922     
          27           4   1.38512816540177     
          27          26   1.25381351559587     
          28          27  0.914891171345256     
          29          28  0.969604008846980     
          30           5   1.45972895070391     
          30          26   1.18428457310893     
          30          29  0.921845867404457     
          31          28  0.965803880896445     
          32          29  0.951439822986075     
          33          32   1.01304333786180     
          34           1  0.541522074425788     
          35           5   1.22663856781003     
          35          34   1.15297619295039     
          36          35   1.26384020451235     
          37          36   1.28094213279019     
          38           2   1.22408621048710     
          38          34   1.16528238155852     
          38          37   1.18602299952214     
          39          36  0.984245196591307     
          40          37   1.06706404587202     
          41          40   1.80768000635411     
          42           2  0.932222224282037     
          42          40  0.850976068063035     
          43          42  0.920549835313601     
          44          43   1.75384749390380     
          45          43   1.15435346610219     
          46          45  0.957707638056558     
          47          16  0.930804977936770     
          48          47   1.01004103509609     
          49          48   1.83942908518857     
          50          49  0.994898938686052     
          51          49  0.995411067442740     
          52          51  0.963941916355507     
          53          52  0.985763450078454     
          54          53  0.929215793272168     
          55          54  0.996714455010950     
          56          54  0.981704480900427     
          57          56  0.967367889076057     
          58          57  0.982683737671997     
          59          58  0.975422892727921     
          60          59  0.988302358490376     
          61          59  0.940040407340719     
          62          61  0.990583457449984     
          63          62  0.984400949616218     
          64          63  0.957343048232180     
          65          64  0.991897589268538     
          66          64  0.976722806295123     
          67           3  0.936446607081209     
          68           4  0.931607318982151     
          69           5  0.938118259022001     
          70           8  0.936305310197125     
          71           9  0.939158404236198     
          72          11  0.978412949767645     
          73          11  0.973382689585345     
          74          11  0.982759982663352     
          75          12  0.964170516580397     
          76          12  0.965506565105595     
          77          13  0.942551307476771     
          78          13  0.965701986857224     
          79          22  0.961542138004839     
          80          22  0.973088890326917     
          81          22  0.965292131552906     
          82          25  0.951999596140519     
          83          25  0.953848153750443     
          84          25  0.969054423460945     
          85          28  0.934298306666395     
          86          29  0.935340476668976     
          87          31  0.975562266474366     
          88          31  0.979121844402626     
          89          31  0.980589287126863     
          90          32  0.961394438496811     
          91          32  0.960449177341974     
          92          33  0.978138485406269     
          93          33  0.982262802827689     
          94          33  0.976093277571135     
          95          39  0.967349756123778     
          96          39  0.977488660705881     
          97          39  0.974548554438921     
          98          42  0.930852960643700     
          99          46  0.983412095934932     
         100          46  0.989558328258705     
         101          46  0.983383509714061     
         102          47  0.952668042449645     
         103          47  0.967005986024143     
         104          48  0.941617151443292     
         105          50  0.964290419289582     
         106          50  0.974451743059782     
         107          50  0.970683609722960     
         108          51  0.950000583358695     
         109          51  0.957448629542755     
         110          52  0.969970901833129     
         111          52  0.964323110423771     
         112          53  0.962975791026303     
         113          53  0.974472813207322     
         114          54  0.959020192264836     
         115          55  0.977499548792075     
         116          55  0.976031310812546     
         117          55  0.975565096666595     
         118          56  0.970871553326604     
         119          56  0.960708091744454     
         120          57  0.967006462190404     
         121          57  0.972032113619165     
         122          58  0.963298840227508     
         123          58  0.965068344793637     
         124          59  0.953695367609374     
         125          60  0.976583299790806     
         126          60  0.979069928469346     
         127          60  0.978792333681729     
         128          61  0.970676408260868     
         129          61  0.963205646388376     
         130          62  0.969167915142700     
         131          62  0.967719639883345     
         132          63  0.964743219000646     
         133          63  0.965649740981260     
         134          64  0.959946372213444     
         135          65  0.979666898120657     
         136          65  0.972511694322747     
         137          65  0.980546644386059     
         138          66  0.980720333721746     
         139          66  0.983207531627298     
         140          66  0.978681030583123     
