  0.282991132388214     
  1.281578297835928E-004
 -3.254247837938973E-002
 -2.583372426553066E-002
 -1.139548716614946E-002
 -0.162116526521057     
  4.189380719986335E-002
 -1.605848825554457E-002
 -2.670459737981012E-002
  1.079893186172232E-002
 -8.586324060285833E-002
 -5.214880917682940E-002
 -5.296478596207255E-002
  0.208586989536864     
 -0.265735332559841     
 -0.145769098303070     
 -0.223996499333899     
  3.919816089266526E-002
 -3.558126797167560E-002
 -4.902519189498644E-002
  8.128432395299701E-003
 -6.301417663140452E-002
  0.114150112120481     
 -0.250533615182577     
 -9.467405331804724E-002
 -0.132502140895763     
  1.863398384410253E-002
 -6.322182814903599E-003
 -1.875196570285365E-002
  1.116375370967226E-002
 -9.127006342177424E-002
 -4.915138146081866E-002
 -8.561028541063997E-002
 -0.195558153860528     
  1.838874932190171E-002
  4.128867940318415E-003
 -5.331386401178762E-002
  3.339370070967362E-002
 -5.593162491419879E-002
  0.136679829114364     
 -0.239357480044531     
 -3.252425298599970E-002
  0.249934323480479     
 -0.272797019576251     
 -0.153157209156422     
  1.664973113930124E-002
  4.375580782440158E-002
 -8.731159561681423E-002
 -1.234507988552824E-002
 -8.472751409128598E-002
 -5.708648446136166E-002
 -6.244630696898668E-002
 -7.571293877178942E-002
 -5.850250609395147E-003
 -0.104739548391061     
 -5.779597867919062E-002
 -5.598275403536501E-002
 -8.143831929727696E-002
 -4.581461252852126E-002
 -0.105115260424126     
 -6.681305729159615E-002
 -6.354127412344113E-002
 -8.603090366330957E-002
 -3.093563057466220E-002
 -0.102708029935788     
 -0.106294276003290     
  6.112958522764822E-002
  5.612244914921116E-002
  5.600138108611696E-002
  5.021069913895704E-002
  4.366739369282435E-002
  3.423305075753413E-002
  5.106215876707321E-002
  4.742495606151131E-002
  3.937803158962794E-002
  3.784906621878770E-002
  4.568879810154314E-002
  3.197101045090867E-002
  5.495387198255519E-002
  5.564384258027821E-002
  4.888406920042399E-002
  4.881864073093301E-002
  3.560656181959054E-002
  5.237185266397426E-002
  4.937345829356798E-002
  4.652262933245366E-002
  3.177580459195128E-002
  4.607439378505862E-002
  4.028920519316470E-002
  3.436051258645845E-002
  3.685162757038052E-002
  3.468433041448138E-002
  3.342293890930692E-002
  3.693910312646742E-002
  6.027437753967302E-002
  5.853881991099175E-002
  5.317717120068532E-002
  6.043155091350250E-002
  4.594607435340825E-002
  5.260799170297914E-002
  5.664697373603467E-002
  5.967910828002065E-002
  4.822986983219368E-002
  2.195581737224306E-002
  4.909140312184135E-002
  4.261165672502087E-002
  3.770035527745741E-002
  3.844667116399536E-002
  3.234795256748724E-002
  3.259542906293944E-002
  3.354339314564891E-002
  3.115754025046036E-002
  3.535427408764436E-002
  3.978789600728594E-002
  3.356227760723174E-002
  3.445359401344850E-002
  3.311311581422371E-002
  5.069241742657915E-002
  2.822142994142962E-002
  3.958942006249822E-002
  3.715031918663103E-002
  2.585371114279811E-002
  3.125108898505535E-002
  2.720916173754129E-002
  3.157619899936459E-002
  3.724880292067290E-002
  2.871725794777047E-002
  3.032723526985603E-002
  3.904746868294495E-002
  3.906256636222127E-002
  3.339503562150892E-002
  3.350623320619439E-002
  3.694107757224641E-002
  3.975217898805983E-002
  3.379523688924901E-002
  3.956815883660669E-002
  3.685631273119350E-002
  3.737830080867599E-002
  3.575228866948033E-002
  2.883370250702744E-002
