 excitation energies, transition moments and TDA amplitudes
 state    eV      nm       fL        Rv(corr)
    1    2.124   583.7     0.6922   -11.8753    -0.87( 144-> 145) -0.32( 143-> 147)  0.24( 143-> 146)
    2    2.270   546.2     0.1050     6.4678     0.80( 143-> 145)  0.35( 144-> 146) -0.30( 144-> 147)
    3    2.824   439.0     0.0080     5.9104     0.91( 142-> 145)  0.20( 144-> 146) -0.18( 141-> 145)
    4    3.373   367.6     0.0060    -3.1120    -0.64( 144-> 148)  0.52( 144-> 149)  0.45( 144-> 147)
    5    3.529   351.3     0.0018     3.1828    -0.77( 141-> 145)  0.30( 143-> 146) -0.27( 144-> 149)
    6    3.636   341.0     0.1397     3.7429     0.60( 144-> 147)  0.53( 144-> 146) -0.35( 144-> 149)
    7    3.770   328.8     0.3309     5.6882     0.45( 144-> 146) -0.37( 139-> 145) -0.33( 135-> 145)
    8    3.905   317.5     0.0389   -46.9535     0.58( 143-> 147)  0.55( 143-> 146)  0.27( 143-> 149)
    9    4.025   308.0     0.3604    25.5652     0.58( 139-> 145)  0.43( 143-> 149) -0.26( 138-> 145)
