           6           1  0.384436426953704     
           7           2   1.42448228387071     
           7           6   1.23102508522151     
           8           7  0.954768518935894     
           9           8  0.954113346864544     
          10           3   1.39291278804876     
          10           6   1.23380209417488     
          10           9  0.932290306622133     
          11           9  0.965978736094472     
          12           8  0.925776040071114     
          13          12  0.977634826670386     
          14          13  0.927871856808568     
          15          14   1.83431006022657     
          16          14   1.07409414887825     
          17           1  0.577733291907689     
          18           3   1.31475858074369     
          18          17   1.16352543190107     
          19          18   1.19615905382981     
          20          19   1.32339859050020     
          21           4   1.31992781042891     
          21          17   1.08298940396633     
          21          20   1.20067735406545     
          22          19   1.00116222912500     
          23          20   1.01713420161042     
          24          23   1.81913394040813     
          25          23  0.935211974126409     
          26           1  0.417539225862514     
          27           4   1.36318384654795     
          27          26   1.27291744052897     
          28          27  0.949250201406528     
          29          28  0.949627849025522     
          30           5   1.39829251351568     
          30          26   1.18982351146456     
          30          29  0.934229372665770     
          31          28  0.968527396758240     
          32          29  0.952993293722107     
          33          32   1.00511628449637     
          34           1  0.481838873583286     
          35           5   1.36501864955151     
          35          34   1.06098769413475     
          36          35   1.17355853158057     
          37          36   1.40507109128562     
          38           2   1.18045766905069     
          38          34   1.31242867558654     
          38          37   1.09462792132614     
          39          36  0.976638488232937     
          40          37   1.08637525311325     
          41          40   1.80548043163961     
          42           2  0.942014179313477     
          42          40  0.840380837671514     
          43          42  0.926315558512751     
          44          43   1.80431340338123     
          45          43   1.09741403529153     
          46          45  0.967584792250739     
          47          16  0.949850059575919     
          48          47  0.973629395296197     
          49          48   1.89327814002767     
          50          49   1.00888006162847     
          51          49  0.939495052031716     
          52          51  0.972370393341711     
          53          52  0.978797413409760     
          54          53  0.954186548784771     
          55          54  0.984036011973707     
          56          54  0.993841798427162     
          57          56  0.971733608943030     
          58          57  0.974701893428443     
          59          58  0.968146381683907     
          60          59  0.978477521119095     
          61          59  0.946451195795774     
          62          61   1.00239935857176     
          63          62  0.970236065878288     
          64          63  0.977357684974230     
          65          64  0.996848369071657     
          66          64  0.965421273733552     
          67           3  0.933117218151591     
          68           4  0.929713754237260     
          69           5  0.924645965809104     
          70           8  0.938383586604600     
          71           9  0.945070513810175     
          72          11  0.980859084088409     
          73          11  0.977722664344406     
          74          11  0.974775387310032     
          75          12  0.966413132241854     
          76          12  0.968677066726867     
          77          13  0.953420081468434     
          78          13  0.969637817162736     
          79          22  0.968023052690975     
          80          22  0.967002501050331     
          81          22  0.959722040763518     
          82          25  0.963854237062171     
          83          25  0.971243012747427     
          84          25  0.973447881938984     
          85          28  0.936845760344835     
          86          29  0.939220921832137     
          87          31  0.982294965264977     
          88          31  0.972225260355697     
          89          31  0.976545569853672     
          90          32  0.966091227794005     
          91          32  0.962142465915142     
          92          33  0.984479273435578     
          93          33  0.977234425872388     
          94          33  0.979259314452321     
          95          39  0.966490192073803     
          96          39  0.972246186107945     
          97          39  0.977867466334163     
          98          42  0.936162677486120     
          99          46  0.990137558600345     
         100          46  0.986502596194812     
         101          46  0.977534378665596     
         102          47  0.959805905009795     
         103          47  0.974469550326891     
         104          48  0.947496238308675     
         105          50  0.964811857263905     
         106          50  0.963135759954553     
         107          50  0.976380556884953     
         108          51  0.962265511987894     
         109          51  0.968405852976516     
         110          52  0.968963228757021     
         111          52  0.967906623522231     
         112          53  0.963140522795233     
         113          53  0.960345874912021     
         114          54  0.950232486472354     
         115          55  0.976277645285974     
         116          55  0.975785528759576     
         117          55  0.980896577236629     
         118          56  0.950594526901484     
         119          56  0.965741878673612     
         120          57  0.971862094735686     
         121          57  0.965265928981954     
         122          58  0.964663707938011     
         123          58  0.963511109485041     
         124          59  0.957920386039036     
         125          60  0.980843682742103     
         126          60  0.977548153618323     
         127          60  0.978425454374610     
         128          61  0.962642230927536     
         129          61  0.956097721870560     
         130          62  0.959531895635947     
         131          62  0.964121055201968     
         132          63  0.958400139068013     
         133          63  0.963098607409006     
         134          64  0.956559360262743     
         135          65  0.977026064716076     
         136          65  0.979310270020687     
         137          65  0.975364509773776     
         138          66  0.979156980202022     
         139          66  0.980371597764793     
         140          66  0.985080611534258     
