  0.300836617791582     
  5.750726496365655E-003
 -2.502269166141158E-002
 -1.510380349573115E-002
 -3.666247747315943E-002
 -0.132780030483478     
  2.373777156069279E-002
 -2.615465990992583E-002
 -2.787679097030171E-002
  3.477915417248756E-002
 -7.522815499487212E-002
 -3.758192009025940E-002
 -5.980038759008721E-002
  0.198216365784404     
 -0.284280659562365     
 -0.141381033865149     
 -0.216286493424131     
  4.011019418634287E-002
 -1.942168208848649E-002
 -6.331575371768583E-002
  5.784191541796524E-002
 -7.668113235230312E-002
  0.134264029996408     
 -0.261825463620216     
 -9.379580623177564E-002
 -0.178980359524910     
  3.585298137651893E-002
 -5.276894609500538E-003
 -6.074524688933103E-003
  2.766796973197216E-002
 -8.743839612837956E-002
 -6.111387135477031E-002
 -0.103057692094892     
 -0.219971802037684     
  2.054101940123898E-002
 -9.050377680600796E-003
 -5.607806055707609E-002
  2.397318991534858E-002
 -5.695238984355200E-002
  0.161703123731784     
 -0.221596286305362     
 -3.461604955712971E-002
  0.210414266791306     
 -0.286972078531848     
 -0.152720193344396     
  1.606187556673699E-002
  5.741896899728394E-002
 -6.821530063012560E-002
 -8.863203592476943E-003
 -0.105131897145968     
 -4.999735376935455E-002
 -6.387225485671433E-002
 -8.068383851198302E-002
 -3.313634718800174E-002
 -0.102797284056987     
 -7.894127332312095E-002
 -6.323327874307161E-002
 -3.495431638901447E-002
 -2.975206415907561E-002
 -0.109382640164182     
 -6.758311824047514E-002
 -5.812437633201206E-002
 -6.040102401395675E-002
 -1.354255414032934E-002
 -0.104765219749401     
 -0.118689430841828     
  6.259199546610261E-002
  5.285043991460947E-002
  4.962034521902858E-002
  4.689527823832385E-002
  3.356591579501667E-002
  3.699261644165652E-002
  4.489523009454088E-002
  4.241934852851237E-002
  3.458166330100476E-002
  4.759617304595110E-002
  3.087807803877829E-002
  4.875340901895242E-002
  4.254098975664711E-002
  4.951632605414247E-002
  4.849607846110471E-002
  4.971082593614240E-002
  4.037591636110383E-002
  4.768157524547911E-002
  5.599363670383295E-002
  5.631535474793092E-002
  4.934739692514589E-002
  3.724005755384052E-002
  3.278237614736024E-002
  3.801870838167387E-002
  3.855545621131673E-002
  4.092857816006412E-002
  2.018742379826988E-002
  4.031793527867944E-002
  5.182374399115375E-002
  5.774594018332579E-002
  4.999560758161758E-002
  5.396859217038497E-002
  5.735982347785340E-002
  6.499715304109011E-002
  4.236485768457798E-002
  6.024016934560750E-002
  6.153460385012099E-002
  3.225284203558476E-002
  4.270112380655600E-002
  4.911744100808402E-002
  3.305194210727502E-002
  3.783466999066465E-002
  4.197127391800359E-002
  3.556298895695109E-002
  3.484432064532839E-002
  4.357390943499462E-002
  2.344787337947762E-002
  3.140227919119698E-002
  3.528568018199474E-002
  3.808139754911399E-002
  2.811701363435881E-002
  2.400148229241572E-002
  3.199276893622149E-002
  4.398629878452576E-002
  3.037661006439918E-002
  3.026496948382029E-002
  4.718357713691612E-002
  1.907689372112931E-002
  3.716773657529715E-002
  2.183881130412535E-002
  3.636929908105346E-002
  3.498864378822020E-002
  2.841050926277555E-002
  2.941420178030829E-002
  2.336619229169035E-002
  4.063232444181930E-002
  2.817611674558174E-002
  4.359820679612436E-002
  2.780866713023067E-002
  3.480504044947108E-002
  3.794107458098828E-002
  2.579402867267078E-002
  4.040989618304591E-002
  3.146679722665602E-002
