           6           1  0.436339903100329     
           7           2   1.32317001568770     
           7           6   1.28945015962310     
           8           7  0.947114544066613     
           9           8  0.934381248899997     
          10           3   1.46830546813103     
          10           6   1.16064596330024     
          10           9  0.954980004854694     
          11           9  0.947809479771677     
          12           8  0.947209125933032     
          13          12  0.979218711548216     
          14          13  0.926468829898789     
          15          14   1.79406222802311     
          16          14   1.11747522982845     
          17           1  0.521411086783786     
          18           3   1.25716507933217     
          18          17   1.12614136432879     
          19          18   1.22854853179233     
          20          19   1.37743266669411     
          21           4   1.25257953860705     
          21          17   1.23922193786986     
          21          20   1.08606241672405     
          22          19   1.00390404873202     
          23          20   1.05559800683922     
          24          23   1.79376766522242     
          25          23  0.943109502800817     
          26           1  0.386314432997474     
          27           4   1.47132905888800     
          27          26   1.21317882019905     
          28          27  0.906058244855037     
          29          28  0.947535542613103     
          30           5   1.37187770977999     
          30          26   1.27428894942116     
          30          29  0.933969199429639     
          31          28  0.984799984456216     
          32          29  0.966235117191708     
          33          32  0.987533015362799     
          34           1  0.459016558804124     
          35           5   1.34826083173813     
          35          34   1.11321972309766     
          36          35   1.16391473502725     
          37          36   1.38475146095614     
          38           2   1.28110843591386     
          38          34   1.25876840005941     
          38          37   1.08732166528696     
          39          36   1.01818166077513     
          40          37   1.08624984048956     
          41          40   1.83251161566474     
          42           2  0.942876019514817     
          42          40  0.829104204783811     
          43          42  0.943096622966943     
          44          43   1.78318618063319     
          45          43   1.09515758172196     
          46          45  0.961437492224164     
          47          16  0.909544885638685     
          48          47   1.03302573128638     
          49          48   1.86575191755178     
          50          49  0.976255095560863     
          51          49  0.975744123844117     
          52          51  0.967878989939132     
          53          52  0.970481611137187     
          54          53  0.958819641354286     
          55          54  0.981789197278763     
          56          54  0.969372380550903     
          57          56  0.974097080199228     
          58          57  0.981983982882317     
          59          58  0.995868197135083     
          60          59  0.972943912054501     
          61          59  0.961480879287936     
          62          61  0.983963079413109     
          63          62  0.987606695968126     
          64          63  0.982077424821380     
          65          64  0.994022358927991     
          66          64  0.971695223591985     
          67           3  0.927217726199380     
          68           4  0.927323737844702     
          69           5  0.934698878807352     
          70           8  0.940573622689946     
          71           9  0.949991710068610     
          72          11  0.982097499306420     
          73          11  0.979528055979488     
          74          11  0.979753135153924     
          75          12  0.966277418459561     
          76          12  0.958916603187172     
          77          13  0.970558266952741     
          78          13  0.947781224798056     
          79          22  0.963928941141918     
          80          22  0.961840266725662     
          81          22  0.971813316853948     
          82          25  0.960169173312147     
          83          25  0.975312349155759     
          84          25  0.967820833648986     
          85          28  0.944621916153815     
          86          29  0.932797646655058     
          87          31  0.971125775820965     
          88          31  0.973600058128223     
          89          31  0.978050898114460     
          90          32  0.967238471919892     
          91          32  0.965405357116484     
          92          33  0.983805015998468     
          93          33  0.988780247536824     
          94          33  0.977325794864073     
          95          39  0.965099063743186     
          96          39  0.954534051362238     
          97          39  0.971844466565838     
          98          42  0.934134574409997     
          99          46  0.983563221659712     
         100          46  0.977878979537131     
         101          46  0.991740546553651     
         102          47  0.954964844855223     
         103          47  0.962839968386541     
         104          48  0.932259168655745     
         105          50  0.972219678117251     
         106          50  0.971469941178423     
         107          50  0.975910589885657     
         108          51  0.959160583538481     
         109          51  0.963739508707860     
         110          52  0.965897312824489     
         111          52  0.966286704277741     
         112          53  0.958763608104073     
         113          53  0.964880980500501     
         114          54  0.950963948877099     
         115          55  0.977824465912510     
         116          55  0.980314135020034     
         117          55  0.978461096263333     
         118          56  0.971871018154800     
         119          56  0.962288127582794     
         120          57  0.961289128728081     
         121          57  0.974353821875804     
         122          58  0.962230274130353     
         123          58  0.953958160393733     
         124          59  0.952955469620977     
         125          60  0.978165016729364     
         126          60  0.985174854943928     
         127          60  0.980759948641679     
         128          61  0.960640150465226     
         129          61  0.966716767354816     
         130          62  0.969600252357736     
         131          62  0.964456572561604     
         132          63  0.955674632527038     
         133          63  0.960782977955698     
         134          64  0.954865311259653     
         135          65  0.980569008452133     
         136          65  0.978651136319342     
         137          65  0.972982193641551     
         138          66  0.984754848295036     
         139          66  0.973787322460922     
         140          66  0.980238847067316     
