 excitation energies, transition moments and TDA amplitudes
 state    eV      nm       fL        Rv(corr)
    1    2.175   570.0     0.3489     5.6955    -0.63( 143-> 145) -0.60( 144-> 145) -0.24( 144-> 147)
    2    2.305   537.9     0.5455     0.3478     0.65( 144-> 145) -0.55( 143-> 145) -0.31( 143-> 147)
    3    2.673   463.9     0.0287     7.6564     0.92( 142-> 145) -0.24( 143-> 145) -0.14( 144-> 147)
    4    3.357   369.3     0.0351     9.0268    -0.83( 140-> 145)  0.34( 144-> 146) -0.24( 144-> 148)
    5    3.505   353.7     0.0754    24.3611    -0.62( 144-> 148)  0.46( 144-> 146)  0.39( 144-> 147)
    6    3.724   332.9     0.0131    10.9178     0.49( 139-> 145)  0.48( 138-> 145) -0.39( 144-> 148)
    7    3.774   328.5     0.0184    35.1919     0.53( 143-> 146) -0.49( 143-> 148)  0.34( 143-> 147)
    8    3.839   322.9     0.0047    -3.0596    -0.55( 138-> 145)  0.49( 137-> 145)  0.42( 138-> 146)
    9    3.898   318.1     0.3052     0.7450     0.49( 143-> 148)  0.43( 144-> 146)  0.42( 144-> 148)
