           6           1  0.371816701781819     
           7           2   1.34993230127401     
           7           6   1.28787285621444     
           8           7  0.913480987991103     
           9           8  0.958035116503344     
          10           3   1.49830866470582     
          10           6   1.18744548995620     
          10           9  0.928148730681053     
          11           9  0.954893321088665     
          12           8  0.954115814995046     
          13          12  0.969335375036333     
          14          13  0.953821347697451     
          15          14   1.86039475290491     
          16          14   1.02649670692713     
          17           1  0.423336795526508     
          18           3   1.23849575221770     
          18          17   1.22144755700343     
          19          18   1.16565045909215     
          20          19   1.42827719306217     
          21           4   1.36078778300955     
          21          17   1.18770438869651     
          21          20   1.06800099334468     
          22          19  0.962458374170149     
          23          20  0.973743455819321     
          24          23   1.79807427206786     
          25          23   1.03489000276140     
          26           1  0.437908764447678     
          27           4   1.35215317908034     
          27          26   1.25522367831942     
          28          27  0.936767810598139     
          29          28  0.959776374518734     
          30           5   1.49404341620212     
          30          26   1.19102871539308     
          30          29  0.922160559394533     
          31          28  0.943264090380564     
          32          29  0.961462456341245     
          33          32  0.995728360729821     
          34           1  0.594553492953790     
          35           5   1.20196381228026     
          35          34   1.09388483064692     
          36          35   1.37835340789609     
          37          36   1.21661079078071     
          38           2   1.21141848153390     
          38          34   1.12241995794139     
          38          37   1.25681347206819     
          39          36  0.958340738003504     
          40          37   1.14102957672071     
          41          40   1.76385079445451     
          42           2  0.958283728054683     
          42          40  0.836981674910795     
          43          42  0.936307928130202     
          44          43   1.80616002527026     
          45          43   1.05978135191496     
          46          45  0.980418700739505     
          47          16  0.968247342989939     
          48          47  0.984527852076710     
          49          48   1.87080722587933     
          50          49  0.972189997387289     
          51          49   1.00741393084306     
          52          51  0.965732104609846     
          53          52  0.973324336878284     
          54          53  0.974207421928227     
          55          54  0.981425473800648     
          56          54  0.965653458594750     
          57          56  0.987485752812415     
          58          57  0.973017700015121     
          59          58  0.977884238584567     
          60          59  0.970855949464957     
          61          59  0.972227179388610     
          62          61  0.965973819563067     
          63          62  0.998694532614318     
          64          63  0.965472959130842     
          65          64  0.980099010370033     
          66          64  0.990890996868858     
          67           3  0.931329607631250     
          68           4  0.928856657064849     
          69           5  0.931284438241978     
          70           8  0.937838193537261     
          71           9  0.947201959914596     
          72          11  0.981175580508528     
          73          11  0.978742770638579     
          74          11  0.981480504248106     
          75          12  0.967187783415759     
          76          12  0.960740466393301     
          77          13  0.948705791769799     
          78          13  0.959826423107691     
          79          22  0.977500019367582     
          80          22  0.975451448893088     
          81          22  0.972711982620830     
          82          25  0.954404985439585     
          83          25  0.959246181461869     
          84          25  0.932290097393089     
          85          28  0.944186829477084     
          86          29  0.933578530607145     
          87          31  0.982669304566559     
          88          31  0.977306463877686     
          89          31  0.979245207007605     
          90          32  0.966537468342435     
          91          32  0.966593169636612     
          92          33  0.985200938843039     
          93          33  0.983430749729657     
          94          33  0.978461579423474     
          95          39  0.972890309154324     
          96          39  0.979722447801668     
          97          39  0.981634269773430     
          98          42  0.926308726438451     
          99          46  0.978117812692983     
         100          46  0.984823367648965     
         101          46  0.986942895267688     
         102          47  0.962035727388777     
         103          47  0.956821794813217     
         104          48  0.941902947156602     
         105          50  0.969019941701363     
         106          50  0.978999978782024     
         107          50  0.975283632943921     
         108          51  0.950669315580652     
         109          51  0.952346204404004     
         110          52  0.967519875599776     
         111          52  0.966567895558558     
         112          53  0.966385712686169     
         113          53  0.963412300559492     
         114          54  0.949868234023734     
         115          55  0.977042974842026     
         116          55  0.978951873725723     
         117          55  0.981392542182139     
         118          56  0.964128860487263     
         119          56  0.957751982901704     
         120          57  0.961234116185191     
         121          57  0.964305516208683     
         122          58  0.955542359232609     
         123          58  0.960840231258849     
         124          59  0.951425476832580     
         125          60  0.976478844994795     
         126          60  0.980749931059614     
         127          60  0.981602641786397     
         128          61  0.952085351733080     
         129          61  0.966428020369505     
         130          62  0.967349830034278     
         131          62  0.969034864582378     
         132          63  0.964694795164222     
         133          63  0.951778838566019     
         134          64  0.951623642537375     
         135          65  0.974436963260527     
         136          65  0.980590594161411     
         137          65  0.976210601339034     
         138          66  0.980417199772335     
         139          66  0.976082011481140     
         140          66  0.975624646677007     
