  0.327929227752586     
  1.589561024250008E-002
 -3.225470643412809E-002
 -4.646132132389358E-002
 -3.055026755223800E-002
 -0.148712127440520     
  4.771130688178982E-002
 -2.072909736815642E-002
 -1.107430709795221E-002
  4.262463550482876E-002
 -8.308144056217426E-002
 -7.019572837317778E-002
 -6.119788602107601E-002
  0.229962873301290     
 -0.259032252348260     
 -0.174590068280935     
 -0.224264294383645     
 -1.325957077101148E-002
 -2.293447415587835E-002
 -6.588951763041440E-002
  3.518769513816888E-002
 -7.638072456336698E-002
  0.158961988200133     
 -0.242396819104240     
 -0.102483842703356     
 -0.198684052777913     
  3.315537320934103E-002
 -1.777309330035148E-002
 -2.798822607529328E-002
  4.992907417445380E-002
 -7.311796984603536E-002
 -5.794396965672366E-002
 -9.456919010167386E-002
 -0.212428441701649     
  4.110810721553682E-002
 -6.197922171071291E-003
 -5.790162758107620E-002
  3.979311606363156E-002
 -6.843386375830995E-002
  0.145346474402521     
 -0.239949521635182     
 -1.458808112534982E-002
  0.243766147059900     
 -0.279932050579741     
 -0.169118058768360     
  4.915341518433980E-003
  4.202753844105311E-002
 -6.632262287740254E-002
 -1.606141942787787E-002
 -8.608152223278154E-002
 -5.451764840342577E-002
 -7.045147849367250E-002
 -7.667577483213428E-002
 -1.199362921107294E-002
 -0.112104717050042     
 -6.487625564193511E-002
 -6.581648036630838E-002
 -6.802242314489160E-002
 -2.080089164713694E-002
 -0.113553593592079     
 -7.009226735517160E-002
 -6.238995167516048E-002
 -6.721320387651986E-002
 -4.250349232884254E-003
 -0.134818630744941     
 -8.220938643257014E-002
  4.746066819282657E-002
  6.074154983633939E-002
  5.924531552915790E-002
  5.837293283003819E-002
  5.384882611330644E-002
  3.537125397628782E-002
  3.638265685021869E-002
  4.215359454084466E-002
  4.259479790370313E-002
  3.635957471102969E-002
  5.007958879932839E-002
  3.864391451698745E-002
  4.944713580135540E-002
  4.604604275142243E-002
  5.395427831268107E-002
  4.855996284659381E-002
  4.462584848918016E-002
  4.064245401087307E-002
  4.804330030492332E-002
  4.836024085296209E-002
  4.260245751439906E-002
  4.064876359245861E-002
  4.165958583811180E-002
  3.723534005240370E-002
  3.691271477686808E-002
  3.295220726325976E-002
  3.917558350144590E-002
  3.376203735264904E-002
  4.521964684382029E-002
  4.894251007034633E-002
  5.182040310219227E-002
  6.719570922968310E-002
  4.627172640445010E-002
  4.503269573227953E-002
  6.585958222539201E-002
  5.695515664164930E-002
  6.662789088406396E-002
  3.414105341238949E-002
  4.587132533578520E-002
  4.027394250222127E-002
  4.821743210994256E-002
  3.506767951625045E-002
  3.602002492691914E-002
  2.705804493802533E-002
  2.564577718244243E-002
  2.166391982725535E-002
  3.910979085527388E-002
  4.324176323291296E-002
  3.372188583160418E-002
  2.501241935148246E-002
  3.563001673279120E-002
  2.783070420680567E-002
  3.674174738821945E-002
  2.389988293380285E-002
  3.185118629350248E-002
  2.107947464944926E-002
  3.603770407873053E-002
  3.597091596943236E-002
  2.574161984312062E-002
  4.094314951358680E-002
  3.391563006799181E-002
  2.872428307643649E-002
  3.434402262871827E-002
  3.405043008212383E-002
  3.968614553223260E-002
  4.991086824274638E-002
  3.231767758316095E-002
  4.087855799013829E-002
  3.036338565327190E-002
  2.459584152486327E-002
  2.703438870976760E-002
  3.327616303442582E-002
  3.620951940047989E-002
  3.816592997121337E-002
