           6           1  0.316540491153169     
           7           2   1.38158881799955     
           7           6   1.33052357899672     
           8           7  0.914105015273526     
           9           8  0.933590310035516     
          10           3   1.50604399240284     
          10           6   1.20574565128377     
          10           9  0.939565523207400     
          11           9  0.990965711819175     
          12           8  0.965155683606372     
          13          12  0.977677117155932     
          14          13  0.918892861111602     
          15          14   1.85721204308778     
          16          14   1.06846600747044     
          17           1  0.553983116549523     
          18           3   1.17616228083692     
          18          17   1.15176886174567     
          19          18   1.20001027392195     
          20          19   1.43725990685653     
          21           4   1.22895625731399     
          21          17   1.21207470981277     
          21          20   1.15098298389069     
          22          19  0.989024777008012     
          23          20  0.968031182064432     
          24          23   1.85649507921151     
          25          23  0.961168659842500     
          26           1  0.449799731767766     
          27           4   1.46468757227749     
          27          26   1.21455233442763     
          28          27  0.916522184396754     
          29          28  0.948914948118732     
          30           5   1.44868122031417     
          30          26   1.19736102511812     
          30          29  0.933502443206961     
          31          28  0.978384681562443     
          32          29  0.952665835207132     
          33          32  0.996852858430482     
          34           1  0.450688732198492     
          35           5   1.29384508414449     
          35          34   1.09666797107077     
          36          35   1.20464549839996     
          37          36   1.37844261612399     
          38           2   1.16924320596148     
          38          34   1.32776027526569     
          38          37   1.10702468799646     
          39          36  0.993304431012873     
          40          37   1.08149487455022     
          41          40   1.79217606652867     
          42           2  0.948847764902489     
          42          40  0.869237718021877     
          43          42  0.934461269831450     
          44          43   1.82088111744552     
          45          43   1.06608708779196     
          46          45  0.968786526827237     
          47          16  0.935235538901697     
          48          47  0.994236850774701     
          49          48   1.87584339361486     
          50          49  0.981770571505016     
          51          49  0.983805582710367     
          52          51  0.955422507875462     
          53          52  0.969329177797187     
          54          53  0.964607889649517     
          55          54  0.976687886330513     
          56          54  0.961268604005239     
          57          56  0.986790588292467     
          58          57  0.980025402353828     
          59          58  0.978225877022125     
          60          59  0.974205516948953     
          61          59  0.973506089150149     
          62          61  0.988284792529945     
          63          62  0.989274688987750     
          64          63  0.958238016119367     
          65          64  0.964419287375864     
          66          64   1.02390280980705     
          67           3  0.937069936630376     
          68           4  0.934794241858034     
          69           5  0.930603822835727     
          70           8  0.938818057979290     
          71           9  0.934458472868803     
          72          11  0.977358752376585     
          73          11  0.972629750915430     
          74          11  0.973543173923046     
          75          12  0.953918093154297     
          76          12  0.954608871723539     
          77          13  0.947135141742657     
          78          13  0.964836641713326     
          79          22  0.968777353130897     
          80          22  0.966956218531446     
          81          22  0.967947681791700     
          82          25  0.958405018561219     
          83          25  0.959232625229326     
          84          25  0.971785222302907     
          85          28  0.944516532887880     
          86          29  0.939008430636726     
          87          31  0.972503157157339     
          88          31  0.978210838103815     
          89          31  0.974634313554649     
          90          32  0.967268640809529     
          91          32  0.968858086970388     
          92          33  0.975282678184620     
          93          33  0.985571931943170     
          94          33  0.985935071459254     
          95          39  0.972884404062992     
          96          39  0.965158856762263     
          97          39  0.973584753369493     
          98          42  0.926265441021319     
          99          46  0.990434560605604     
         100          46  0.986466671253182     
         101          46  0.976196427960591     
         102          47  0.964580475449830     
         103          47  0.960381469512021     
         104          48  0.944318515093279     
         105          50  0.973502590075252     
         106          50  0.971228225648488     
         107          50  0.973291650365128     
         108          51  0.962911194931016     
         109          51  0.961551161574984     
         110          52  0.973348298758721     
         111          52  0.974655554926913     
         112          53  0.966732238545140     
         113          53  0.965336053966586     
         114          54  0.954473487785469     
         115          55  0.980357051742827     
         116          55  0.980077838346887     
         117          55  0.980231702923512     
         118          56  0.962265988282771     
         119          56  0.962171873811615     
         120          57  0.973095344321459     
         121          57  0.963672866046853     
         122          58  0.965569696225039     
         123          58  0.960979893954008     
         124          59  0.954299252215620     
         125          60  0.983046964676329     
         126          60  0.975683105798457     
         127          60  0.979420720522914     
         128          61  0.961994241398587     
         129          61  0.964475660279212     
         130          62  0.968197561951517     
         131          62  0.963375539648216     
         132          63  0.956235017008291     
         133          63  0.962119203970764     
         134          64  0.951227477510539     
         135          65  0.977655726577710     
         136          65  0.978243343802459     
         137          65  0.982291479885782     
         138          66  0.973706052634423     
         139          66  0.967388754460949     
         140          66  0.972377353807596     
