  0.298699891710843     
  1.147692117359389E-002
 -2.205293581817802E-002
 -1.956603362361964E-002
 -4.638277385102452E-002
 -0.133200763671003     
 -6.260066790943597E-003
 -2.402601266292415E-002
 -3.595196397176448E-002
  5.804667307155409E-002
 -9.119708182776698E-002
 -4.910364320202820E-002
 -5.385118834992841E-002
  0.214095837759108     
 -0.280463625574813     
 -0.143161847878842     
 -0.214116896142123     
  4.494137385220709E-002
 -1.215032767520707E-002
 -5.980807821245815E-002
  6.294262576638365E-002
 -8.526435082257144E-002
  0.161735666852511     
 -0.237799197416660     
 -0.104228921815438     
 -0.156065298562863     
  4.372500721164263E-002
 -1.123153473001626E-002
 -3.402360361902357E-002
  2.642770070466760E-003
 -7.689524069926268E-002
 -6.319021595899166E-002
 -9.769209005773316E-002
 -0.205556241166518     
 -8.491965922388545E-003
 -2.206504730417436E-002
 -5.970794944803526E-002
  1.404931980964808E-002
 -6.343251549013473E-002
  0.173611144609296     
 -0.208087826460615     
 -4.144723759713376E-002
  0.241229553797234     
 -0.321775055415464     
 -0.149537757565056     
  1.940359514335821E-002
  4.983555313990662E-002
 -9.208422465533328E-002
 -2.251740783937883E-002
 -8.966766577481167E-002
 -4.588016093440750E-002
 -5.846951466744876E-002
 -5.968077121508486E-002
 -3.543973811033663E-002
 -9.267376724737719E-002
 -8.513948814658789E-002
 -7.151837667231931E-002
 -6.052245901466957E-002
 -1.854858812388027E-002
 -9.867392537808062E-002
 -7.669809123895632E-002
 -7.414794932126512E-002
 -7.647327997006848E-002
 -1.723209182014251E-002
 -8.671549794095501E-002
 -0.121512129387308     
  5.027570967616157E-002
  5.631226465275496E-002
  6.261333060829910E-002
  6.320805385490169E-002
  4.339523263763101E-002
  3.240572937642927E-002
  3.848627678487437E-002
  4.319761654911580E-002
  4.095955694030495E-002
  5.682917088240202E-002
  4.874725866312879E-002
  5.346820519077433E-002
  4.376256490132713E-002
  4.774703287646020E-002
  4.434086291300776E-002
  3.492585965201067E-002
  4.717601931818527E-002
  4.943019970722884E-002
  5.155524386162003E-002
  4.955069181343563E-002
  4.074585524775531E-002
  4.388200928953701E-002
  4.340661064857132E-002
  4.014767011278686E-002
  3.339403175309585E-002
  4.021541574919552E-002
  2.589574649854365E-002
  3.152959941251243E-002
  4.559824156882086E-002
  5.209628001347588E-002
  4.940396728993712E-002
  5.843319236461231E-002
  5.039025661808050E-002
  5.213463118832939E-002
  6.523193438079145E-002
  6.061776838130428E-002
  6.475143381151227E-002
  2.208132602779922E-002
  4.293536523437158E-002
  4.124676612942169E-002
  3.954770667069285E-002
  3.916575122175192E-002
  4.042190618051311E-002
  2.371868159488699E-002
  3.398434026016883E-002
  3.020784247189101E-002
  4.139646348946358E-002
  3.029792111418461E-002
  3.871772786060679E-002
  3.660322590016329E-002
  2.974638259227813E-002
  3.168177924106663E-002
  2.783965365825536E-002
  2.857539959291799E-002
  3.937098806846095E-002
  4.531085594527606E-002
  2.643523238495815E-002
  4.199136072041554E-002
  3.481567857146672E-002
  2.345852528798797E-002
  4.548590252038698E-002
  3.330811639800835E-002
  3.894815549126229E-002
  3.175449695735411E-002
  3.936051178118349E-002
  3.813447899213607E-002
  3.322222678714226E-002
  3.317307678101189E-002
  3.999683312745461E-002
  2.992482257774165E-002
  4.041113382148276E-002
  1.511171999506700E-002
  3.431132545846827E-002
  2.598927669875217E-002
