 excitation energies, transition moments and TDA amplitudes
 state    eV      nm       fL        Rv(corr)
    1    2.244   552.5     0.5539     2.8569     0.79( 143-> 144) -0.40( 142-> 144)  0.33( 142-> 146)
    2    2.377   521.5     0.4166    -8.5896    -0.76( 142-> 144) -0.43( 143-> 144)  0.38( 143-> 146)
    3    3.137   395.2     0.0182    19.1809     0.91( 141-> 144) -0.21( 140-> 144) -0.15( 138-> 144)
    4    3.665   338.3     0.0007     4.1995     0.66( 140-> 144) -0.37( 136-> 144)  0.29( 138-> 144)
    5    3.744   331.2     0.0184     7.8929    -0.63( 143-> 147)  0.49( 143-> 145)  0.30( 136-> 144)
    6    3.772   328.7     0.0175    18.3620    -0.44( 136-> 144) -0.41( 140-> 144) -0.39( 143-> 147)
    7    3.858   321.4     0.0228    12.9188    -0.60( 138-> 144) -0.41( 137-> 144) -0.35( 136-> 144)
    8    3.955   313.5     0.1474    -7.9310     0.63( 143-> 145)  0.48( 143-> 147) -0.31( 142-> 145)
    9    4.033   307.5     0.2308    42.8565     0.44( 143-> 146)  0.37( 142-> 145)  0.36( 143-> 148)
