           6           1  0.409373852514351     
           7           2   1.43395223398922     
           7           6   1.19132717076141     
           8           7  0.893546439696800     
           9           8  0.959850924488250     
          10           3   1.43430442870652     
          10           6   1.27809816164040     
          10           9  0.924301176130761     
          11           9  0.962069505048887     
          12           8  0.946250667193712     
          13          12  0.967672880295933     
          14          13  0.923950890692017     
          15          14   1.82191376208513     
          16          14   1.09715748185531     
          17           1  0.535305881192621     
          18           3   1.22873584755870     
          18          17   1.12334962737191     
          19          18   1.26472213250432     
          20          19   1.34763188202318     
          21           4   1.16662566192803     
          21          17   1.22896199397315     
          21          20   1.19669083237432     
          22          19  0.978216893996766     
          23          20  0.983993334659897     
          24          23   1.85289782061866     
          25          23  0.951669377744388     
          26           1  0.431798424606403     
          27           4   1.51565906836541     
          27          26   1.20939070520145     
          28          27  0.908565227446551     
          29          28  0.932351797735112     
          30           5   1.40650649124679     
          30          26   1.20750108119590     
          30          29  0.971210880908925     
          31          28  0.986982574228590     
          32          29  0.928232060927021     
          33          32  0.998135675162845     
          34           1  0.442348133179410     
          35           5   1.27681318182344     
          35          34   1.17016063509538     
          36          35   1.14732172354666     
          37          36   1.40727899035821     
          38           2   1.23620622748490     
          38          34   1.23900528599842     
          38          37   1.12595729711854     
          39          36   1.00750741712261     
          40          37   1.07132625247640     
          41          40   1.86187750971681     
          42           2  0.940707523991592     
          42          40  0.802450242685365     
          43          42  0.968430475857242     
          44          43   1.74738482027292     
          45          43   1.12157087625953     
          46          45  0.951294418061795     
          47          16  0.953179508149778     
          48          47  0.981676449937115     
          49          48   1.88628745814429     
          50          49  0.973139798675578     
          51          49  0.993705360915769     
          52          51  0.961718436681556     
          53          52  0.994775401411322     
          54          53  0.963381671918245     
          55          54  0.991621598276526     
          56          54  0.953737392363604     
          57          56   1.00125981741489     
          58          57  0.966835487540555     
          59          58  0.975979758618745     
          60          59  0.983828290100513     
          61          59  0.970926991894721     
          62          61  0.969489718737338     
          63          62  0.984999489997305     
          64          63  0.963371295358231     
          65          64   1.00567619296000     
          66          64  0.986332949747434     
          67           3  0.936900398151033     
          68           4  0.930814627827412     
          69           5  0.937909674219315     
          70           8  0.941980124448897     
          71           9  0.948062313513570     
          72          11  0.982932554136878     
          73          11  0.978087686691884     
          74          11  0.976356741968785     
          75          12  0.969623497903178     
          76          12  0.955666015545375     
          77          13  0.963184359965855     
          78          13  0.963254894428830     
          79          22  0.976008757420572     
          80          22  0.966897836938294     
          81          22  0.970812138932267     
          82          25  0.974179045920423     
          83          25  0.960268027738686     
          84          25  0.962349964941387     
          85          28  0.942961337613849     
          86          29  0.934958013896957     
          87          31  0.978588730440864     
          88          31  0.975057483693206     
          89          31  0.975309687363656     
          90          32  0.965812308877560     
          91          32  0.968694079373485     
          92          33  0.980105366733222     
          93          33  0.981935422278072     
          94          33  0.986121049557597     
          95          39  0.973545339086222     
          96          39  0.958899938975229     
          97          39  0.968243270707023     
          98          42  0.926824567338673     
          99          46  0.991137786644496     
         100          46  0.987764609377720     
         101          46  0.976376482894011     
         102          47  0.962512048333265     
         103          47  0.962008027740464     
         104          48  0.944299179261223     
         105          50  0.971099650288978     
         106          50  0.979291223301443     
         107          50  0.978104153354070     
         108          51  0.953543309410114     
         109          51  0.954442341314932     
         110          52  0.971851602119754     
         111          52  0.959562672870766     
         112          53  0.959677919897122     
         113          53  0.961066719332927     
         114          54  0.953447437592546     
         115          55  0.978105448695719     
         116          55  0.978121769236624     
         117          55  0.984687012054393     
         118          56  0.965631436900632     
         119          56  0.964278508598126     
         120          57  0.970169507113883     
         121          57  0.961785462427581     
         122          58  0.958240956715179     
         123          58  0.967999398951562     
         124          59  0.947686036779892     
         125          60  0.978087647139664     
         126          60  0.982482623723121     
         127          60  0.973886181241716     
         128          61  0.965425285943743     
         129          61  0.962309297516061     
         130          62  0.972856940737432     
         131          62  0.967993293080862     
         132          63  0.961405795109859     
         133          63  0.966822464789303     
         134          64  0.954303376037872     
         135          65  0.977848007082215     
         136          65  0.979817020763599     
         137          65  0.972752741208530     
         138          66  0.977668389415153     
         139          66  0.973826195832330     
         140          66  0.979499480278422     
