  0.302501552698232     
  2.868649731070416E-002
 -4.988570709337203E-002
 -2.765517885474633E-002
 -2.262144654858034E-002
 -0.166378989930096     
  4.069059989668133E-002
 -2.431934556802595E-002
 -2.472274728637025E-002
  3.373714729558186E-002
 -8.937763012699484E-002
 -5.353902171091107E-002
 -5.666982012148924E-002
  0.213762611957387     
 -0.279201888846255     
 -0.171084021825462     
 -0.216451217398455     
  2.397736573278220E-002
 -5.815139484837761E-002
 -3.261722966632608E-002
  3.812705711806430E-002
 -7.579462246614099E-002
  0.113626804575886     
 -0.249253610366372     
 -0.102034718851061     
 -0.151029166474975     
  4.961539546074034E-002
 -1.163637738081924E-002
 -2.612737240911489E-002
  4.087851031342682E-002
 -9.288157251078832E-002
 -4.043027891606332E-002
 -8.721988955535931E-002
 -0.199433098048825     
  4.769597973553719E-002
  9.957339388512398E-003
 -4.206854129068205E-002
  2.558576969897830E-002
 -7.650119463940985E-002
  0.143129799761615     
 -0.212866318099399     
 -6.491307220196507E-002
  0.226299299096390     
 -0.262291308706227     
 -0.151145934454499     
  1.673750616218328E-002
  5.030101716560864E-002
 -6.079563510162345E-002
 -2.814697508185304E-003
 -9.730061308714788E-002
 -6.498696405637538E-002
 -5.788082902567471E-002
 -5.232768798564980E-002
 -2.984176449126785E-002
 -0.120077986867711     
 -8.641776327718809E-002
 -8.881042326874855E-002
 -6.533481212813541E-002
 -2.171280273988163E-002
 -0.107241604377001     
 -6.979609709804979E-002
 -6.366977134231355E-002
 -8.297229555125263E-002
 -1.158619343653378E-002
 -8.415210877174051E-002
 -0.113648022770347     
  6.384096565783925E-002
  5.792382791311135E-002
  6.152007169962204E-002
  5.065662046517327E-002
  4.576815600058648E-002
  3.264902420179272E-002
  3.685437847415374E-002
  4.713886243632714E-002
  3.594628957440027E-002
  4.837765488846724E-002
  4.233370476280185E-002
  4.946872152786308E-002
  4.439812860452941E-002
  4.629854902868813E-002
  5.239687628976297E-002
  3.108145819644392E-002
  4.633363740858998E-002
  5.092941721663224E-002
  4.207197308530852E-002
  5.656394547865429E-002
  4.204427393314947E-002
  3.140227588384303E-002
  2.820794524824910E-002
  3.219546763419145E-002
  4.734746983787008E-002
  3.888246797419159E-002
  3.826326097419142E-002
  3.881051035388994E-002
  4.898670948263362E-002
  3.727525993451608E-002
  5.157115511761989E-002
  4.943509267926982E-002
  5.243038066991834E-002
  5.238401395421721E-002
  4.862433007413214E-002
  5.738105848311648E-002
  5.928719812842498E-002
  3.626734065311388E-002
  3.644718819209758E-002
  4.395561491186850E-002
  4.257659818368442E-002
  2.752300997173118E-002
  4.339322868036621E-002
  2.480548191994658E-002
  3.960644056904994E-002
  4.023692661326550E-002
  3.738546366885387E-002
  3.703028079060722E-002
  3.540865272717497E-002
  2.597629510413346E-002
  3.199528968620380E-002
  2.579935750203155E-002
  4.302146105356619E-002
  3.729194228233956E-002
  1.998942471533338E-002
  3.960870745044176E-002
  5.169027398739301E-002
  3.853247749717925E-002
  3.635771538952115E-002
  2.658411795230187E-002
  3.502843663536204E-002
  2.679101335230849E-002
  3.483491216948598E-002
  4.318871572277228E-002
  2.833283628775218E-002
  3.914531183812642E-002
  2.484890079365387E-002
  3.657453189639637E-002
  4.161401148453403E-002
  3.839522008612306E-002
  4.061878991110690E-002
  2.371817498480810E-002
  3.418838453871687E-002
  2.851687323611440E-002
