 excitation energies, transition moments and TDA amplitudes
 state    eV      nm       fL        Rv(corr)
    1    2.196   564.6     0.6382    12.1217    -0.85( 144-> 145)  0.33( 143-> 147)  0.25( 142-> 145)
    2    2.294   540.5     0.2535    -1.4529    -0.84( 143-> 145) -0.35( 144-> 147)  0.19( 144-> 145)
    3    2.905   426.8     0.0657     8.6089     0.91( 142-> 145)  0.19( 143-> 145)  0.17( 144-> 145)
    4    3.592   345.1     0.0511     6.1609     0.66( 144-> 146) -0.56( 141-> 145)  0.27( 144-> 147)
    5    3.610   343.5     0.0744    -0.6656     0.65( 144-> 146)  0.51( 141-> 145) -0.31( 144-> 147)
    6    3.756   330.1     0.0192   -36.4023     0.51( 138-> 145) -0.42( 137-> 145) -0.33( 141-> 145)
    7    3.855   321.6     0.0485     4.1458    -0.70( 144-> 148)  0.34( 144-> 149)  0.25( 143-> 146)
    8    3.927   315.7     0.0705     0.1132    -0.56( 143-> 146) -0.48( 137-> 145)  0.29( 136-> 145)
    9    4.032   307.5     0.0527     0.6139     0.51( 144-> 148)  0.42( 143-> 146)  0.37( 136-> 145)
