           6           1  0.360821651709607     
           7           2   1.43105667353661     
           7           6   1.17954456023544     
           8           7  0.946946611069901     
           9           8  0.959810367357643     
          10           3   1.40483474708155     
          10           6   1.30745059416138     
          10           9  0.913810187655701     
          11           9  0.963947177256135     
          12           8  0.942854374231861     
          13          12  0.949752103278429     
          14          13  0.938749086164579     
          15          14   1.82002138561812     
          16          14   1.09044825155624     
          17           1  0.554382305715238     
          18           3   1.26558215375721     
          18          17   1.11746477439681     
          19          18   1.24103979269651     
          20          19   1.35376253912746     
          21           4   1.17601996977350     
          21          17   1.21747461757548     
          21          20   1.16689254000554     
          22          19  0.971184542856224     
          23          20   1.04890050405942     
          24          23   1.79930563773978     
          25          23  0.935651085553430     
          26           1  0.403215968998607     
          27           4   1.48323237316708     
          27          26   1.24049024839602     
          28          27  0.906275654020720     
          29          28  0.965739136023330     
          30           5   1.50171067948467     
          30          26   1.21885927669412     
          30          29  0.891423714540098     
          31          28  0.986519350011030     
          32          29  0.964988518233260     
          33          32   1.00236709722165     
          34           1  0.501319031882251     
          35           5   1.21039437178073     
          35          34   1.21969910784985     
          36          35   1.18605708370203     
          37          36   1.33636353687429     
          38           2   1.24127584745155     
          38          34   1.13874356883136     
          38          37   1.17583151449991     
          39          36  0.986340050115522     
          40          37   1.10739394327978     
          41          40   1.83638478254881     
          42           2  0.938964847106850     
          42          40  0.789004260195444     
          43          42  0.921205988139447     
          44          43   1.82783063336764     
          45          43   1.07967817607031     
          46          45  0.969049172134411     
          47          16  0.919347720901299     
          48          47   1.02213654385879     
          49          48   1.86033804516960     
          50          49  0.987916509020402     
          51          49  0.992065315983392     
          52          51  0.951112826826032     
          53          52  0.994036258333182     
          54          53  0.979235229037619     
          55          54  0.967478989334069     
          56          54  0.962386393085953     
          57          56  0.960982153860235     
          58          57  0.994762754741808     
          59          58  0.973878680175024     
          60          59  0.973810646369619     
          61          59  0.986063178174276     
          62          61  0.980866122242637     
          63          62  0.980777891434770     
          64          63  0.961907545590645     
          65          64  0.999069849620173     
          66          64  0.986957867594612     
          67           3  0.934140745429322     
          68           4  0.932621631963277     
          69           5  0.935450863819318     
          70           8  0.934660157678881     
          71           9  0.945441320665624     
          72          11  0.978857520326811     
          73          11  0.980943331651700     
          74          11  0.974511012544004     
          75          12  0.967953383214246     
          76          12  0.961485882097983     
          77          13  0.968856282847929     
          78          13  0.963123004869921     
          79          22  0.974765211060453     
          80          22  0.970453430307141     
          81          22  0.975395204097982     
          82          25  0.971085404924953     
          83          25  0.962378177176705     
          84          25  0.972898393958788     
          85          28  0.941894810476698     
          86          29  0.936477140829252     
          87          31  0.977537385227704     
          88          31  0.976390083964613     
          89          31  0.974022829602618     
          90          32  0.968328125077927     
          91          32  0.963442044863218     
          92          33  0.984738808937943     
          93          33  0.975063563086138     
          94          33  0.984392038472298     
          95          39  0.974419763890081     
          96          39  0.977346015623301     
          97          39  0.965787595550355     
          98          42  0.935936171954248     
          99          46  0.982087711590668     
         100          46  0.988399350671118     
         101          46  0.987227281831225     
         102          47  0.960976238951199     
         103          47  0.959550902510725     
         104          48  0.938602067250847     
         105          50  0.969267969045477     
         106          50  0.965443577091581     
         107          50  0.972339627114008     
         108          51  0.967627026979766     
         109          51  0.952920484705115     
         110          52  0.966439242783621     
         111          52  0.964795872918960     
         112          53  0.952599805124177     
         113          53  0.958302197397231     
         114          54  0.954562214611923     
         115          55  0.978966670278061     
         116          55  0.980789550229584     
         117          55  0.982655438518442     
         118          56  0.972277490470927     
         119          56  0.961880986885936     
         120          57  0.960079102704719     
         121          57  0.965854257742302     
         122          58  0.960823362635515     
         123          58  0.953592957595606     
         124          59  0.949039911227014     
         125          60  0.975468019546558     
         126          60  0.981153134932239     
         127          60  0.982695671922027     
         128          61  0.962985153271294     
         129          61  0.957746275886089     
         130          62  0.963696939465416     
         131          62  0.969325384466094     
         132          63  0.954258486113269     
         133          63  0.965050609564957     
         134          64  0.953724841125862     
         135          65  0.977891356997831     
         136          65  0.974898845712198     
         137          65  0.971932047137824     
         138          66  0.979353954779844     
         139          66  0.976717023792169     
         140          66  0.979591369528256     
