  0.333510594259314     
  9.831894170062583E-004
 -2.608079112879746E-002
 -3.164393694531054E-002
 -2.200355513098273E-002
 -0.169274484026828     
  4.780166512492201E-002
 -2.786471016646619E-002
 -3.180020321944532E-002
  5.604661268573841E-002
 -8.023684031281242E-002
 -5.744356966039366E-002
 -6.940687054662842E-002
  0.225150866594519     
 -0.266774433847598     
 -0.128660511628251     
 -0.232962475085027     
  4.359920909264581E-002
  1.317084550201963E-002
 -4.824428974551243E-002
  3.111853207893400E-002
 -7.292534911210691E-002
  0.159207552382736     
 -0.251510755398480     
 -0.117762662358867     
 -0.169532860437255     
  5.707210219290593E-002
 -3.021715281468751E-002
 -2.452455705030676E-002
  3.006390607684484E-002
 -8.665190775445719E-002
 -5.505775252490963E-002
 -9.486168247811744E-002
 -0.233634952690474     
  3.484205567588106E-002
 -9.154194450057496E-003
 -6.519261166994905E-002
  3.737267988017745E-002
 -6.817174456010378E-002
  0.155724176469265     
 -0.206421099255913     
 -3.171285160665782E-002
  0.207351269772967     
 -0.281020193102708     
 -0.172442543204940     
  1.138771219223011E-002
  4.847448814125732E-002
 -9.233611724424495E-002
 -3.145034120639956E-002
 -8.156573716468607E-002
 -8.207887499915323E-002
 -3.885408116257150E-002
 -7.537664203687555E-002
 -2.848689357342238E-002
 -0.108390424604534     
 -8.038956183094825E-002
 -8.415148734777578E-002
 -6.655527876187950E-002
 -2.385201490602462E-002
 -0.115614467664903     
 -6.471322334394269E-002
 -5.739240987189564E-002
 -6.272479652204765E-002
 -1.787517188912346E-002
 -0.114764556091065     
 -0.115219486231237     
  5.439049752170000E-002
  5.118993885117884E-002
  6.212526061032042E-002
  4.075322047983609E-002
  4.682756766113971E-002
  4.306788838634479E-002
  3.682241634161032E-002
  4.335814977701247E-002
  3.372536626323330E-002
  4.225316815987368E-002
  3.891821844402343E-002
  4.512022622109602E-002
  4.757503619581360E-002
  4.468897606213051E-002
  5.325297897155212E-002
  4.047218108168504E-002
  3.835601784108700E-002
  3.578246727966328E-002
  3.860193658234479E-002
  4.915762531346934E-002
  4.775046191679189E-002
  3.072406205704870E-002
  4.263335872434149E-002
  3.195566732725419E-002
  4.272350180714923E-002
  3.041107251908559E-002
  3.198319170646902E-002
  3.608256684976463E-002
  4.549789865016696E-002
  5.558982368845489E-002
  5.420375304513947E-002
  5.959919648914880E-002
  6.154217718606736E-002
  4.391150346991812E-002
  6.277266589684616E-002
  5.067857664040842E-002
  6.926733667376272E-002
  3.256123322907689E-002
  4.157059903206461E-002
  4.252342676228404E-002
  5.306139719038183E-002
  3.911357699812446E-002
  3.669066532060561E-002
  4.434334453973898E-002
  4.885862506673000E-002
  3.571384352665452E-002
  3.302901181657958E-002
  3.997064262669370E-002
  2.901402917344287E-002
  3.454627508443509E-002
  3.622043419660326E-002
  3.820413928614363E-002
  3.948746359485622E-002
  4.659014169861031E-002
  2.629138648629814E-002
  3.848382610434553E-002
  4.533138667084535E-002
  3.885614966550499E-002
  3.154761449417542E-002
  3.075158467934624E-002
  2.511672906387996E-002
  4.013002267931876E-002
  3.243930915318904E-002
  4.247499124248888E-002
  3.268336850030107E-002
  3.142209411125785E-002
  3.666472962030909E-002
  2.680688065343551E-002
  4.678860058025780E-002
  2.346845206553305E-002
  2.518098561786086E-002
  3.746380204643174E-002
  1.607350745427882E-002
  2.886542810236814E-002
