 excitation energies, transition moments and TDA amplitudes
 state    eV      nm       fL        Rv(corr)
    1    2.151   576.4     0.4210    -0.5342    -0.78( 143-> 144)  0.42( 142-> 144)  0.23( 142-> 146)
    2    2.363   524.7     0.3816    -2.0388    -0.73( 142-> 144) -0.40( 143-> 144) -0.33( 143-> 145)
    3    3.148   393.9     0.0146    -1.6299    -0.92( 141-> 144) -0.23( 142-> 145) -0.15( 143-> 146)
    4    3.444   360.1     0.0015    -1.4389    -0.72( 139-> 144) -0.42( 138-> 144)  0.25( 137-> 144)
    5    3.570   347.3     0.0460    38.9017     0.65( 143-> 147)  0.44( 143-> 146) -0.37( 142-> 146)
    6    3.733   332.2     0.1757   -22.2444    -0.55( 142-> 145)  0.40( 143-> 147)  0.37( 143-> 145)
    7    3.838   323.0     0.1959    18.7255     0.65( 142-> 147)  0.37( 142-> 146)  0.33( 143-> 145)
    8    3.918   316.5     0.2084   -17.6615    -0.66( 143-> 145)  0.31( 142-> 147) -0.28( 142-> 145)
    9    3.977   311.8     0.0310   -32.6581     0.60( 137-> 144)  0.44( 139-> 144) -0.38( 138-> 144)
