           6           1  0.396011073222526     
           7           2   1.39832683333502     
           7           6   1.23475903465023     
           8           7  0.956332519086280     
           9           8  0.928126568432781     
          10           3   1.39227588885836     
          10           6   1.25680893128733     
          10           9  0.949934193031103     
          11           9  0.952592798805174     
          12           8  0.943648716654894     
          13          12  0.960162142905512     
          14          13  0.911065806636886     
          15          14   1.82539386604454     
          16          14   1.11083744906764     
          17           1  0.460189819403309     
          18           3   1.30573917704059     
          18          17   1.11380830998481     
          19          18   1.23662674051875     
          20          19   1.41389731971170     
          21           4   1.34295082506519     
          21          17   1.23708271721059     
          21          20   1.03977280888183     
          22          19  0.975868981469253     
          23          20   1.05638327600237     
          24          23   1.81786423968706     
          25          23  0.930523346870404     
          26           1  0.422985651204037     
          27           4   1.34646966749575     
          27          26   1.29387106132723     
          28          27  0.936797068990060     
          29          28  0.987298889237603     
          30           5   1.40669170561562     
          30          26   1.19016763291420     
          30          29  0.949414924328431     
          31          28  0.942333838348462     
          32          29  0.912249240159859     
          33          32   1.01083681153807     
          34           1  0.490795452603625     
          35           5   1.30897010149528     
          35          34   1.09475072330496     
          36          35   1.25845451927509     
          37          36   1.32193215292449     
          38           2   1.16175425243946     
          38          34   1.26585705004589     
          38          37   1.17805029602633     
          39          36  0.984190373972956     
          40          37   1.05178695236996     
          41          40   1.86440694457231     
          42           2  0.965398313113246     
          42          40  0.799841024688502     
          43          42  0.976597696494204     
          44          43   1.77231194022194     
          45          43   1.06487834704863     
          46          45  0.964922388615116     
          47          16  0.962650748294854     
          48          47  0.970273310302198     
          49          48   1.89626235712599     
          50          49  0.997175353415869     
          51          49  0.953458105125756     
          52          51  0.980935087850721     
          53          52  0.979483918331032     
          54          53  0.972220515132090     
          55          54  0.974043020585247     
          56          54  0.952616558164039     
          57          56  0.981730291695839     
          58          57  0.973782876217845     
          59          58  0.975165189803801     
          60          59  0.980499740386390     
          61          59  0.969996508534273     
          62          61  0.972407645129994     
          63          62  0.978902230601563     
          64          63  0.974257102075171     
          65          64  0.991585033043522     
          66          64  0.984002807864119     
          67           3  0.927175546283283     
          68           4  0.932649075307228     
          69           5  0.931275831013873     
          70           8  0.944308862553611     
          71           9  0.946458275181687     
          72          11  0.979132899937127     
          73          11  0.981268672569150     
          74          11  0.978657561645135     
          75          12  0.962221704912712     
          76          12  0.961495677523118     
          77          13  0.968852724938220     
          78          13  0.954230585976996     
          79          22  0.970823751493537     
          80          22  0.975550045049964     
          81          22  0.969761941763495     
          82          25  0.961668249457181     
          83          25  0.975406134883531     
          84          25  0.969897231176307     
          85          28  0.934404251141092     
          86          29  0.930126794139972     
          87          31  0.977525888651079     
          88          31  0.981632559811117     
          89          31  0.984382572097354     
          90          32  0.972180070355334     
          91          32  0.965027196217461     
          92          33  0.980361830191805     
          93          33  0.976878179199828     
          94          33  0.982034443829441     
          95          39  0.980389806644614     
          96          39  0.967941546349179     
          97          39  0.969926078761665     
          98          42  0.920344746982704     
          99          46  0.981536171989068     
         100          46  0.992243392086906     
         101          46  0.983603847535581     
         102          47  0.964700938881557     
         103          47  0.954745784708707     
         104          48  0.945409277989498     
         105          50  0.972861836812664     
         106          50  0.971580674971745     
         107          50  0.965334544736477     
         108          51  0.953920304492087     
         109          51  0.950095843191672     
         110          52  0.966473043020863     
         111          52  0.962769751503550     
         112          53  0.958584876152939     
         113          53  0.962742055246008     
         114          54  0.953662181065266     
         115          55  0.982584834832914     
         116          55  0.978172742036113     
         117          55  0.977586256609323     
         118          56  0.963339655439526     
         119          56  0.964466889264653     
         120          57  0.957410451011842     
         121          57  0.964182791275008     
         122          58  0.958220079091642     
         123          58  0.953594643719044     
         124          59  0.946928610817796     
         125          60  0.975309945678634     
         126          60  0.979794918040547     
         127          60  0.976904536860664     
         128          61  0.960770371410659     
         129          61  0.967097925812645     
         130          62  0.966753581282431     
         131          62  0.971527818738777     
         132          63  0.966261933629628     
         133          63  0.960211251278542     
         134          64  0.954236370697611     
         135          65  0.968407641157467     
         136          65  0.979928757926244     
         137          65  0.977457963909016     
         138          66  0.972734107332458     
         139          66  0.983915886818927     
         140          66  0.978464587729425     
