  0.302808771989795     
  9.555777461386139E-003
 -4.066484905219259E-002
 -4.757743582001606E-002
 -2.458340858994390E-002
 -0.163625250036689     
  2.448616035193441E-002
 -4.165350766507192E-002
 -3.242202369917990E-002
  4.361058634454018E-002
 -7.673063906726174E-002
 -4.700373556021820E-002
 -4.315729953097147E-002
  0.171672391495965     
 -0.301925624150055     
 -0.141778613599625     
 -0.218447883049402     
  7.523925292718836E-003
 -1.658402819796212E-002
 -7.531512928431638E-002
  2.761537127361846E-002
 -6.487075644950036E-002
  0.166296750552202     
 -0.251261739871435     
 -8.728012196435131E-002
 -0.161605481628975     
  3.444213026756549E-002
 -2.406290257690369E-002
 -2.674010784735792E-002
  5.195884507779969E-002
 -8.877570091295439E-002
 -6.333967544423391E-002
 -9.752682842024196E-002
 -0.218432653727957     
  2.696888272321418E-002
  2.285195946306562E-002
 -3.502871453976564E-002
  3.607008019225866E-002
 -5.655414680101600E-002
  0.117856776650338     
 -0.246011228308584     
 -2.007848515800692E-002
  0.220585740908710     
 -0.293223219004459     
 -0.138405096221772     
  1.989926154797583E-002
  4.721433374080064E-002
 -8.024507904831335E-002
 -3.517430186587234E-002
 -8.769450661403777E-002
 -7.901501461597693E-002
 -6.714200734806841E-002
 -6.931530172132572E-002
 -1.179581365791549E-003
 -9.531535229700516E-002
 -7.881822920586679E-002
 -8.482280208141901E-002
 -7.332766518764178E-002
 -2.708014821185767E-002
 -9.692128072527595E-002
 -7.067576965453082E-002
 -5.909564361491437E-002
 -8.512029030861168E-002
 -2.854288347953293E-002
 -9.855866508286049E-002
 -0.109183310060517     
  6.374118370717474E-002
  5.573721680623234E-002
  4.937675701890432E-002
  4.366297894700055E-002
  5.239870266493218E-002
  3.560779831492056E-002
  5.444894596224958E-002
  5.295019921256916E-002
  3.968303304877241E-002
  5.304077297894938E-002
  4.731154257593595E-002
  4.645411545191946E-002
  4.111950400360620E-002
  5.235716730731721E-002
  5.281992024104099E-002
  5.575280023691620E-002
  4.933877685460242E-002
  4.919321565889656E-002
  5.235152555023537E-002
  5.981434136547703E-002
  4.106436358029675E-002
  3.907168353597734E-002
  4.206318439651013E-002
  4.336756441943967E-002
  3.287023210909257E-002
  3.390724366612297E-002
  3.821517288447795E-002
  4.038986914920295E-002
  6.137959863926012E-002
  5.772881361240978E-002
  3.943901488301860E-002
  5.248238075447076E-002
  5.319907088566067E-002
  4.906377367232861E-002
  4.382370216186937E-002
  6.371410849363379E-002
  6.700675981106441E-002
  5.017433221226586E-002
  4.853563064782185E-002
  4.028757939523098E-002
  4.254323040528285E-002
  3.452287718837832E-002
  3.547498532954796E-002
  3.089369622113891E-002
  3.842367970583782E-002
  2.368463939649379E-002
  4.131501554481531E-002
  4.266366175050840E-002
  3.531151916111563E-002
  3.635862115263089E-002
  3.115500001675242E-002
  2.860758994111279E-002
  3.764176076671533E-002
  2.618100697037273E-002
  3.073811001558557E-002
  3.268569696757306E-002
  4.190509361856021E-002
  4.233316394669961E-002
  3.815607987948166E-002
  3.844475130911418E-002
  3.460557043747126E-002
  2.701557353021566E-002
  4.798918464978741E-002
  3.716078443494075E-002
  3.802460106423233E-002
  2.901303074275119E-002
  3.546950368646906E-002
  3.359464172103599E-002
  3.670881420162964E-002
  3.792624962743907E-002
  3.366691972258362E-002
  2.411552792822047E-002
  3.510277029747366E-002
  3.609844518621097E-002
