 excitation energies, transition moments and TDA amplitudes
 state    eV      nm       fL        Rv(corr)
    1    2.180   568.7     0.5071    -4.5971     0.80( 142-> 143) -0.35( 141-> 143)  0.31( 141-> 145)
    2    2.309   536.9     0.2550     5.2406    -0.78( 141-> 143) -0.33( 142-> 144) -0.33( 142-> 143)
    3    3.164   391.9     0.0055    -5.9277     0.94( 140-> 143) -0.12( 141-> 145) -0.11( 141-> 144)
    4    3.521   352.1     0.1869   -25.0345    -0.72( 142-> 144) -0.39( 137-> 143) -0.38( 142-> 146)
    5    3.561   348.2     0.0326   -16.3532    -0.62( 142-> 145)  0.52( 141-> 144)  0.31( 139-> 143)
    6    3.703   334.8     0.0068     4.0374    -0.66( 137-> 143) -0.40( 136-> 143)  0.32( 139-> 143)
    7    3.755   330.2     0.0411    -4.0671     0.60( 142-> 146) -0.55( 139-> 143)  0.32( 141-> 144)
    8    3.885   319.1     0.0212   -17.1870     0.52( 142-> 146) -0.41( 142-> 145) -0.37( 141-> 145)
    9    4.071   304.5     0.4819   -35.3211     0.54( 141-> 146)  0.31( 137-> 143)  0.28( 139-> 143)
