           6           1  0.380327100542371     
           7           2   1.41827908385160     
           7           6   1.25067024420555     
           8           7  0.881905471759515     
           9           8  0.933711560110247     
          10           3   1.38798311840164     
          10           6   1.25905940513344     
          10           9  0.942399430327479     
          11           9  0.975663254649590     
          12           8  0.980836514605628     
          13          12  0.950138878858022     
          14          13  0.945712267715473     
          15          14   1.75681358447215     
          16          14   1.12979558448323     
          17           1  0.542601089773831     
          18           3   1.30665649105796     
          18          17   1.13659152001451     
          19          18   1.14272986123290     
          20          19   1.41561119160638     
          21           4   1.25232027438927     
          21          17   1.21281885011396     
          21          20   1.14691002513538     
          22          19   1.02357116263945     
          23          20  0.970626489226435     
          24          23   1.84263485104201     
          25          23  0.981133750202933     
          26           1  0.401270478315596     
          27           4   1.40491277553743     
          27          26   1.26067347390185     
          28          27  0.923485240872476     
          29          28  0.969566193419431     
          30           5   1.36653124004868     
          30          26   1.23851275911572     
          30          29  0.968127225160413     
          31          28  0.959064459780272     
          32          29  0.927972359080488     
          33          32  0.994507291367598     
          34           1  0.489612900790609     
          35           5   1.31313249112446     
          35          34   1.09156704592827     
          36          35   1.20372093973042     
          37          36   1.35032767669397     
          38           2   1.16534055818752     
          38          34   1.25937663825459     
          38          37   1.16354778783661     
          39          36  0.995801309838966     
          40          37   1.12721510266123     
          41          40   1.78007443876264     
          42           2   1.00206495051976     
          42          40  0.793313647763591     
          43          42  0.963145288074516     
          44          43   1.75518341307638     
          45          43   1.09514931405738     
          46          45  0.971918674620165     
          47          16  0.933565301218567     
          48          47  0.975378739131872     
          49          48   1.91259196171109     
          50          49  0.975055827063532     
          51          49  0.952430161054004     
          52          51  0.954923545649076     
          53          52  0.992942595967532     
          54          53  0.954138180984578     
          55          54  0.988850631447336     
          56          54  0.990916757344885     
          57          56  0.947455353388513     
          58          57  0.998598686208614     
          59          58  0.965987014422185     
          60          59  0.980403213642777     
          61          59  0.962358871134265     
          62          61  0.986956827518767     
          63          62  0.983068478596528     
          64          63  0.971360850975807     
          65          64  0.986326355182926     
          66          64  0.983657762414009     
          67           3  0.935230273305660     
          68           4  0.929094423669341     
          69           5  0.938769758563835     
          70           8  0.944464862009936     
          71           9  0.942256707110278     
          72          11  0.974627503696121     
          73          11  0.968726476450173     
          74          11  0.973529567310011     
          75          12  0.960707537329075     
          76          12  0.951072333959254     
          77          13  0.966767566265436     
          78          13  0.953717968091601     
          79          22  0.968441988749653     
          80          22  0.956049638530621     
          81          22  0.961096044523732     
          82          25  0.952040785739986     
          83          25  0.961882837669561     
          84          25  0.966485094466126     
          85          28  0.939074480052085     
          86          29  0.922603912291553     
          87          31  0.979438502752013     
          88          31  0.984408837630440     
          89          31  0.979468099235072     
          90          32  0.969287263216423     
          91          32  0.970941419197931     
          92          33  0.988432831665574     
          93          33  0.983903645598693     
          94          33  0.982133980182313     
          95          39  0.969558478966633     
          96          39  0.960942293579901     
          97          39  0.978010101249263     
          98          42  0.924887900938034     
          99          46  0.979101504683787     
         100          46  0.984212758411381     
         101          46  0.989277856711379     
         102          47  0.963180398508853     
         103          47  0.957444587737615     
         104          48  0.932695498572658     
         105          50  0.972354061750220     
         106          50  0.974010132043023     
         107          50  0.977884935224548     
         108          51  0.964367198678135     
         109          51  0.967068124317038     
         110          52  0.973402645241251     
         111          52  0.966251871326599     
         112          53  0.965238373353053     
         113          53  0.962336110124556     
         114          54  0.945326427575149     
         115          55  0.973424926883517     
         116          55  0.978812989844809     
         117          55  0.977515486251962     
         118          56  0.957489175393484     
         119          56  0.964081224356485     
         120          57  0.965862906398458     
         121          57  0.967047172005096     
         122          58  0.960433749292078     
         123          58  0.952029767702161     
         124          59  0.945293008630339     
         125          60  0.976863141182128     
         126          60  0.980473175094441     
         127          60  0.980861584050946     
         128          61  0.968209076714948     
         129          61  0.953436892158114     
         130          62  0.965546767692405     
         131          62  0.966095279656134     
         132          63  0.963202535771112     
         133          63  0.963157343326182     
         134          64  0.958623267020383     
         135          65  0.977470756231437     
         136          65  0.978845031532967     
         137          65  0.978668339925534     
         138          66  0.983061153309556     
         139          66  0.977890887195062     
         140          66  0.981732910235799     
