  0.297042121444995     
  1.503934593915801E-002
 -4.441424708077157E-002
 -2.167032863997775E-002
 -4.400682152204194E-002
 -0.152600530575445     
  4.111062749461558E-002
 -1.360754999624980E-002
 -2.004337224768005E-002
  3.963578813687496E-002
 -0.104509837043667     
 -5.671016434601217E-002
 -4.835983204769168E-002
  0.197347420477473     
 -0.271558563285960     
 -0.149255874124750     
 -0.198250571803325     
  5.186812313823941E-002
 -1.867867501760756E-002
 -7.050736034391747E-002
  4.799486197905622E-002
 -7.887413158395784E-002
  0.147218388473828     
 -0.232800114168861     
 -0.102618563681935     
 -0.171087621946399     
  5.034879699374661E-002
 -1.772702192164477E-002
 -3.150854675723824E-002
  1.230207849140319E-002
 -7.843533649340362E-002
 -5.442065159216725E-002
 -9.133458579850995E-002
 -0.203393625778849     
  7.451967797827308E-003
 -8.431743397940394E-003
 -6.758282273429739E-002
  1.343231612330609E-002
 -4.758185087319422E-002
  0.158233094528816     
 -0.255756964095605     
 -3.475982621881091E-002
  0.232156140745559     
 -0.275216820556513     
 -0.145665789444190     
  1.264861526465433E-002
  5.733144474974594E-002
 -7.484788962251709E-002
 -2.884637988593042E-002
 -9.189028530113141E-002
 -8.025287352312294E-002
 -4.484909653567293E-002
 -4.052900213218358E-002
 -1.350575629278428E-002
 -9.857822638829639E-002
 -8.900237282465717E-002
 -5.928574242032614E-002
 -6.083605983625340E-002
 -3.214771906324199E-002
 -9.962791537351379E-002
 -7.238311137000508E-002
 -7.337618054245354E-002
 -7.788569072119600E-002
  2.019203510732481E-003
 -0.101810913037275     
 -0.113525019731656     
  4.741330250506015E-002
  6.620445992245783E-002
  6.099839767542448E-002
  5.008662266228547E-002
  5.761671369646471E-002
  3.494462446670932E-002
  3.184390045330143E-002
  3.190231683382871E-002
  3.929815519549629E-002
  5.150405959313764E-002
  4.927128987273022E-002
  4.963888889721257E-002
  4.801088646002438E-002
  5.107030374190957E-002
  4.837060698479478E-002
  4.370097160159570E-002
  4.421194163328201E-002
  4.657568478504948E-002
  4.505664884301785E-002
  4.696423379980974E-002
  3.761656172042449E-002
  3.955813200142655E-002
  4.371526862218711E-002
  3.093929260906336E-002
  3.678703015205553E-002
  2.197857543193060E-002
  3.999554818628692E-002
  3.570117760646963E-002
  5.074114643692018E-002
  6.357590157212256E-002
  6.046315267338265E-002
  6.177538187525466E-002
  4.791965150474353E-002
  6.027256673209125E-002
  4.626543983218090E-002
  5.102400076930125E-002
  6.362433778772947E-002
  3.948873802461328E-002
  4.305123966441182E-002
  3.849635454431743E-002
  4.151033457094011E-002
  3.231420706741506E-002
  3.004449015729982E-002
  3.939144563015384E-002
  2.927633121184359E-002
  3.979238855232925E-002
  4.221265226185389E-002
  3.417411268129922E-002
  2.848844237269432E-002
  3.507077460204833E-002
  3.269883331686319E-002
  2.087768482222840E-002
  2.340187494554113E-002
  2.443470277535065E-002
  3.339870642624443E-002
  3.800621559257955E-002
  3.527894142712740E-002
  2.834597596004274E-002
  3.251626561453225E-002
  3.421472221145094E-002
  3.503576019019083E-002
  3.849291668824129E-002
  2.962877713364498E-002
  3.705732960117747E-002
  3.300456688760911E-002
  3.114720900948342E-002
  3.076737595822676E-002
  3.777496763818700E-002
  3.670366952070148E-002
  2.937787223397703E-002
  3.265346281457437E-002
  3.133366337436339E-002
  2.782989599762731E-002
  3.743956781247271E-002
