  0.273427961497878     
  2.899317211888164E-002
 -1.133121023651285E-002
 -6.214722276584261E-003
 -4.443323931104004E-002
 -0.107306031931677     
  2.941310506112238E-002
 -2.264073801809641E-002
 -1.680554256155542E-002
  3.187865464334427E-002
 -9.444755494656221E-002
 -6.024008312145845E-002
 -6.307611211315844E-002
  0.216505328157231     
 -0.311102037609911     
 -0.120141225054045     
 -0.197711376783773     
  2.168554166518133E-002
 -3.227591770944560E-002
 -5.368701887621441E-002
  3.225797176367395E-002
 -6.680061954627714E-002
  0.138225586150365     
 -0.266145397519010     
 -9.809661462085906E-002
 -0.187591400637459     
  1.974464068705162E-002
 -8.638743316687680E-003
 -2.609673127111733E-002
  5.723459263888175E-002
 -8.554904255070994E-002
 -5.857903622494565E-002
 -9.855407164547358E-002
 -0.220903839767514     
  2.155946551751287E-002
 -5.555406564051069E-003
 -6.198867011395226E-002
  5.395319517756691E-002
 -5.118963834388612E-002
  0.127319452218545     
 -0.238742475503012     
 -5.802502132990472E-002
  0.257031952455986     
 -0.240498688585982     
 -0.190516896130551     
  3.071915136275472E-003
  7.741554090833125E-002
 -8.241040024989310E-002
 -3.854600342268188E-002
 -9.780034992298425E-002
 -5.085685414363006E-002
 -5.180881606337095E-002
 -6.574682015274380E-002
 -3.252115935152400E-002
 -0.106366324584865     
 -6.732817501167787E-002
 -7.567372974223652E-002
 -8.876431700726339E-002
 -2.507985228744936E-002
 -0.106709925739940     
 -5.801168807811496E-002
 -5.950538819457662E-002
 -5.741425320976834E-002
 -1.725223419729094E-002
 -0.108335695366893     
 -0.107831557183336     
  5.207434280598833E-002
  6.406454794262484E-002
  5.617426655582136E-002
  5.088665304938067E-002
  4.804748293687011E-002
  3.696420615730567E-002
  3.323817505949211E-002
  3.875605675555149E-002
  4.348059081720068E-002
  4.213351021269784E-002
  5.519391544023522E-002
  4.329237850691381E-002
  4.995912182097506E-002
  5.311311084778048E-002
  5.549587594952687E-002
  4.259429255671432E-002
  4.857005533238434E-002
  4.247764582540348E-002
  6.052056727663546E-002
  5.342258824871360E-002
  3.602657143372612E-002
  4.311891026887982E-002
  4.199178184106012E-002
  3.618865250102121E-002
  2.910465993693412E-002
  2.309874869061068E-002
  4.311232784049590E-002
  2.844905631951467E-002
  5.327700278467529E-002
  5.357668042283226E-002
  6.190913269077658E-002
  5.186809453599561E-002
  4.409429505502604E-002
  4.811645376557194E-002
  5.422633817022826E-002
  5.478857416870075E-002
  7.325444186627084E-002
  2.398113001456870E-002
  3.670638731205866E-002
  4.111755545023388E-002
  4.333146499911233E-002
  4.632853424745986E-002
  4.635860574274142E-002
  3.582564506610342E-002
  2.666179534559943E-002
  3.928965749394397E-002
  2.312867811552111E-002
  2.722756465027043E-002
  3.780280773835021E-002
  2.716687398813089E-002
  3.224408407866719E-002
  2.998653850881505E-002
  4.683547554212586E-002
  3.059585542068421E-002
  3.208005681133053E-002
  3.349116620396686E-002
  2.837208660243917E-002
  4.451593718472857E-002
  2.901290746090779E-002
  3.787656265752071E-002
  3.227371985910910E-002
  4.240362777247619E-002
  3.714595403093768E-002
  3.867728801421566E-002
  2.253448648623879E-002
  3.588181839152449E-002
  2.594547482920950E-002
  3.514051965359455E-002
  3.402243881707734E-002
  3.079369789577380E-002
  2.582435432290320E-002
  2.764864332862826E-002
  4.438133401922606E-002
  3.385873788718241E-002
