 excitation energies, transition moments and TDA amplitudes
 state    eV      nm       fL        Rv(corr)
    1    2.158   574.6     0.8216     4.6299    -0.88( 144-> 145)  0.37( 143-> 147) -0.13( 142-> 145)
    2    2.356   526.3     0.1598    -2.4378    -0.85( 143-> 145) -0.38( 144-> 147)  0.24( 141-> 145)
    3    3.021   410.5     0.0525    -8.1486    -0.93( 142-> 145) -0.21( 139-> 145) -0.11( 141-> 146)
    4    3.325   372.8     0.0762     6.1539    -0.90( 141-> 145) -0.27( 144-> 147) -0.16( 143-> 145)
    5    3.707   334.5     0.0296     2.6795     0.89( 144-> 146)  0.26( 139-> 145)  0.14( 143-> 146)
    6    3.722   333.1     0.0138    -5.7079    -0.60( 137-> 145)  0.48( 136-> 145)  0.29( 138-> 145)
    7    3.866   320.7     0.1087    -1.4995    -0.65( 139-> 145)  0.49( 144-> 147)  0.22( 144-> 148)
    8    3.955   313.5     0.1814    12.3639    -0.46( 144-> 147) -0.45( 139-> 145)  0.32( 143-> 146)
    9    3.999   310.1     0.1490    12.2410     0.67( 143-> 146)  0.27( 144-> 149)  0.26( 144-> 147)
