           6           1  0.386387730207456     
           7           2   1.44814170604545     
           7           6   1.21458166067555     
           8           7  0.930000381951615     
           9           8  0.948016483477269     
          10           3   1.45322723769950     
          10           6   1.22126479238527     
          10           9  0.949263489278000     
          11           9  0.971125525171259     
          12           8  0.953309943000567     
          13          12  0.948644211275402     
          14          13  0.943179094792609     
          15          14   1.75864628764422     
          16          14   1.15574323745727     
          17           1  0.524926280347015     
          18           3   1.27404234960489     
          18          17   1.15083191539433     
          19          18   1.20991107303499     
          20          19   1.33365554898744     
          21           4   1.37297573259832     
          21          17   1.13856337165926     
          21          20   1.08237087042238     
          22          19  0.998050552755379     
          23          20   1.10582114822546     
          24          23   1.75409554332243     
          25          23  0.946251971177823     
          26           1  0.453651607727898     
          27           4   1.39860894243601     
          27          26   1.19116265022954     
          28          27  0.923898991584533     
          29          28  0.945191061781954     
          30           5   1.49686115625274     
          30          26   1.22642283286947     
          30          29  0.918757197321576     
          31          28  0.957805751572868     
          32          29  0.953597866977838     
          33          32   1.00755109378218     
          34           1  0.505387645879706     
          35           5   1.20158398658376     
          35          34   1.10082295310666     
          36          35   1.27437769998017     
          37          36   1.27923710382317     
          38           2   1.20649500527833     
          38          34   1.26490948921343     
          38          37   1.15884329694380     
          39          36   1.01278067451070     
          40          37   1.11663866127293     
          41          40   1.79330872388093     
          42           2  0.949204112920738     
          42          40  0.828560238278716     
          43          42  0.920402219449364     
          44          43   1.88430019771601     
          45          43   1.01664584893541     
          46          45  0.977749112656851     
          47          16  0.946055614837588     
          48          47   1.01685441548445     
          49          48   1.87695205026743     
          50          49  0.981096010029015     
          51          49  0.977557350217005     
          52          51  0.956180846419892     
          53          52   1.00727251978519     
          54          53  0.958973983987307     
          55          54  0.978911980599741     
          56          54  0.977181892985666     
          57          56  0.966307334695382     
          58          57  0.992472979729860     
          59          58  0.947641397098524     
          60          59  0.990582729313482     
          61          59  0.979018135834766     
          62          61  0.972715499253600     
          63          62  0.997391131310290     
          64          63  0.963218578349704     
          65          64   1.00299016150396     
          66          64  0.973713131591843     
          67           3  0.931785790802723     
          68           4  0.917563591083184     
          69           5  0.934217964996641     
          70           8  0.935103127534672     
          71           9  0.940425682706644     
          72          11  0.976696229924558     
          73          11  0.980160643938796     
          74          11  0.973097731031137     
          75          12  0.962363845298499     
          76          12  0.967740705807732     
          77          13  0.956466824723946     
          78          13  0.966089415777693     
          79          22  0.960101289337576     
          80          22  0.971672264940691     
          81          22  0.966873875022522     
          82          25  0.972794707442630     
          83          25  0.961179793106648     
          84          25  0.964956299027275     
          85          28  0.944167968249801     
          86          29  0.938883931380612     
          87          31  0.978734688069636     
          88          31  0.979489929149285     
          89          31  0.981578444931769     
          90          32  0.964483322865104     
          91          32  0.965014925531204     
          92          33  0.984299414866789     
          93          33  0.977128432863671     
          94          33  0.976549989857191     
          95          39  0.966978536591248     
          96          39  0.955836171557567     
          97          39  0.970166699640637     
          98          42  0.930259212239723     
          99          46  0.986810179284514     
         100          46  0.981680180577539     
         101          46  0.987113072385785     
         102          47  0.954202956743544     
         103          47  0.943122420891758     
         104          48  0.936599131970315     
         105          50  0.976891809186649     
         106          50  0.976009028100946     
         107          50  0.970152939796634     
         108          51  0.964796673421102     
         109          51  0.955986742057020     
         110          52  0.965154890536551     
         111          52  0.971185114296271     
         112          53  0.960852481335017     
         113          53  0.962873485891454     
         114          54  0.952731876508324     
         115          55  0.979796808247668     
         116          55  0.977558770447246     
         117          55  0.974299260484908     
         118          56  0.964319383463618     
         119          56  0.958301231440654     
         120          57  0.966501077334091     
         121          57  0.961616402445225     
         122          58  0.961183546609185     
         123          58  0.963624058940829     
         124          59  0.945891264431023     
         125          60  0.976604002858574     
         126          60  0.975054196118658     
         127          60  0.980184434775802     
         128          61  0.958462162036226     
         129          61  0.958911812257085     
         130          62  0.956375152291972     
         131          62  0.969653676138891     
         132          63  0.964246663135129     
         133          63  0.965545112728255     
         134          64  0.955784695757040     
         135          65  0.972830225180813     
         136          65  0.978319885313179     
         137          65  0.974108520685864     
         138          66  0.982712379175360     
         139          66  0.974278743694001     
         140          66  0.980905846357866     
