  0.355108702285094     
 -6.630634782624156E-003
 -5.519607383871339E-002
 -4.501678500881212E-002
 -2.332898207186584E-002
 -0.166801309337218     
  5.956528421723073E-002
 -2.034162430349351E-002
 -3.261973909275007E-002
  1.200964399719506E-002
 -7.944528382409466E-002
 -5.132720883496678E-002
 -5.307674906105486E-002
  0.202336497047972     
 -0.285468384629360     
 -0.140074530180886     
 -0.219749511990275     
  3.133223005802011E-002
 -4.026339104880172E-002
 -6.618954343119832E-002
  6.543223309307677E-004
 -6.536702544446094E-002
  0.153566979513525     
 -0.222754997759697     
 -9.571191183302918E-002
 -0.153343129970998     
  1.823049922898257E-002
 -2.328505970399419E-002
 -4.677955324274219E-002
  6.116477004637355E-002
 -8.958893230849352E-002
 -5.882911014317926E-002
 -9.079702282203606E-002
 -0.212848430817838     
  4.545585574020228E-002
  2.412658011410862E-002
 -5.548729086878890E-002
  4.279781339231459E-002
 -5.934783250336828E-002
  0.164826299682869     
 -0.213218747655372     
 -3.687489331594573E-002
  0.212064139620522     
 -0.309948073491798     
 -0.153169567791414     
  1.581460425606851E-002
  4.167868295701949E-002
 -7.432158748823348E-002
 -1.239755869756998E-003
 -8.030570385716196E-002
 -7.028167482004744E-002
 -7.346248045956827E-002
 -8.139440822193933E-002
 -1.541505878147120E-002
 -0.103336789185150     
 -5.262659125888547E-002
 -5.493436601000212E-002
 -8.147838537035756E-002
 -1.086352328420404E-002
 -0.100410364707761     
 -6.590708227843134E-002
 -6.405830718666472E-002
 -5.680921390937677E-002
  6.229246794611232E-003
 -0.120286679659034     
 -9.922462609435900E-002
  6.055746588387056E-002
  6.144163605133679E-002
  4.803222319661560E-002
  5.629707866172251E-002
  3.290223821867599E-002
  4.757489395105285E-002
  4.213547923101524E-002
  3.407222930147813E-002
  3.596548490797469E-002
  5.109720172423826E-002
  4.535639054408114E-002
  4.114792574817383E-002
  5.414082658757424E-002
  4.399927881586119E-002
  4.985769652984318E-002
  4.320194794420973E-002
  4.450510015491094E-002
  4.839445321397617E-002
  4.596535138459512E-002
  4.953261707539913E-002
  4.252033704475489E-002
  4.915995898904946E-002
  3.435624184092301E-002
  4.008417702401657E-002
  3.684240609138500E-002
  3.308770448393528E-002
  3.496599223820895E-002
  3.461149655529683E-002
  4.731554050172027E-002
  5.087074368505795E-002
  5.157224043781206E-002
  5.272531490384647E-002
  5.851878878053574E-002
  5.412917964974084E-002
  4.147696397729572E-002
  6.093527091109818E-002
  6.351577288232324E-002
  3.836867957045831E-002
  4.402176708408834E-002
  4.803973590590205E-002
  4.222684293477952E-002
  3.294502386292908E-002
  3.808447371406143E-002
  1.838237191454639E-002
  2.554287007724643E-002
  2.506588416039568E-002
  3.142709467511628E-002
  4.240499252964414E-002
  3.996984476269816E-002
  2.999525464221098E-002
  3.218670400537182E-002
  4.018688642300472E-002
  2.910359561422937E-002
  3.973293457118865E-002
  3.363356877848644E-002
  1.966003600996502E-002
  2.764851840023297E-002
  1.869751779727302E-002
  3.599088915059823E-002
  2.684204278910285E-002
  4.198869664685490E-002
  2.776808176313550E-002
  2.401724675652994E-002
  3.319629994914886E-002
  2.810434520259930E-002
  3.655915637432128E-002
  3.612161733894137E-002
  2.854069796319580E-002
  3.136953689369026E-002
  2.844559617769427E-002
  3.689644384977719E-002
  2.122144425494799E-002
  3.546940148880862E-002
  3.955403511187994E-002
