 excitation energies, transition moments and TDA amplitudes
 state    eV      nm       fL        Rv(corr)
    1    2.131   581.7     0.2443     2.5166     0.62( 143-> 144)  0.61( 142-> 144)  0.25( 142-> 147)
    2    2.285   542.6     0.5605     0.8944    -0.61( 143-> 144)  0.60( 142-> 144) -0.33( 143-> 147)
    3    2.898   427.8     0.0188    -5.0394    -0.93( 141-> 144)  0.15( 143-> 147) -0.14( 142-> 144)
    4    3.121   397.2     0.0033    -7.4143    -0.82( 143-> 145)  0.43( 143-> 146) -0.29( 142-> 145)
    5    3.402   364.5     0.0061    22.0615     0.84( 142-> 145) -0.38( 142-> 146) -0.27( 143-> 145)
    6    3.568   347.5     0.0010     1.2919    -0.74( 140-> 144) -0.40( 143-> 147) -0.36( 139-> 144)
    7    3.797   326.5     0.2042    10.7378    -0.72( 143-> 146) -0.44( 143-> 145) -0.30( 142-> 146)
    8    3.991   310.6     0.6891   -19.7026    -0.57( 142-> 146) -0.34( 143-> 147)  0.28( 143-> 146)
    9    4.122   300.8     0.1017    -6.8991    -0.73( 139-> 144)  0.37( 140-> 144)  0.27( 136-> 144)
