           6           1  0.353193445658276     
           7           2   1.44223032919736     
           7           6   1.24936922767023     
           8           7  0.944693374917728     
           9           8  0.949262886020818     
          10           3   1.36096267474817     
          10           6   1.26660807636691     
          10           9  0.911534859524613     
          11           9  0.976631964562826     
          12           8  0.938119832939675     
          13          12  0.958349819578733     
          14          13  0.962016315973492     
          15          14   1.76975291758184     
          16          14   1.11833819615397     
          17           1  0.568366995444485     
          18           3   1.25183703006888     
          18          17   1.15892444519759     
          19          18   1.22004057217702     
          20          19   1.39480819259267     
          21           4   1.21767309887775     
          21          17   1.17393608821257     
          21          20   1.17616834299649     
          22          19  0.973801583572535     
          23          20  0.957347780876953     
          24          23   1.87770639721220     
          25          23  0.948681799491723     
          26           1  0.381929935881980     
          27           4   1.47151563500699     
          27          26   1.18672682415509     
          28          27  0.929752050292862     
          29          28  0.959617806220829     
          30           5   1.43931254827679     
          30          26   1.30125419838766     
          30          29  0.900099193187655     
          31          28  0.980718698382142     
          32          29  0.954891659567001     
          33          32   1.00146853300152     
          34           1  0.449729350414869     
          35           5   1.24585607829593     
          35          34   1.15128805285225     
          36          35   1.20550197994867     
          37          36   1.34518265987772     
          38           2   1.18390328796388     
          38          34   1.25350965602617     
          38          37   1.16056988922295     
          39          36   1.00991560824579     
          40          37   1.08260172489591     
          41          40   1.85173030017399     
          42           2  0.919031548385909     
          42          40  0.788792320130023     
          43          42   1.00644816812833     
          44          43   1.73759828632060     
          45          43   1.08548264766327     
          46          45  0.966201471751115     
          47          16  0.926017262026440     
          48          47  0.994405529144851     
          49          48   1.87460304500336     
          50          49  0.998245120341135     
          51          49  0.970233453342243     
          52          51  0.952911890145337     
          53          52  0.997243939918918     
          54          53  0.948003452348075     
          55          54  0.983219057092946     
          56          54  0.976094090109499     
          57          56  0.984119243777246     
          58          57  0.990327931348637     
          59          58  0.956690526462765     
          60          59  0.985788711707236     
          61          59  0.991904048911484     
          62          61  0.974022060879586     
          63          62  0.974165233635189     
          64          63  0.980045096851071     
          65          64  0.980030549823714     
          66          64   1.00106037078954     
          67           3  0.940312795304026     
          68           4  0.928254873276711     
          69           5  0.934552355010390     
          70           8  0.933249095180193     
          71           9  0.943318751404478     
          72          11  0.977460690461743     
          73          11  0.976679729496366     
          74          11  0.980935195159885     
          75          12  0.964680562489821     
          76          12  0.960346694848891     
          77          13  0.958307358768473     
          78          13  0.954058707621051     
          79          22  0.973541343211374     
          80          22  0.978968298531578     
          81          22  0.969779753389995     
          82          25  0.972302295622288     
          83          25  0.966242880384427     
          84          25  0.961693434800114     
          85          28  0.939246062145810     
          86          29  0.934694289098682     
          87          31  0.975415712924788     
          88          31  0.972040802590265     
          89          31  0.981858535136326     
          90          32  0.966481788538192     
          91          32  0.967675889918230     
          92          33  0.983769027866003     
          93          33  0.985593229368312     
          94          33  0.980921034441905     
          95          39  0.971755685372141     
          96          39  0.973020019088337     
          97          39  0.957581952484194     
          98          42  0.932225444503022     
          99          46  0.982728309568602     
         100          46  0.982592957355903     
         101          46  0.991901496412429     
         102          47  0.963838437228709     
         103          47  0.963306950106965     
         104          48  0.937169272275067     
         105          50  0.970315562634061     
         106          50  0.973082530232180     
         107          50  0.962846396441113     
         108          51  0.957293987127885     
         109          51  0.962062353790195     
         110          52  0.973942664991724     
         111          52  0.968386416895146     
         112          53  0.967522951146926     
         113          53  0.966307039274287     
         114          54  0.948381578450690     
         115          55  0.979705384954429     
         116          55  0.975513405690018     
         117          55  0.977621970430517     
         118          56  0.959391767189789     
         119          56  0.962470801908559     
         120          57  0.968290242296015     
         121          57  0.961934034608793     
         122          58  0.961403151281612     
         123          58  0.963461396119317     
         124          59  0.950207230967118     
         125          60  0.971295078096173     
         126          60  0.974720863909853     
         127          60  0.977270287609971     
         128          61  0.954515827550438     
         129          61  0.963467937732321     
         130          62  0.974421443368105     
         131          62  0.965375486100108     
         132          63  0.961952980338333     
         133          63  0.968154019727242     
         134          64  0.952814720107385     
         135          65  0.973456500121558     
         136          65  0.973279359098096     
         137          65  0.978935608215085     
         138          66  0.979002564254855     
         139          66  0.972631985300071     
         140          66  0.974260677638909     
