  0.300429713306164     
  2.332439388423690E-002
 -3.277187908987056E-002
 -3.334796312774113E-002
 -3.078719110290695E-002
 -0.139661867545998     
  3.899631699592865E-002
 -3.000582388955753E-002
 -3.767323147061230E-002
  2.055091173244916E-002
 -7.952656806126956E-002
 -3.998164723240194E-002
 -4.610196849592985E-002
  0.200097809494808     
 -0.252244709675008     
 -0.171523188547110     
 -0.221532301857907     
  1.460294916426008E-002
 -1.470130570261485E-002
 -5.283922239276606E-002
  4.477878958520387E-002
 -7.376305999098864E-002
  0.168338187514240     
 -0.286784501917476     
 -9.201550701602290E-002
 -0.194241649901383     
  4.196138660718063E-002
 -1.617304655006890E-002
 -3.570676058362476E-002
  4.225410072520885E-002
 -8.261807453325698E-002
 -4.136755742628839E-002
 -8.706194216664631E-002
 -0.220780073187971     
  4.436546627278704E-002
 -1.496371223754078E-002
 -5.024948957852882E-002
  4.080765612602111E-002
 -6.655923475869763E-002
  0.126791805445148     
 -0.226743064039499     
 -3.473428829759229E-002
  0.213423580438285     
 -0.258819012132931     
 -0.134566544256592     
  1.054766336347557E-002
  3.456178220624739E-002
 -8.458654564476298E-002
 -4.512768666097067E-002
 -8.661661634357554E-002
 -4.935899977673674E-002
 -4.807878095910478E-002
 -7.951914544574645E-002
 -3.449168098255129E-002
 -0.116688235316228     
 -7.341434950472703E-002
 -5.135998815970044E-002
 -7.608545935287570E-002
 -2.975327570322950E-002
 -9.829213448711904E-002
 -7.080034448221539E-002
 -8.449774173551194E-002
 -7.288462607042234E-002
 -1.275054490230954E-002
 -0.110487825926819     
 -0.100670961654486     
  5.388612165601459E-002
  5.959852671005739E-002
  5.417519272366711E-002
  5.560688272069514E-002
  4.021257672344836E-002
  5.385988672835429E-002
  4.526078293278402E-002
  3.608838205013343E-002
  4.205423413647480E-002
  4.800251759386676E-002
  4.761969090744467E-002
  4.509076162369119E-002
  4.766129563296395E-002
  4.889650994562800E-002
  5.095165351703312E-002
  4.391646081111489E-002
  4.898292084012001E-002
  4.236271470421737E-002
  4.339402895481903E-002
  4.582056879547625E-002
  2.774239435619841E-002
  4.183454302982237E-002
  4.018465313512509E-002
  4.380724794805524E-002
  3.601975344315966E-002
  3.550728900749256E-002
  3.741963068740450E-002
  3.804655646910315E-002
  4.947017303668100E-002
  4.665552243084092E-002
  4.941638127464965E-002
  6.062260341535841E-002
  5.285080807316267E-002
  5.097484505340411E-002
  4.711323887020169E-002
  5.876470873153861E-002
  6.588956974196380E-002
  3.580990249805249E-002
  4.369235153739293E-002
  4.345931265576708E-002
  4.776353495193841E-002
  4.463680322219121E-002
  4.635765850484874E-002
  4.219163864767206E-002
  5.008687592361827E-002
  2.845738066479142E-002
  3.213863508809001E-002
  1.961861959973710E-002
  3.342111033759443E-002
  2.744289065426286E-002
  3.115279894164646E-002
  3.632543217422257E-002
  2.897795891201937E-002
  4.756556880610630E-002
  3.814398712900391E-002
  4.271389394192859E-002
  2.802018681006690E-002
  2.589449800851773E-002
  3.240373353469872E-002
  3.444043937590002E-002
  3.997267697236484E-002
  3.256029349856193E-002
  3.351870266648438E-002
  2.881555793411883E-002
  2.444990950525860E-002
  3.964973696199892E-002
  2.828790014362348E-002
  4.086338514176935E-002
  3.379174280095876E-002
  3.599969548355531E-002
  3.955003242467481E-002
  4.226329665691253E-002
  2.986343110029466E-002
  3.341561539143489E-002
