 excitation energies, transition moments and TDA amplitudes
 state    eV      nm       fL        Rv(corr)
    1    2.236   554.4     0.6456     8.2454     0.84( 142-> 143) -0.37( 141-> 145)  0.24( 141-> 143)
    2    2.364   524.4     0.1671     0.0586    -0.82( 141-> 143) -0.38( 142-> 145)  0.23( 142-> 143)
    3    3.237   383.1     0.0047    -7.6528    -0.93( 140-> 143) -0.16( 141-> 144)  0.15( 138-> 143)
    4    3.476   356.7     0.0075     9.1307     0.72( 138-> 143) -0.33( 139-> 143) -0.28( 136-> 143)
    5    3.557   348.6     0.0865     5.6598    -0.74( 142-> 144)  0.41( 142-> 145)  0.36( 142-> 146)
    6    3.674   337.5     0.0820    15.4669     0.52( 141-> 144)  0.37( 142-> 145) -0.32( 141-> 145)
    7    3.815   325.0     0.0195    20.5827     0.54( 141-> 144)  0.53( 139-> 143) -0.35( 136-> 143)
    8    3.956   313.4     0.0166    -6.4158     0.60( 142-> 147) -0.45( 142-> 146)  0.31( 136-> 143)
    9    4.077   304.1     0.0407    52.9032    -0.66( 135-> 143) -0.41( 139-> 143) -0.32( 138-> 143)
