 excitation energies, transition moments and TDA amplitudes
 state    eV      nm       fL        Rv(corr)
    1    2.196   564.5     0.2100     4.2336    -0.84( 143-> 145) -0.28( 141-> 145)  0.26( 144-> 147)
    2    2.234   555.0     0.8307     1.5343    -0.86( 144-> 145) -0.30( 143-> 147)  0.23( 143-> 145)
    3    2.883   430.1     0.0060    -8.0889    -0.89( 142-> 145)  0.38( 141-> 145) -0.10( 143-> 145)
    4    3.214   385.8     0.0615     3.5757     0.81( 141-> 145)  0.37( 142-> 145)  0.25( 144-> 147)
    5    3.664   338.3     0.0554     3.2004    -0.64( 144-> 148)  0.58( 144-> 149) -0.41( 144-> 147)
    6    3.739   331.6     0.0946    -0.2049    -0.63( 139-> 145)  0.59( 144-> 146)  0.18( 142-> 147)
    7    3.878   319.8     0.0743   -11.5030    -0.57( 139-> 145) -0.44( 144-> 146)  0.38( 144-> 147)
    8    3.904   317.6     0.0077   -60.3923     0.50( 143-> 146) -0.49( 143-> 147) -0.34( 144-> 147)
    9    3.950   313.9     0.0239    69.9816     0.51( 143-> 149) -0.48( 143-> 148)  0.47( 138-> 145)
