           6           1  0.392098357384491     
           7           2   1.47007962847255     
           7           6   1.22691705192558     
           8           7  0.907513374295119     
           9           8  0.954708682077077     
          10           3   1.51183677994817     
          10           6   1.19333335831863     
          10           9  0.942864691126137     
          11           9  0.951412890342967     
          12           8  0.958835151691324     
          13          12  0.979073994518820     
          14          13  0.920496581078681     
          15          14   1.84428099757636     
          16          14   1.07970362130581     
          17           1  0.446919695098403     
          18           3   1.18005701000945     
          18          17   1.21641564246165     
          19          18   1.19368545885722     
          20          19   1.42917435247253     
          21           4   1.29302171163376     
          21          17   1.18617671504943     
          21          20   1.08138215721400     
          22          19  0.988473317015581     
          23          20   1.02145693196975     
          24          23   1.82127547638082     
          25          23  0.935640025613723     
          26           1  0.423221628044620     
          27           4   1.44408247882940     
          27          26   1.20906067765754     
          28          27  0.926614450945798     
          29          28  0.950679347221290     
          30           5   1.44712361883123     
          30          26   1.23632442180912     
          30          29  0.928961886691687     
          31          28  0.961090348680679     
          32          29  0.939645256611773     
          33          32  0.998091375510488     
          34           1  0.576594839332954     
          35           5   1.20630786904050     
          35          34   1.11881728972001     
          36          35   1.31436435044237     
          37          36   1.24035952836270     
          38           2   1.14290875766867     
          38          34   1.15718311786595     
          38          37   1.28741881537011     
          39          36  0.973360834690208     
          40          37   1.09179700876850     
          41          40   1.77632875952652     
          42           2  0.931641647417549     
          42          40  0.864621901832150     
          43          42  0.941423532883329     
          44          43   1.80654672238519     
          45          43   1.06811489377562     
          46          45  0.967183009340575     
          47          16  0.945118100417835     
          48          47   1.00821769424570     
          49          48   1.88118146857955     
          50          49  0.987125771021619     
          51          49  0.969078508402423     
          52          51  0.972931878718083     
          53          52  0.982502703128058     
          54          53  0.970730656046521     
          55          54  0.968900553556621     
          56          54  0.972158374747553     
          57          56  0.966471700959903     
          58          57   1.00855451875760     
          59          58  0.957212569752747     
          60          59   1.01235648191263     
          61          59  0.955710799514088     
          62          61  0.991938816992311     
          63          62  0.972572679272170     
          64          63  0.983867028970687     
          65          64  0.978072816853052     
          66          64  0.984049495255055     
          67           3  0.936454636248330     
          68           4  0.927013000074801     
          69           5  0.939379590586654     
          70           8  0.936365929519430     
          71           9  0.942157609245745     
          72          11  0.979048010313893     
          73          11  0.982218498815855     
          74          11  0.979073660725434     
          75          12  0.964159851703744     
          76          12  0.963044766088513     
          77          13  0.946543050163658     
          78          13  0.962911010013233     
          79          22  0.964406241959380     
          80          22  0.968443755079960     
          81          22  0.975184570568106     
          82          25  0.971211611420130     
          83          25  0.973136742403077     
          84          25  0.961145602372822     
          85          28  0.947510915232723     
          86          29  0.940108076870719     
          87          31  0.980290326578954     
          88          31  0.979251950008684     
          89          31  0.975321143651264     
          90          32  0.968386582560969     
          91          32  0.968493743506874     
          92          33  0.974674913590410     
          93          33  0.986077990737453     
          94          33  0.985655629019277     
          95          39  0.968122870022630     
          96          39  0.977155667274120     
          97          39  0.979522905990930     
          98          42  0.931489724126592     
          99          46  0.990633401178728     
         100          46  0.981707679978890     
         101          46  0.983795099707042     
         102          47  0.948957534489738     
         103          47  0.961127933929900     
         104          48  0.939214686459865     
         105          50  0.974605204966516     
         106          50  0.965815339162398     
         107          50  0.972588763357815     
         108          51  0.949976982785864     
         109          51  0.961342784582098     
         110          52  0.968356141531195     
         111          52  0.968675456231295     
         112          53  0.950136700792627     
         113          53  0.962412983805103     
         114          54  0.949076475629727     
         115          55  0.981715721079222     
         116          55  0.982854570211635     
         117          55  0.980366189426670     
         118          56  0.964907331989893     
         119          56  0.961022222996632     
         120          57  0.959845776513724     
         121          57  0.964114000143000     
         122          58  0.956994472687356     
         123          58  0.957508489876278     
         124          59  0.945821458210458     
         125          60  0.969295063161419     
         126          60  0.966786484375145     
         127          60  0.975696842723241     
         128          61  0.957742399375843     
         129          61  0.965807175873072     
         130          62  0.968289766796850     
         131          62  0.959193849993465     
         132          63  0.959837438250859     
         133          63  0.966114961419027     
         134          64  0.956026380491847     
         135          65  0.974854375486588     
         136          65  0.977539986970692     
         137          65  0.982268236912967     
         138          66  0.979297502639030     
         139          66  0.977371754659087     
         140          66  0.981585243669782     
