  0.306355296208709     
  3.010627476934147E-003
 -4.338528646323514E-002
 -3.425547872918955E-002
 -1.381939195942383E-002
 -0.164516539303458     
  2.364799166412013E-002
 -2.639289049579840E-002
 -8.563133713142435E-003
  4.586062277297875E-002
 -8.960471287477478E-002
 -5.240452896716352E-002
 -6.198004969267945E-002
  0.238702751976556     
 -0.282655746315400     
 -0.157026986563872     
 -0.219035324912613     
  2.955486753162617E-002
 -2.095509942215923E-002
 -6.904611683192119E-002
  3.582181280957730E-002
 -6.840078779421432E-002
  0.131983784463527     
 -0.257201612880193     
 -8.537643068258571E-002
 -0.155267403168957     
  1.116181445332032E-002
 -8.424426967426513E-003
 -2.928602408875935E-002
  6.165884207851979E-002
 -8.327790216725095E-002
 -8.546378648137232E-002
 -8.355754888202327E-002
 -0.215091303854382     
  3.616012001133617E-002
  1.536492451784310E-002
 -6.073216517840496E-002
  1.342553377224753E-002
 -7.759863853216231E-002
  0.149407212573923     
 -0.225690293236632     
 -2.333958572713524E-002
  0.220001125485032     
 -0.257487748556823     
 -0.168285054355497     
  1.102421837998246E-002
  3.951966800506135E-002
 -7.332443436126024E-002
 -1.822234799051081E-002
 -8.169371650327228E-002
 -6.707373379994497E-002
 -4.955881073789392E-002
 -6.650703067792119E-002
 -2.621629731476283E-002
 -0.103341315001967     
 -6.759612666291215E-002
 -7.779525193326986E-002
 -6.887106611224247E-002
 -3.519460860815560E-002
 -0.100631795972062     
 -7.358754618100605E-002
 -5.620613540694741E-002
 -9.246245585931412E-002
 -2.306420013698229E-002
 -0.100172477383581     
 -9.953275390679295E-002
  5.628631269604867E-002
  5.098872681399369E-002
  5.548351382623762E-002
  5.643028566490360E-002
  4.879541120358033E-002
  2.648879610616806E-002
  4.086916215877123E-002
  3.645394620557907E-002
  4.849126932775505E-002
  3.854894772179662E-002
  5.713357058387225E-002
  4.228522803294021E-002
  5.351922806824638E-002
  5.167826355608607E-002
  3.814024950633099E-002
  6.323973298772878E-002
  4.455397043411891E-002
  5.991816746656298E-002
  5.580710478647766E-002
  4.013491292915161E-002
  4.037109959913410E-002
  4.120419349914894E-002
  3.746363661277430E-002
  2.978001101712668E-002
  3.130896837677732E-002
  4.010692296923390E-002
  4.205240692709311E-002
  3.334507736197900E-002
  4.438532153825869E-002
  4.090300698487681E-002
  4.994873414947565E-002
  6.906675624968628E-002
  5.329413779026737E-002
  5.715842716041830E-002
  4.982616355982872E-002
  5.034901491253363E-002
  5.284623075962525E-002
  4.815338172179939E-002
  5.040672078051311E-002
  4.176193704371667E-002
  4.653439333675724E-002
  3.684434114884605E-002
  3.327149098875082E-002
  4.566652153265416E-002
  3.005381276285246E-002
  2.800586377227077E-002
  4.198316548488046E-002
  2.973214713829708E-002
  3.412147108979768E-002
  3.534105292466438E-002
  2.643735218586529E-002
  4.332363913065085E-002
  2.121295224709752E-002
  2.572671336524857E-002
  3.694174178403997E-002
  3.679796905434929E-002
  3.617312128184325E-002
  3.031904507193861E-002
  3.676192029693071E-002
  3.439724896537477E-002
  2.603874079899082E-002
  4.419763911090169E-002
  3.321539792727368E-002
  3.754550160711512E-002
  4.113087972526763E-002
  3.154502299325268E-002
  3.226579573500310E-002
  3.332740176751092E-002
  3.952136628027147E-002
  3.437321241629010E-002
  2.582087202595429E-002
  3.530434840632046E-002
  3.058531229319184E-002
  3.301648542702962E-002
