 excitation energies, transition moments and TDA amplitudes
 state    eV      nm       fL        Rv(corr)
    1    2.192   565.6     0.6170    -4.7137     0.87( 143-> 144)  0.34( 142-> 145) -0.25( 142-> 146)
    2    2.364   524.5     0.1172    -7.0775    -0.82( 142-> 144)  0.42( 143-> 145) -0.26( 143-> 146)
    3    3.135   395.4     0.0074   -20.0618    -0.95( 141-> 144) -0.12( 141-> 146)  0.11( 142-> 146)
    4    3.549   349.4     0.0246    -2.0421     0.64( 140-> 144) -0.37( 143-> 147) -0.37( 143-> 146)
    5    3.643   340.3     0.0120   -21.2380     0.65( 143-> 146)  0.42( 143-> 147)  0.37( 143-> 145)
    6    3.781   328.0     0.4106    39.5111     0.57( 143-> 147) -0.46( 143-> 145) -0.31( 142-> 145)
    7    3.939   314.7     0.1423     0.3857    -0.61( 142-> 146) -0.35( 142-> 145)  0.32( 143-> 145)
    8    3.981   311.5     0.3100   -76.5354    -0.44( 139-> 144)  0.32( 136-> 144) -0.27( 137-> 144)
    9    4.055   305.7     0.2534     0.4550     0.44( 142-> 146)  0.42( 142-> 147)  0.36( 143-> 148)
