           6           1  0.378400765154996     
           7           2   1.42348070680816     
           7           6   1.21543109718949     
           8           7  0.914854532379333     
           9           8  0.969697419183738     
          10           3   1.36210906988129     
          10           6   1.29175607082992     
          10           9  0.935979973613314     
          11           9  0.966261721060400     
          12           8  0.940939538071782     
          13          12  0.975935955811666     
          14          13  0.934627164309696     
          15          14   1.82900756336007     
          16          14   1.08766555532342     
          17           1  0.516947121009256     
          18           3   1.29003485876690     
          18          17   1.14097931892833     
          19          18   1.17640522591420     
          20          19   1.43652401283429     
          21           4   1.30792087197502     
          21          17   1.21784614915205     
          21          20   1.08887105518748     
          22          19  0.985695957752686     
          23          20  0.980842135266847     
          24          23   1.81329368624017     
          25          23  0.988610006779954     
          26           1  0.369216870567700     
          27           4   1.41764625648233     
          27          26   1.19389474187278     
          28          27  0.934843308107595     
          29          28  0.940214160180368     
          30           5   1.37856039541464     
          30          26   1.31050055297786     
          30          29  0.930998639230817     
          31          28  0.978030511066225     
          32          29  0.958965484857717     
          33          32  0.982350405864329     
          34           1  0.536392124313780     
          35           5   1.32199955601481     
          35          34   1.09965797673046     
          36          35   1.21379916137879     
          37          36   1.34989564677579     
          38           2   1.17569954425086     
          38          34   1.20302087806152     
          38          37   1.20082845823714     
          39          36   1.00045778609316     
          40          37   1.02188600780157     
          41          40   1.84958844223438     
          42           2  0.961075402545282     
          42          40  0.848303374354134     
          43          42  0.932934411323218     
          44          43   1.82614998525787     
          45          43   1.05623889995183     
          46          45  0.971059824162366     
          47          16  0.937107260979535     
          48          47  0.989473000731346     
          49          48   1.88947134122960     
          50          49  0.983584727312423     
          51          49  0.968367056939156     
          52          51  0.966165089169533     
          53          52  0.987908622455924     
          54          53  0.977257513175746     
          55          54  0.976267741558174     
          56          54  0.970820479541462     
          57          56  0.988735085550285     
          58          57  0.981046933898080     
          59          58  0.953431973838006     
          60          59   1.00581247832089     
          61          59  0.960294633836136     
          62          61  0.973698940870454     
          63          62  0.986214078265721     
          64          63  0.941172960065336     
          65          64   1.00720234552957     
          66          64  0.992099461902764     
          67           3  0.938691241152546     
          68           4  0.927517187295413     
          69           5  0.933018858910346     
          70           8  0.937105014897012     
          71           9  0.933829724877114     
          72          11  0.980251392122225     
          73          11  0.979317500005879     
          74          11  0.976537859643888     
          75          12  0.962272413810838     
          76          12  0.964252610374922     
          77          13  0.931566506968875     
          78          13  0.959418305479158     
          79          22  0.970462799755475     
          80          22  0.964369698926774     
          81          22  0.975708540563020     
          82          25  0.950615333505327     
          83          25  0.955496891280865     
          84          25  0.965038079381294     
          85          28  0.940144102105332     
          86          29  0.939113249681498     
          87          31  0.977856317322199     
          88          31  0.978592368770900     
          89          31  0.977672393624222     
          90          32  0.970700637781407     
          91          32  0.967410853621289     
          92          33  0.986389310459065     
          93          33  0.985328345730455     
          94          33  0.985223742504535     
          95          39  0.961156995463034     
          96          39  0.970829355109949     
          97          39  0.972018888198541     
          98          42  0.924594334385211     
          99          46  0.982511077246096     
         100          46  0.988801126421574     
         101          46  0.985644455373527     
         102          47  0.966609347104687     
         103          47  0.964077671147913     
         104          48  0.936016287470134     
         105          50  0.974199675377630     
         106          50  0.975283185077143     
         107          50  0.968879096721657     
         108          51  0.959668267294253     
         109          51  0.962129775699497     
         110          52  0.959398602765009     
         111          52  0.971885983178047     
         112          53  0.961407676266666     
         113          53  0.953824731356147     
         114          54  0.948737784285687     
         115          55  0.978984931277789     
         116          55  0.980912332821831     
         117          55  0.976320236870154     
         118          56  0.961301342121994     
         119          56  0.960702253199871     
         120          57  0.965286050530718     
         121          57  0.963271456285421     
         122          58  0.962662828993338     
         123          58  0.968654142266837     
         124          59  0.949837551947564     
         125          60  0.975655445027694     
         126          60  0.972128183198193     
         127          60  0.979265373223642     
         128          61  0.963917324964339     
         129          61  0.969483183689467     
         130          62  0.972450191126708     
         131          62  0.960421892632972     
         132          63  0.960394666673171     
         133          63  0.966359925485290     
         134          64  0.958989024649396     
         135          65  0.975881137299580     
         136          65  0.972632835164413     
         137          65  0.976432120759118     
         138          66  0.979403963593102     
         139          66  0.978955279993663     
         140          66  0.976047576441013     
