  0.305516139363391     
  1.189238785660240E-003
 -3.383006828845492E-002
 -1.647410291249685E-002
 -1.669085999787789E-002
 -0.163543499824498     
  2.775744924093626E-002
 -2.501785717564609E-002
 -4.229147008651424E-002
  3.345107806307412E-002
 -9.243790206686242E-002
 -4.746119273843163E-002
 -4.847119330828598E-002
  0.229407275811980     
 -0.266665632136822     
 -0.172551470968369     
 -0.214800690631206     
  1.647525027778718E-002
 -4.420335997629454E-002
 -4.842190690922088E-002
  3.850615633603205E-002
 -7.232337759868468E-002
  0.142025051570493     
 -0.229557327279271     
 -0.111972410101145     
 -0.157432320832885     
  4.529075140798700E-002
 -4.596357923746641E-002
 -2.588343062402032E-002
  4.410678681659697E-002
 -9.522204770123377E-002
 -4.051879185462770E-002
 -9.217725125696585E-002
 -0.200861375007328     
  2.478375245557718E-002
 -1.268018679402605E-002
 -7.646748707339590E-002
  2.419957908294501E-002
 -7.029557412088128E-002
  0.169559653865568     
 -0.244794958746758     
 -3.499133973854374E-002
  0.239783875813574     
 -0.258627295193967     
 -0.133390506241299     
  1.955500706574664E-002
  4.287315415433435E-002
 -7.675162079043929E-002
 -2.402989613101525E-002
 -0.108457602020086     
 -5.288363402095175E-002
 -5.380402829637454E-002
 -5.351242853969307E-002
 -2.035867749850961E-002
 -0.112605347321868     
 -7.014006744323353E-002
 -5.928852666129458E-002
 -8.190999869176796E-002
 -3.732053463116092E-002
 -9.937273561597237E-002
 -5.911777213251934E-002
 -7.661550544191797E-002
 -5.787841643305391E-002
 -2.762638796262262E-002
 -9.815646149482760E-002
 -0.123771701281925     
  6.186958690631972E-002
  5.077309686199660E-002
  5.500043324197434E-002
  4.796860025273730E-002
  4.286932460696236E-002
  3.696457518052265E-002
  4.133343743918194E-002
  4.192628682306920E-002
  3.983602259536745E-002
  4.202423965807278E-002
  4.871213566720001E-002
  4.214955615033755E-002
  6.052157524380075E-002
  6.034656512422709E-002
  4.629533858524360E-002
  4.557262811000651E-002
  4.246782100228441E-002
  4.362129374039458E-002
  3.463017647485478E-002
  5.479089952168559E-002
  3.739611146169075E-002
  4.576678185710381E-002
  4.369775914495666E-002
  4.365805245600374E-002
  3.553442574835652E-002
  2.972844377238271E-002
  3.430562910768931E-002
  4.381271034613288E-002
  4.763013757770684E-002
  4.302347412590546E-002
  5.852422307809235E-002
  5.689315981252074E-002
  5.148601999949587E-002
  4.268314600472223E-002
  6.616111778400646E-002
  6.300420434146614E-002
  5.226041742526955E-002
  4.171309888451835E-002
  3.631955860144109E-002
  4.905527887468919E-002
  3.147242401416084E-002
  4.498230446976159E-002
  3.997231807904433E-002
  3.632080863023446E-002
  3.533973155553582E-002
  4.218088304087064E-002
  3.639926795715887E-002
  4.004965951155759E-002
  3.418322272855068E-002
  2.693224058946020E-002
  2.420536342653257E-002
  3.983024016851633E-002
  3.254599325643648E-002
  3.001622175300789E-002
  3.329469748308167E-002
  2.936321584018486E-002
  2.159261800392076E-002
  3.319560708358082E-002
  3.451170033278728E-002
  4.179851317256389E-002
  3.331275077361540E-002
  3.906520062571261E-002
  3.559394320333664E-002
  3.266181888201236E-002
  2.174142996744044E-002
  4.377092478371480E-002
  3.493247810107136E-002
  3.794730988237527E-002
  3.374544942413416E-002
  3.549311157063983E-002
  3.357949244277836E-002
  2.227759470362378E-002
  3.939622003778542E-002
  3.110950963539727E-002
