 excitation energies, transition moments and TDA amplitudes
 state    eV      nm       fL        Rv(corr)
    1    2.239   553.8     0.7299    -3.3169     0.88( 143-> 144) -0.41( 142-> 145) -0.11( 142-> 146)
    2    2.406   515.2     0.0847     5.0500    -0.83( 142-> 144) -0.47( 143-> 145)  0.18( 139-> 144)
    3    3.345   370.7     0.0058     3.5548    -0.89( 141-> 144) -0.25( 139-> 144) -0.22( 143-> 145)
    4    3.525   351.7     0.1019     3.4357    -0.68( 143-> 147) -0.53( 143-> 145)  0.31( 141-> 144)
    5    3.738   331.7     0.0408     0.6486     0.58( 139-> 144) -0.43( 138-> 144) -0.42( 143-> 147)
    6    3.798   326.5     0.0955    10.2103     0.87( 143-> 146)  0.21( 143-> 148)  0.18( 138-> 144)
    7    3.905   317.5     0.0036    -6.1658    -0.57( 138-> 144) -0.52( 139-> 144)  0.44( 137-> 144)
    8    4.015   308.8     0.3122    28.1556     0.69( 142-> 147)  0.52( 142-> 145) -0.28( 142-> 146)
    9    4.115   301.3     0.0451     3.4320    -0.42( 135-> 144)  0.38( 136-> 144) -0.30( 137-> 144)
