           6           1  0.419032898269767     
           7           2   1.41552266603966     
           7           6   1.17299039273658     
           8           7  0.962725225251067     
           9           8  0.940391674623862     
          10           3   1.39815826912743     
          10           6   1.27533749241779     
          10           9  0.926524865194493     
          11           9  0.948102603851980     
          12           8  0.929631085747121     
          13          12  0.984728572361756     
          14          13  0.941411051605023     
          15          14   1.85260086145525     
          16          14   1.04639218429296     
          17           1  0.518626970982149     
          18           3   1.31361284203059     
          18          17   1.15160809307666     
          19          18   1.16398479913501     
          20          19   1.44881776746119     
          21           4   1.34057630189147     
          21          17   1.16463878407104     
          21          20   1.09684292365000     
          22          19  0.960484078506316     
          23          20   1.01708856148737     
          24          23   1.86060851002095     
          25          23  0.906157181865156     
          26           1  0.392385363019974     
          27           4   1.36244681720477     
          27          26   1.30639303340763     
          28          27  0.937038731397647     
          29          28  0.949539088607124     
          30           5   1.51049753690589     
          30          26   1.16724389297700     
          30          29  0.937849437743323     
          31          28  0.945387241538638     
          32          29  0.957873294978850     
          33          32  0.993973519537393     
          34           1  0.490867148715200     
          35           5   1.24655654109528     
          35          34   1.15043307907850     
          36          35   1.17245230811364     
          37          36   1.42091084440902     
          38           2   1.21523571362571     
          38          34   1.25033826752133     
          38          37   1.12676559660336     
          39          36  0.978821406022254     
          40          37   1.01835758336046     
          41          40   1.82151600428614     
          42           2  0.924534376541015     
          42          40  0.905454888748988     
          43          42  0.907825697108842     
          44          43   1.81718111322554     
          45          43   1.11041679222978     
          46          45  0.960726089993123     
          47          16  0.961609097483008     
          48          47  0.979177343062289     
          49          48   1.88842221531679     
          50          49  0.973236076655974     
          51          49  0.977317260799094     
          52          51  0.966286031588563     
          53          52  0.990549230109336     
          54          53  0.980443576460352     
          55          54  0.987564119098056     
          56          54  0.945507952173763     
          57          56  0.969974047449509     
          58          57   1.01653989963361     
          59          58  0.929795655224142     
          60          59  0.983260524719773     
          61          59  0.985377473599802     
          62          61  0.981791930963393     
          63          62  0.986368233604154     
          64          63  0.970440051884652     
          65          64  0.991560846747548     
          66          64  0.962483956814783     
          67           3  0.927351270371568     
          68           4  0.930594516533015     
          69           5  0.928877014137231     
          70           8  0.935066608781403     
          71           9  0.951596762804470     
          72          11  0.980961459810618     
          73          11  0.980511183121528     
          74          11  0.983336003956073     
          75          12  0.965200806598818     
          76          12  0.960536455380632     
          77          13  0.949957215398077     
          78          13  0.951193555858486     
          79          22  0.972927582195633     
          80          22  0.971245188081244     
          81          22  0.974288544630826     
          82          25  0.977756865157314     
          83          25  0.971449322700567     
          84          25  0.969139806219574     
          85          28  0.948228556657436     
          86          29  0.934099430446250     
          87          31  0.979316256461193     
          88          31  0.976249940800168     
          89          31  0.982344271134370     
          90          32  0.965085297707564     
          91          32  0.966970630422691     
          92          33  0.987990588136266     
          93          33  0.984575270625608     
          94          33  0.972521019935537     
          95          39  0.966995516989812     
          96          39  0.975519299209163     
          97          39  0.976550987758314     
          98          42  0.920178528538385     
          99          46  0.988360019468082     
         100          46  0.989973579873198     
         101          46  0.978416145581470     
         102          47  0.956711204799549     
         103          47  0.964833407629156     
         104          48  0.939317273516173     
         105          50  0.973635716533467     
         106          50  0.970314134651815     
         107          50  0.974839582134430     
         108          51  0.962255287461663     
         109          51  0.952293706775071     
         110          52  0.966472648817206     
         111          52  0.963247008928500     
         112          53  0.952240191724793     
         113          53  0.962153853301675     
         114          54  0.947034081825215     
         115          55  0.978764825855535     
         116          55  0.974944137426030     
         117          55  0.982087330270692     
         118          56  0.967011295504774     
         119          56  0.965415895828674     
         120          57  0.962906906183459     
         121          57  0.962220685979634     
         122          58  0.957528998284699     
         123          58  0.969348946118656     
         124          59  0.953969614566106     
         125          60  0.978567907683582     
         126          60  0.974805636318187     
         127          60  0.984880373583465     
         128          61  0.958970373943374     
         129          61  0.959557980056960     
         130          62  0.956049110479109     
         131          62  0.969147959387624     
         132          63  0.963832462570192     
         133          63  0.961290658662127     
         134          64  0.956971867669341     
         135          65  0.978376516063868     
         136          65  0.980829104242289     
         137          65  0.978675092674242     
         138          66  0.983054753872681     
         139          66  0.975467175493019     
         140          66  0.982893274271145     
