  0.274410757278624     
  8.695432835667205E-003
 -2.449788423549482E-002
 -2.582357318293393E-002
 -4.455398026380042E-002
 -0.126190037194218     
  1.081849407741320E-002
 -1.481153401822688E-002
 -9.704858055860299E-003
  4.008455952497236E-002
 -7.990798063547722E-002
 -5.285549007468138E-002
 -6.081755894783925E-002
  0.206643483714959     
 -0.266172742816126     
 -0.169702634746398     
 -0.207511630050715     
  3.806334368542519E-002
 -1.697604789418872E-002
 -5.099762505728567E-002
  5.188049090835101E-002
 -7.707542705148818E-002
  0.128888027390046     
 -0.244730928220103     
 -9.432846477653900E-002
 -0.180301028571535     
  4.947781048113864E-002
 -1.528489118519261E-002
 -2.968448094823906E-002
  6.110400841213615E-003
 -9.397289781112672E-002
 -3.250565228374391E-002
 -9.037499288066453E-002
 -0.199225742232731     
 -7.582326030227016E-003
 -1.511980341252261E-002
 -5.139366295486703E-002
 -4.790775627778743E-003
 -6.691869385017402E-002
  0.158089838617848     
 -0.221148806093456     
 -2.396131470862262E-002
  0.232014248030775     
 -0.254218525443045     
 -0.156448469827763     
  1.171737885429192E-002
  4.651368633288611E-002
 -7.160802312221293E-002
 -2.304432982477955E-003
 -7.867333798205234E-002
 -5.982216252789296E-002
 -7.049680666650282E-002
 -6.158052014989224E-002
 -2.516092884536025E-002
 -9.361801365319344E-002
 -8.768547386935843E-002
 -7.297568508880925E-002
 -4.816474462526354E-002
 -4.145321109501321E-002
 -0.121167643476878     
 -6.273115438007082E-002
 -6.361837783375446E-002
 -8.276789916354144E-002
 -3.209894094409105E-002
 -0.108226590438180     
 -9.749082783785834E-002
  4.812904521734995E-002
  6.382361086953670E-002
  6.953955717046112E-002
  4.817277124561825E-002
  4.250284710761332E-002
  3.574609851951160E-002
  3.440216216046721E-002
  4.542516769918037E-002
  3.730937218240660E-002
  4.860139895192050E-002
  5.140962772242375E-002
  3.714051624796089E-002
  4.694776693340341E-002
  4.442830817558829E-002
  5.385219010984765E-002
  5.059659206582057E-002
  4.868622776342013E-002
  4.449286216950599E-002
  4.916496950835725E-002
  5.607838639449125E-002
  3.617989631792518E-002
  3.674240908097481E-002
  3.600156143679767E-002
  5.268236479468980E-002
  4.995329482856747E-002
  3.586465518470727E-002
  3.270989563520699E-002
  3.528266533022584E-002
  4.934614816693994E-002
  4.906849783208012E-002
  5.357430983901901E-002
  6.391119856772742E-002
  3.854244505603965E-002
  4.769966976780116E-002
  4.597847028352231E-002
  5.940048123821251E-002
  4.285842712149646E-002
  2.183467691662500E-002
  4.517123298373016E-002
  4.722233817347132E-002
  4.254953015112728E-002
  3.483159254030377E-002
  3.239381038385936E-002
  2.580749128141013E-002
  3.104592887628155E-002
  3.038150082327884E-002
  4.857920149551598E-002
  3.820724967700428E-002
  4.316750350860088E-002
  3.677462138044674E-002
  3.779703305051318E-002
  3.275176758417164E-002
  3.182826168482278E-002
  4.335576323878276E-002
  2.803704675075724E-002
  4.527108772551924E-002
  4.076925768485085E-002
  3.482885731457264E-002
  2.927556283055377E-002
  2.660139146111606E-002
  3.750237580117044E-002
  3.432977948109972E-002
  3.584786596481426E-002
  2.985281027640041E-002
  4.243443181035522E-002
  2.885713996006789E-002
  2.978044498250798E-002
  2.835234953321786E-002
  2.941972257675074E-002
  3.759422185713635E-002
  3.334495767861823E-002
  3.753753032238705E-002
  3.801135607379791E-002
  3.423372065941188E-002
