 excitation energies, transition moments and TDA amplitudes
 state    eV      nm       fL        Rv(corr)
    1    2.168   571.8     0.7075    -0.3603    -0.88( 142-> 143) -0.31( 141-> 145)  0.26( 141-> 144)
    2    2.371   523.0     0.0829    -0.4809     0.82( 141-> 143) -0.41( 142-> 145)  0.30( 142-> 144)
    3    3.365   368.4     0.0120   -10.9612     0.92( 140-> 143)  0.20( 142-> 144) -0.14( 135-> 143)
    4    3.492   355.1     0.0199     2.5971     0.80( 142-> 144)  0.33( 142-> 145) -0.28( 142-> 148)
    5    3.736   331.9     0.0619     3.0912    -0.58( 137-> 143) -0.56( 142-> 145)  0.35( 139-> 143)
    6    3.857   321.5     0.0743     8.4334     0.55( 141-> 144) -0.53( 142-> 148)  0.35( 141-> 145)
    7    3.887   318.9     0.0576    -2.5433     0.48( 137-> 143) -0.42( 142-> 148) -0.39( 142-> 147)
    8    4.043   306.6     0.3412     8.8676    -0.52( 141-> 144) -0.48( 142-> 148) -0.34( 137-> 143)
    9    4.074   304.4     0.1183    39.2489    -0.63( 139-> 143)  0.29( 135-> 143) -0.27( 136-> 143)
