           6           1  0.337812234246033     
           7           2   1.39943286181902     
           7           6   1.23253010609012     
           8           7  0.941474377107873     
           9           8  0.968228516546574     
          10           3   1.40938838543710     
          10           6   1.27656252260801     
          10           9  0.925082057934737     
          11           9  0.965424417149273     
          12           8  0.930041243415821     
          13          12  0.955618168022942     
          14          13  0.947337244716497     
          15          14   1.83532177738413     
          16          14   1.05974787766943     
          17           1  0.534763759221327     
          18           3   1.27513579799981     
          18          17   1.20482376423716     
          19          18   1.13077214404136     
          20          19   1.44298467096399     
          21           4   1.25701789035955     
          21          17   1.15292435088421     
          21          20   1.14875443626903     
          22          19   1.00143052861547     
          23          20  0.995373304891462     
          24          23   1.84814507052975     
          25          23  0.926484524813054     
          26           1  0.450208010375288     
          27           4   1.44058930270783     
          27          26   1.27058809016969     
          28          27  0.904854231471323     
          29          28  0.953606185300422     
          30           5   1.42117985140659     
          30          26   1.16524389196221     
          30          29  0.939358216905165     
          31          28  0.970202467973999     
          32          29  0.947053930589090     
          33          32   1.00874759456352     
          34           1  0.508593568167392     
          35           5   1.29934141064027     
          35          34   1.17626363610924     
          36          35   1.09905579499690     
          37          36   1.46638083035367     
          38           2   1.24349866880277     
          38          34   1.18862638935925     
          38          37   1.13530487239844     
          39          36   1.00118992553449     
          40          37   1.00931561274447     
          41          40   1.84391759886162     
          42           2  0.945119783501780     
          42          40  0.877974306480263     
          43          42  0.931320346281351     
          44          43   1.83264874961791     
          45          43   1.05256122086340     
          46          45  0.990151082742710     
          47          16  0.930694472405318     
          48          47   1.02432960922894     
          49          48   1.83478705333042     
          50          49   1.03259264065222     
          51          49  0.955824103389722     
          52          51  0.980846511200561     
          53          52  0.979943231684981     
          54          53  0.956768140106786     
          55          54  0.987832929634615     
          56          54  0.969801288384305     
          57          56  0.967977092937671     
          58          57  0.990800951644179     
          59          58  0.955505107906389     
          60          59  0.963774821036956     
          61          59  0.963450089650324     
          62          61  0.990909676665321     
          63          62  0.971945440098315     
          64          63  0.972313316000195     
          65          64  0.997575225292040     
          66          64  0.980227135328161     
          67           3  0.939001075499818     
          68           4  0.930534331864379     
          69           5  0.927964259565357     
          70           8  0.933608246942917     
          71           9  0.941933566765597     
          72          11  0.980521443741367     
          73          11  0.981968443583131     
          74          11  0.975494748553962     
          75          12  0.966461310752170     
          76          12  0.964062732262267     
          77          13  0.952079278878198     
          78          13  0.965591652809440     
          79          22  0.971517493003585     
          80          22  0.969781054296174     
          81          22  0.960948663264675     
          82          25  0.971185949232466     
          83          25  0.962309645668951     
          84          25  0.977626757371312     
          85          28  0.948247552865153     
          86          29  0.928569565681869     
          87          31  0.979745920608113     
          88          31  0.977541022526436     
          89          31  0.975388990401306     
          90          32  0.958206211177026     
          91          32  0.963282048814912     
          92          33  0.977748814003825     
          93          33  0.979393735157364     
          94          33  0.983967652382123     
          95          39  0.968045422342255     
          96          39  0.973791108945564     
          97          39  0.956369674093697     
          98          42  0.919610158283043     
          99          46  0.985246715652257     
         100          46  0.985969926701124     
         101          46  0.977347222817773     
         102          47  0.960977617902664     
         103          47  0.959063912228370     
         104          48  0.948554840377919     
         105          50  0.958118517719450     
         106          50  0.952935306714933     
         107          50  0.967799552578560     
         108          51  0.966062391638073     
         109          51  0.958170785952612     
         110          52  0.961690328750358     
         111          52  0.963254451854217     
         112          53  0.965603234517222     
         113          53  0.958766336684148     
         114          54  0.949016521619799     
         115          55  0.976161468474634     
         116          55  0.979936943035082     
         117          55  0.977059423045850     
         118          56  0.965638493024619     
         119          56  0.959822432957952     
         120          57  0.955920963976131     
         121          57  0.969650368817124     
         122          58  0.961240839208388     
         123          58  0.962317195324569     
         124          59  0.957035429854443     
         125          60  0.983784540213463     
         126          60  0.979964632847933     
         127          60  0.977770158093762     
         128          61  0.962533501866511     
         129          61  0.960460304177668     
         130          62  0.967924536990419     
         131          62  0.962618119913931     
         132          63  0.963311287676488     
         133          63  0.967184458945465     
         134          64  0.957200611468952     
         135          65  0.981582535636959     
         136          65  0.975584865035957     
         137          65  0.978422604666960     
         138          66  0.981559497217675     
         139          66  0.976638180275783     
         140          66  0.983135190200501     
