  0.293441939118226     
  1.932518533257976E-002
 -2.753876354703699E-002
 -4.602539273768080E-002
 -1.264809774105569E-002
 -0.133836897797959     
  2.550211683721626E-002
 -2.216295483933983E-002
 -1.820191024205453E-002
  4.033661750574113E-002
 -9.434390440009555E-002
 -4.927923294588687E-002
 -6.772962668027116E-002
  0.219323811565142     
 -0.268836967462429     
 -0.144666469866427     
 -0.226209250603448     
  1.286718498042783E-002
 -7.931626043268025E-003
 -7.848116426603458E-002
  7.243011253622811E-003
 -7.722909156831026E-002
  0.153183050856906     
 -0.216986078727845     
 -8.593268917029739E-002
 -0.158088669482864     
  3.001902382709032E-002
 -1.672776515529772E-002
  4.088313492084605E-003
  4.265156877061838E-002
 -0.102385662250234     
 -6.490812617915687E-002
 -0.100308716673558     
 -0.219761857889217     
  2.286551168225692E-002
  1.572622699242654E-002
 -5.525740227387388E-002
  4.578308658685248E-002
 -7.062741435416786E-002
  0.156276716540964     
 -0.235048888247777     
 -3.386984413644711E-002
  0.204310659307961     
 -0.291746540723802     
 -0.136133747347214     
  2.232051106344723E-002
  4.517948018600970E-002
 -8.791717770628615E-002
 -3.250905941065696E-002
 -9.820678679410833E-002
 -7.929969104597845E-002
 -5.624827614574368E-002
 -6.930939048049467E-002
 -1.764328645224822E-002
 -0.101440691078063     
 -7.116796636085354E-002
 -6.865274626577911E-002
 -6.300931854335889E-002
 -5.273918633430608E-002
 -0.104024280144013     
 -7.724065530549762E-002
 -5.943475812470922E-002
 -6.488257021961985E-002
 -3.688814340844271E-002
 -0.103870248655886     
 -0.125767741173406     
  5.541488803863381E-002
  5.506887202251354E-002
  5.857682456266788E-002
  5.192179262654251E-002
  5.350037506046879E-002
  3.592802036829468E-002
  3.691465381144610E-002
  4.218422364716889E-002
  4.515867107139548E-002
  2.851590337610721E-002
  3.845414421605586E-002
  3.843875472241609E-002
  4.080341374968044E-002
  5.184740732942850E-002
  4.932805515042016E-002
  5.845210152020330E-002
  4.620071389279579E-002
  4.964833551886538E-002
  5.657400757282338E-002
  5.994345740533091E-002
  4.357062687866409E-002
  3.152890280312404E-002
  3.587200919765610E-002
  2.737907263842154E-002
  3.553601988154587E-002
  1.530160982338258E-002
  4.797592930326700E-002
  2.913832561431096E-002
  4.628385361828213E-002
  4.414398675419873E-002
  4.907275379213849E-002
  6.670860299394510E-002
  4.630394541173222E-002
  5.442116510893602E-002
  4.668933273853049E-002
  7.786685827250839E-002
  4.858087085811635E-002
  3.731573742098715E-002
  5.844319081409433E-002
  4.377986142537726E-002
  4.043513532522003E-002
  3.748238785931013E-002
  3.159090555225985E-002
  4.157754344297859E-002
  4.013934128742158E-002
  3.827588535348914E-002
  3.786398609287878E-002
  3.909534993712904E-002
  4.100228542555229E-002
  2.751876452482660E-002
  2.960695827509519E-002
  2.690429224177693E-002
  3.653900150400180E-002
  3.390277777334738E-002
  3.870754313557245E-002
  4.651354680363851E-002
  4.625527856863421E-002
  2.979541635235072E-002
  4.373425745947745E-002
  3.287005578483360E-002
  3.328572382795980E-002
  3.704285799753471E-002
  2.594057921232573E-002
  3.870792411091173E-002
  4.179137188274007E-002
  3.208609219160241E-002
  4.401570165538948E-002
  4.058148833067432E-002
  3.945007660671340E-002
  3.751896188564652E-002
  2.864097687066169E-002
  3.052699492317168E-002
  3.484148637461759E-002
  2.968449152067820E-002
