           6           1  0.389242335970745     
           7           2   1.44700786780926     
           7           6   1.21585177647825     
           8           7  0.918464946075915     
           9           8  0.952219711485816     
          10           3   1.47176890887705     
          10           6   1.25515365203698     
          10           9  0.926365093208608     
          11           9  0.964789183652811     
          12           8  0.950508548851420     
          13          12  0.979122468060411     
          14          13  0.896416504419925     
          15          14   1.83549764225205     
          16          14   1.11525515732102     
          17           1  0.485231504946548     
          18           3   1.21533631940584     
          18          17   1.22151983263924     
          19          18   1.16997243514699     
          20          19   1.45641911221676     
          21           4   1.36207108061736     
          21          17   1.12950495261001     
          21          20   1.11691661584303     
          22          19  0.998307054278729     
          23          20  0.921200371433568     
          24          23   1.87573310859170     
          25          23  0.982219270156052     
          26           1  0.425334089694369     
          27           4   1.31855233758149     
          27          26   1.30423143241622     
          28          27  0.964567446557476     
          29          28  0.946771503407738     
          30           5   1.48255601442522     
          30          26   1.13205541271959     
          30          29  0.986482416856429     
          31          28  0.951505787496854     
          32          29  0.936202853111199     
          33          32   1.01463759988052     
          34           1  0.514601917990019     
          35           5   1.23508202340388     
          35          34   1.05351486417168     
          36          35   1.32563020437314     
          37          36   1.26329605525660     
          38           2   1.16257616651932     
          38          34   1.30091883052641     
          38          37   1.15973701592595     
          39          36  0.987320325403581     
          40          37   1.11164067196972     
          41          40   1.79589471578975     
          42           2  0.948166811921947     
          42          40  0.846211420309659     
          43          42  0.944599799091713     
          44          43   1.76430951770548     
          45          43   1.10861440932746     
          46          45  0.972285306212828     
          47          16  0.918837401616177     
          48          47   1.01118175182430     
          49          48   1.87033451775853     
          50          49  0.972700042645250     
          51          49  0.975151930312727     
          52          51  0.969916357846127     
          53          52  0.991091330392671     
          54          53  0.955196380671388     
          55          54  0.986567957993973     
          56          54  0.991112668355279     
          57          56  0.975189113601523     
          58          57  0.996816408598141     
          59          58  0.956105193217395     
          60          59  0.978223449844847     
          61          59  0.967267213602716     
          62          61  0.981023224656062     
          63          62  0.985845798968560     
          64          63  0.979972169251936     
          65          64  0.975703050237884     
          66          64  0.980025507243003     
          67           3  0.935313021905216     
          68           4  0.930069061971278     
          69           5  0.933050941239106     
          70           8  0.940767762212352     
          71           9  0.943066460934754     
          72          11  0.978145464896264     
          73          11  0.976549993594390     
          74          11  0.979791072216347     
          75          12  0.962320876981708     
          76          12  0.961731468948285     
          77          13  0.959671956242788     
          78          13  0.961605595576473     
          79          22  0.970705245759812     
          80          22  0.961098337163282     
          81          22  0.968084358108318     
          82          25  0.951876174844143     
          83          25  0.963287220879458     
          84          25  0.962734320032851     
          85          28  0.930241904347453     
          86          29  0.921182313270771     
          87          31  0.974398419063751     
          88          31  0.980084746026254     
          89          31  0.984036979011438     
          90          32  0.961658824140029     
          91          32  0.954905517753934     
          92          33  0.975181176088841     
          93          33  0.972280273007923     
          94          33  0.979197673814095     
          95          39  0.979073350445336     
          96          39  0.970309945902719     
          97          39  0.966854882328938     
          98          42  0.919678429720202     
          99          46  0.982395559270655     
         100          46  0.984317215823328     
         101          46  0.989308642534812     
         102          47  0.952503704877534     
         103          47  0.969381265476182     
         104          48  0.937265875696545     
         105          50  0.973296322102348     
         106          50  0.971057566712084     
         107          50  0.973134811070605     
         108          51  0.946977399985332     
         109          51  0.957940397316232     
         110          52  0.964445344029505     
         111          52  0.965520956779810     
         112          53  0.961394841661287     
         113          53  0.957615822209491     
         114          54  0.945165274080334     
         115          55  0.974283775057385     
         116          55  0.978657970062703     
         117          55  0.979940408864012     
         118          56  0.961856539432408     
         119          56  0.957227230694467     
         120          57  0.960257661385562     
         121          57  0.961350724817340     
         122          58  0.959220950772202     
         123          58  0.962123744948610     
         124          59  0.958048129314175     
         125          60  0.977243244385428     
         126          60  0.984788985097609     
         127          60  0.982230438732885     
         128          61  0.965614748912605     
         129          61  0.967056572157822     
         130          62  0.965641116892204     
         131          62  0.965630633197707     
         132          63  0.958311061873170     
         133          63  0.959237727800803     
         134          64  0.956151606047083     
         135          65  0.978790308834964     
         136          65  0.983409755735452     
         137          65  0.983303066073859     
         138          66  0.981845991014643     
         139          66  0.978871038434233     
         140          66  0.978032819468212     
