  0.333555354652341     
  8.705831076857518E-003
 -6.411015346844895E-002
 -2.303053062545501E-002
 -2.559331401413090E-002
 -0.160909498172515     
  1.367844525017636E-002
 -2.541597696280284E-002
 -1.745209385811819E-002
  3.216506828307297E-002
 -8.294984229228408E-002
 -4.168157449816867E-002
 -4.455707288581756E-002
  0.180732463467196     
 -0.292668616897161     
 -0.142039719569249     
 -0.212266910887037     
  5.556838557516741E-002
 -3.233340995431355E-002
 -5.011167922933790E-002
  3.173510913764277E-002
 -7.672317800596762E-002
  0.167392688147514     
 -0.266685411798091     
 -0.100255520411433     
 -0.165452070761342     
  5.366661865733668E-002
 -2.585909577459855E-002
 -2.471071245137058E-002
  1.685240655100939E-002
 -8.863260968339581E-002
 -5.192704442271978E-002
 -8.957189013653011E-002
 -0.210494282306147     
  3.168873337899303E-002
 -2.795132173832204E-002
 -5.605464933019277E-002
  3.274885355201684E-002
 -5.735939256152101E-002
  0.131878282863390     
 -0.232092406265535     
 -2.805930009868884E-002
  0.216430881855893     
 -0.240034094133844     
 -0.157061695469797     
  3.462651224014124E-003
  7.061704501464394E-002
 -9.719652778552135E-002
 -3.200680688085455E-002
 -9.177694611183718E-002
 -6.733300922705165E-002
 -6.263448802531091E-002
 -6.123418350432619E-002
 -4.059025228622559E-003
 -0.108707364565434     
 -7.343117805764088E-002
 -6.771527367575114E-002
 -7.526300798012198E-002
 -2.277862979850553E-002
 -9.839394878984464E-002
 -6.359490551661917E-002
 -6.045619529558888E-002
 -6.158071054843006E-002
  7.489916889369397E-005
 -0.111391160716802     
 -0.107967503831787     
  4.207908929754189E-002
  5.913297558472308E-002
  4.913618917420415E-002
  5.561311831503057E-002
  4.499823548373438E-002
  4.442368483553139E-002
  4.152510733398318E-002
  3.425581279956347E-002
  4.710689260045364E-002
  4.545370903674506E-002
  5.776769773622825E-002
  3.843127102722610E-002
  4.688773051442607E-002
  4.656014608964121E-002
  5.141811066974977E-002
  4.494730169402494E-002
  4.742410825561738E-002
  4.326837137564699E-002
  5.099159342817317E-002
  5.569710058942423E-002
  4.405594415145153E-002
  2.914426726110142E-002
  4.139339924691954E-002
  4.070802104390925E-002
  3.815953645160430E-002
  3.595690420738984E-002
  3.621258878461653E-002
  3.294506517536377E-002
  5.188462047261466E-002
  5.901392082968526E-002
  5.178784306128881E-002
  6.045517520820265E-002
  4.592517798160745E-002
  5.434334489398907E-002
  4.799165740515854E-002
  7.667993712586452E-002
  7.009269495457504E-002
  2.553427580596235E-002
  4.343233155614723E-002
  3.923123405329265E-002
  4.149300646199428E-002
  3.853428612953769E-002
  3.920124329410812E-002
  4.139488985970430E-002
  3.185199651728521E-002
  3.922396646877080E-002
  3.548569433459370E-002
  4.299482546538991E-002
  3.209516342094543E-002
  3.644908100375721E-002
  2.604398793964813E-002
  2.827451763131184E-002
  2.958078513181106E-002
  2.584416356963404E-002
  2.946567489849028E-002
  2.972667640640425E-002
  3.667723393429478E-002
  3.152274803491362E-002
  4.321909482533637E-002
  2.853498273498145E-002
  3.204781347776842E-002
  2.884919629209126E-002
  3.506562552761505E-002
  2.867351304512211E-002
  2.084782729104162E-002
  3.135076186530483E-002
  3.084638479493373E-002
  3.844893639945413E-002
  3.202459592334450E-002
  2.839910459420492E-002
  4.047408794778229E-002
  2.934316811595894E-002
  3.272681881876827E-002
  3.183417867944449E-002
