           6           1  0.411058301437505     
           7           2   1.47508365513185     
           7           6   1.18149381751966     
           8           7  0.899566073463915     
           9           8  0.976346704904202     
          10           3   1.45466973529557     
          10           6   1.28250771385719     
          10           9  0.847838993301170     
          11           9  0.995117251209089     
          12           8  0.930470362830789     
          13          12  0.987799642327890     
          14          13  0.945929127458758     
          15          14   1.76368965252653     
          16          14   1.12599597988147     
          17           1  0.518144763416263     
          18           3   1.16064061044927     
          18          17   1.29169675358295     
          19          18   1.15770767345343     
          20          19   1.39462373829079     
          21           4   1.32112553399577     
          21          17   1.10774569772443     
          21          20   1.12559520985867     
          22          19  0.992022318732215     
          23          20   1.03268656560422     
          24          23   1.80142835534035     
          25          23  0.971602838639204     
          26           1  0.369580397558776     
          27           4   1.39205541476612     
          27          26   1.27985231351078     
          28          27  0.939441535892830     
          29          28  0.936780788184284     
          30           5   1.31261848922282     
          30          26   1.25200360681103     
          30          29  0.962637568879533     
          31          28  0.968029086985732     
          32          29  0.917610258885546     
          33          32   1.00352557597056     
          34           1  0.472014744535482     
          35           5   1.40923730686698     
          35          34   1.13104813222212     
          36          35   1.09904042481622     
          37          36   1.40517931420103     
          38           2   1.18515252983038     
          38          34   1.23468672714794     
          38          37   1.16544640485695     
          39          36  0.974289333103054     
          40          37   1.05232636617098     
          41          40   1.81544759405773     
          42           2  0.961764214729097     
          42          40  0.862141722577089     
          43          42  0.908242591106145     
          44          43   1.85625177935002     
          45          43   1.03802077739451     
          46          45  0.977453948570456     
          47          16  0.938183884696485     
          48          47  0.989012499048207     
          49          48   1.89583763499365     
          50          49  0.988295678881100     
          51          49  0.962284922420577     
          52          51  0.955869903783045     
          53          52  0.968693670065209     
          54          53  0.988505531576122     
          55          54  0.987281448439582     
          56          54  0.945982424702653     
          57          56  0.989811657241545     
          58          57  0.968525803424929     
          59          58  0.980510632185685     
          60          59  0.976076341440194     
          61          59  0.960705490635246     
          62          61  0.982508647315977     
          63          62  0.988810644284812     
          64          63  0.974676548550037     
          65          64  0.972103066596715     
          66          64  0.994788025850062     
          67           3  0.944237616836807     
          68           4  0.930564438360255     
          69           5  0.934984352038625     
          70           8  0.935165454877532     
          71           9  0.948002569682775     
          72          11  0.973824829287697     
          73          11  0.975207482151632     
          74          11  0.972071393197093     
          75          12  0.962360549368222     
          76          12  0.962285640702690     
          77          13  0.939940414596137     
          78          13  0.960019121178532     
          79          22  0.961914793759412     
          80          22  0.973038448775124     
          81          22  0.966931457648354     
          82          25  0.971359673614233     
          83          25  0.956458832788143     
          84          25  0.957154916256443     
          85          28  0.939764829774721     
          86          29  0.940604264195199     
          87          31  0.971046516995230     
          88          31  0.980308004904737     
          89          31  0.979705982954181     
          90          32  0.967175096510293     
          91          32  0.968382575246066     
          92          33  0.982715886277960     
          93          33  0.979313782565906     
          94          33  0.982365495102984     
          95          39  0.980069323936471     
          96          39  0.971507789508138     
          97          39  0.967136554699469     
          98          42  0.921490409708054     
          99          46  0.989850461014049     
         100          46  0.980769703264436     
         101          46  0.984916074554910     
         102          47  0.955482086578917     
         103          47  0.960482496840952     
         104          48  0.942041881935694     
         105          50  0.974529152560001     
         106          50  0.976004718143490     
         107          50  0.968216733940848     
         108          51  0.962207067927749     
         109          51  0.960331222386681     
         110          52  0.968768078017569     
         111          52  0.978278201348910     
         112          53  0.961715873431928     
         113          53  0.958598255209976     
         114          54  0.948311430580111     
         115          55  0.979234428566767     
         116          55  0.973187641244421     
         117          55  0.978978034328945     
         118          56  0.965620727068157     
         119          56  0.964629222026098     
         120          57  0.963425575167513     
         121          57  0.971870611240423     
         122          58  0.960085917800693     
         123          58  0.955611663359318     
         124          59  0.952045126145759     
         125          60  0.974012267922464     
         126          60  0.982591026969061     
         127          60  0.981251557650101     
         128          61  0.963781340082586     
         129          61  0.963377087394973     
         130          62  0.968595307628999     
         131          62  0.968570865558785     
         132          63  0.962428527090761     
         133          63  0.962318467249663     
         134          64  0.954898005875848     
         135          65  0.977121184156531     
         136          65  0.981204046570201     
         137          65  0.979837789633945     
         138          66  0.976893839339284     
         139          66  0.973607163467822     
         140          66  0.976299815691278     
