  0.294304052724353     
  1.118239076435934E-002
 -3.536217308050382E-002
 -2.599128346054691E-002
 -3.744374909918058E-002
 -0.139794579514429     
  2.451564282587970E-002
 -3.183185694710389E-002
 -7.470950781613084E-003
  1.783022236408671E-002
 -9.508263837845998E-002
 -5.734208411349506E-002
 -5.568736047701961E-002
  0.232590487331929     
 -0.266202514644035     
 -0.166788616861581     
 -0.205926642727856     
  2.295325079976518E-002
 -4.393318945715574E-002
 -6.685023656651712E-002
  4.312365181915068E-002
 -7.147035265799584E-002
  0.145735539422213     
 -0.245695723184500     
 -8.801978861308601E-002
 -0.165859357368142     
  2.531293986839112E-002
 -2.895422907734968E-002
 -2.728393360966486E-002
  1.954208592878981E-002
 -7.762818952007855E-002
 -4.564011156321257E-002
 -9.628721488269232E-002
 -0.200860176604449     
  2.441357035784186E-002
 -2.269277255046109E-002
 -6.021211654423730E-002
  1.388233733644606E-002
 -6.905302718460860E-002
  0.151129559772846     
 -0.210334810012929     
 -4.505992152970162E-002
  0.242313781186257     
 -0.297618198254000     
 -0.139475255085154     
  2.235764316242994E-002
  4.850217890733699E-002
 -6.643546218068241E-002
 -1.369964175806615E-002
 -9.575891217395505E-002
 -7.618470141800682E-002
 -7.628003905132363E-002
 -6.015263741151866E-002
 -6.288795023185756E-002
 -9.331326092439252E-002
 -7.307048644793657E-002
 -7.184327362410947E-002
 -6.556699180190684E-002
 -2.903943111407692E-002
 -0.111086727629891     
 -7.354958996399663E-002
 -7.474901091917996E-002
 -5.770465921278678E-002
 -1.863211191153891E-002
 -0.115945851213638     
 -0.107156896374814     
  5.215816270370055E-002
  5.980347292012367E-002
  5.268220268651680E-002
  4.602648977161827E-002
  5.719247096030566E-002
  2.518467163074312E-002
  5.188506122731662E-002
  4.207535861054146E-002
  3.890728993309289E-002
  4.634064179019082E-002
  4.387934320966036E-002
  5.601745336173825E-002
  5.563149356193764E-002
  4.887213269264890E-002
  5.428918391605508E-002
  5.091375225537143E-002
  4.491222741912393E-002
  5.450001673392357E-002
  4.322429845957632E-002
  5.512535364984750E-002
  4.550184389615175E-002
  5.197876752284170E-002
  3.802017269008950E-002
  3.596527350474299E-002
  4.757911572149198E-002
  3.665513379411056E-002
  2.694657217377194E-002
  4.629430881640206E-002
  4.476268193049882E-002
  6.020920188341838E-002
  5.147400384683132E-002
  5.268503675793934E-002
  4.466641618400546E-002
  5.323282894587944E-002
  5.933818866323526E-002
  7.139402296826358E-002
  5.203266563286724E-002
  3.346765850296218E-002
  4.404051137721932E-002
  2.996392618015009E-002
  4.483973022459065E-002
  3.117646140776353E-002
  3.527799476110360E-002
  3.052820610563511E-002
  4.303757768454619E-002
  4.885801451502436E-002
  4.223967285567232E-002
  1.693951345824940E-002
  4.079623439902291E-002
  4.385149985556480E-002
  3.281992321099880E-002
  3.710354274183159E-002
  3.892313560193372E-002
  3.904290434479785E-002
  2.897898247877417E-002
  3.120742288923806E-002
  4.088297895953441E-002
  3.758857880875555E-002
  2.793879726709991E-002
  3.497177394148632E-002
  3.730841854369815E-002
  4.248663032481903E-002
  2.788060547429572E-002
  3.871081405977772E-002
  2.565146171267341E-002
  3.896681590780104E-002
  3.993255832554055E-002
  4.322385864498013E-002
  2.922660196459415E-002
  3.010703383740065E-002
  3.789406321023281E-002
  3.962460123453626E-002
  3.017754800286909E-002
  3.719798990159939E-002
