 excitation energies, transition moments and TDA amplitudes
 state    eV      nm       fL        Rv(corr)
    1    2.137   580.2     0.6995     7.0461     0.86( 141-> 142)  0.34( 140-> 143)  0.25( 140-> 144)
    2    2.319   534.6     0.0716    -1.5183     0.80( 140-> 142) -0.45( 141-> 143) -0.28( 141-> 144)
    3    3.248   381.7     0.0592     5.1428    -0.57( 141-> 144)  0.53( 141-> 145)  0.42( 141-> 146)
    4    3.314   374.1     0.0101     0.9999    -0.91( 139-> 142)  0.17( 141-> 143) -0.14( 140-> 143)
    5    3.552   349.0     0.0318    -2.5968     0.63( 141-> 143) -0.62( 141-> 144)  0.21( 139-> 142)
    6    3.658   339.0     0.2624    12.1087     0.45( 138-> 142) -0.41( 137-> 142)  0.38( 140-> 144)
    7    3.685   336.5     0.2191    24.2047    -0.44( 140-> 144)  0.43( 140-> 145)  0.38( 138-> 142)
    8    3.833   323.5     0.0964   -17.0993     0.64( 140-> 143) -0.49( 140-> 144)  0.32( 137-> 142)
    9    3.974   312.0     0.0278     2.0324    -0.76( 135-> 142) -0.49( 134-> 142) -0.13( 140-> 144)
