           6           1  0.386758929563130     
           7           2   1.43302809602004     
           7           6   1.23338256845824     
           8           7  0.918648446077616     
           9           8  0.946203759754128     
          10           3   1.41577052221098     
          10           6   1.22758772828506     
          10           9  0.931571185138120     
          11           9  0.983984006277740     
          12           8  0.935882552679437     
          13          12  0.981518386004473     
          14          13  0.936121528066089     
          15          14   1.85245711855372     
          16          14   1.05610782366926     
          17           1  0.531030621615538     
          18           3   1.26633706554782     
          18          17   1.17243043178923     
          19          18   1.16140216116331     
          20          19   1.41563189093290     
          21           4   1.32187955970631     
          21          17   1.15845781783279     
          21          20   1.11911274874364     
          22          19  0.976559585663369     
          23          20  0.983655132028309     
          24          23   1.83277497477317     
          25          23  0.965622745032794     
          26           1  0.415390224363653     
          27           4   1.36149171175737     
          27          26   1.26609091809734     
          28          27  0.916497411210531     
          29          28  0.960949106079050     
          30           5   1.38749668043596     
          30          26   1.23041089618576     
          30          29  0.928793576747196     
          31          28  0.960572954640176     
          32          29  0.951777577028980     
          33          32  0.988216976534772     
          34           1  0.473880370201890     
          35           5   1.34002505886505     
          35          34   1.15281261200315     
          36          35   1.13705704484597     
          37          36   1.39653822112388     
          38           2   1.19147946029722     
          38          34   1.20504343585573     
          38          37   1.16469910371998     
          39          36  0.992232380911159     
          40          37   1.02303532233591     
          41          40   1.86274475011599     
          42           2  0.960268392291053     
          42          40  0.835797361198846     
          43          42  0.923291225096894     
          44          43   1.78605985462110     
          45          43   1.12414693296169     
          46          45  0.960177871491009     
          47          16  0.948062272369839     
          48          47  0.990402839616454     
          49          48   1.87783824295652     
          50          49  0.985774556466050     
          51          49  0.973085026970252     
          52          51  0.959567420446304     
          53          52  0.978978948997018     
          54          53  0.975341436817767     
          55          54  0.978130255667755     
          56          54  0.957204020988160     
          57          56  0.982072686280251     
          58          57  0.989096903466368     
          59          58  0.962037642622993     
          60          59  0.979188831686418     
          61          59  0.966562608037483     
          62          61  0.981823014642265     
          63          62  0.986299614889757     
          64          63  0.993205845345831     
          65          64  0.980428240798716     
          66          64  0.993308904473393     
          67           3  0.937637365620607     
          68           4  0.934471332035231     
          69           5  0.935267358792241     
          70           8  0.940575309299953     
          71           9  0.936953554864210     
          72          11  0.972376282923288     
          73          11  0.966750153370956     
          74          11  0.973832374969521     
          75          12  0.965956464669294     
          76          12  0.961194655051806     
          77          13  0.951708355699158     
          78          13  0.943839503688189     
          79          22  0.964442524442009     
          80          22  0.971298617639781     
          81          22  0.977641614497691     
          82          25  0.961218332186065     
          83          25  0.971561252522000     
          84          25  0.953810424366077     
          85          28  0.947420930922780     
          86          29  0.931234268848139     
          87          31  0.982735958289502     
          88          31  0.978660070824250     
          89          31  0.979856349335170     
          90          32  0.968668467541379     
          91          32  0.964453405036522     
          92          33  0.985124775357968     
          93          33  0.986211802258313     
          94          33  0.970801385795937     
          95          39  0.964197097576076     
          96          39  0.968830857035631     
          97          39  0.974992084920735     
          98          42  0.927231327112068     
          99          46  0.989376692193255     
         100          46  0.989224969898335     
         101          46  0.979735335213077     
         102          47  0.952937746245781     
         103          47  0.968226260905659     
         104          48  0.940566936284630     
         105          50  0.966383092503951     
         106          50  0.975460265056781     
         107          50  0.970080152278165     
         108          51  0.961702763085716     
         109          51  0.965252197670010     
         110          52  0.974877630223296     
         111          52  0.964815160239201     
         112          53  0.959410608915288     
         113          53  0.962247363152368     
         114          54  0.957616319001079     
         115          55  0.979354996420460     
         116          55  0.982534223022963     
         117          55  0.981739517768136     
         118          56  0.966223689961706     
         119          56  0.964022385311014     
         120          57  0.959842713628751     
         121          57  0.965873122765339     
         122          58  0.963284262184043     
         123          58  0.958259735600626     
         124          59  0.951139951302776     
         125          60  0.978273948751081     
         126          60  0.979047069057086     
         127          60  0.980851010393983     
         128          61  0.960562520465664     
         129          61  0.963085922251647     
         130          62  0.953697574169224     
         131          62  0.966288412002957     
         132          63  0.955155969056278     
         133          63  0.950455345827269     
         134          64  0.945969327600376     
         135          65  0.983516125929363     
         136          65  0.976345290568874     
         137          65  0.975413434264467     
         138          66  0.978190453981355     
         139          66  0.973611329065684     
         140          66  0.975370822777299     
