  0.320204685032501     
  3.495827982491040E-003
 -3.773080684338836E-002
 -3.002017158273151E-002
 -3.396117682890054E-002
 -0.165783548683480     
  3.813635229328760E-002
 -2.288557950413850E-002
 -2.239850006054045E-002
  3.900105444017621E-002
 -9.206254082228060E-002
 -5.192425916142529E-002
 -6.186112788417208E-002
  0.212112051206835     
 -0.257572144245034     
 -0.164618847083641     
 -0.220774492394530     
  2.814302583934403E-002
 -2.808994371433116E-002
 -5.100799384265464E-002
  4.533744253937222E-002
 -7.625157988300124E-002
  0.148196686442527     
 -0.244608795051088     
 -0.109317411709561     
 -0.161322666948220     
  5.038716370917040E-002
 -2.218951966337812E-002
 -2.102644350058114E-002
  5.605146764018265E-002
 -0.103156961317628     
 -5.548463258439984E-002
 -9.243550763631703E-002
 -0.208808446816061     
  1.796952305546684E-002
  9.250782665759516E-005
 -6.570207043032283E-002
  2.641782912968527E-002
 -5.517857680794602E-002
  0.150118083365986     
 -0.220807148419198     
 -4.300244335453041E-002
  0.233503403433846     
 -0.264185743991481     
 -0.177316486198659     
  4.779525130116813E-003
  3.758166123991291E-002
 -7.172665337588491E-002
 -2.335069926622424E-002
 -0.100391694272079     
 -5.644293536355693E-002
 -5.862097810892841E-002
 -6.360603916000862E-002
 -1.928851623634831E-002
 -0.106386721778208     
 -6.420585701594472E-002
 -6.924366628798317E-002
 -6.533557172568116E-002
 -3.299084403756236E-002
 -0.122456683618085     
 -5.669781559656606E-002
 -6.525625602374419E-002
 -0.101249987976278     
 -2.882442420856179E-002
 -0.111772704739677     
 -9.009760894198937E-002
  5.816982200101595E-002
  5.854811169095564E-002
  5.329599203727575E-002
  5.370707963889376E-002
  5.161070441454574E-002
  3.492360305782172E-002
  3.921177362815897E-002
  4.174850732949575E-002
  3.649370123512086E-002
  4.272158040733010E-002
  4.748135714320978E-002
  3.533833582612189E-002
  4.431733764857659E-002
  4.672874324796350E-002
  5.081350419948794E-002
  4.448767191624636E-002
  3.472959719795798E-002
  5.181128044407346E-002
  5.292498943784008E-002
  5.175128533767437E-002
  3.478704776240094E-002
  3.632270343384325E-002
  3.278675178851498E-002
  3.453694295714016E-002
  3.982797263361415E-002
  4.450365820503399E-002
  3.155581934283358E-002
  3.158273864248917E-002
  5.552363334931587E-002
  5.813457850168546E-002
  4.679576388359652E-002
  5.901184565163864E-002
  5.017100822728182E-002
  7.458214203181845E-002
  4.786451973697903E-002
  7.246321866053251E-002
  4.826372988229310E-002
  3.585526797846172E-002
  3.940084989289860E-002
  4.000884437094177E-002
  5.299616276549790E-002
  4.059249707905599E-002
  3.810671983103076E-002
  3.105147300671929E-002
  3.170268527230258E-002
  3.615054081800273E-002
  4.275089204976312E-002
  3.302140709614010E-002
  3.165877215666058E-002
  4.091453344597684E-002
  2.893549768236547E-002
  3.433847932045686E-002
  2.640126091796202E-002
  3.381817122609565E-002
  3.352047720821205E-002
  3.885884006166573E-002
  4.089961924039720E-002
  4.216230787189024E-002
  3.378742189410266E-002
  3.220564958505501E-002
  2.541625340601128E-002
  4.390766222830855E-002
  2.982299803008326E-002
  3.966448778655474E-002
  2.989489115811816E-002
  2.010914103417882E-002
  3.512708996533820E-002
  3.552876305276131E-002
  3.366182230260961E-002
  2.927827506156044E-002
  3.720170434469594E-002
  3.874497822505696E-002
  5.059837292265779E-002
  4.027907156898125E-002
