 excitation energies, transition moments and TDA amplitudes
 state    eV      nm       fL        Rv(corr)
    1    2.193   565.4     0.6910    -4.4383    -0.86( 143-> 144) -0.44( 142-> 146)  0.15( 142-> 144)
    2    2.260   548.7     0.1300    -1.4350     0.85( 142-> 144) -0.40( 143-> 146)  0.14( 143-> 144)
    3    3.199   387.5     0.0040    -9.8620     0.95( 141-> 144)  0.14( 142-> 145) -0.10( 139-> 145)
    4    3.498   354.5     0.0166    -0.4089     0.55( 140-> 144) -0.52( 143-> 146)  0.41( 139-> 144)
    5    3.619   342.6     0.0590    14.3598    -0.59( 143-> 147)  0.42( 143-> 148)  0.38( 140-> 144)
    6    3.765   329.3     0.0771    10.3131     0.83( 143-> 145)  0.24( 142-> 145)  0.21( 140-> 144)
    7    3.826   324.1     0.1645   -40.9163     0.49( 142-> 147) -0.43( 142-> 148) -0.32( 143-> 145)
    8    3.896   318.2     0.0587    38.6447     0.72( 142-> 145) -0.30( 139-> 144)  0.30( 142-> 148)
    9    3.976   311.8     0.0039    -4.6259     0.55( 135-> 144)  0.35( 137-> 144) -0.34( 137-> 145)
