           6           1  0.403068071178803     
           7           2   1.35840994998626     
           7           6   1.27030819029891     
           8           7  0.926009359987235     
           9           8  0.955710953218015     
          10           3   1.44639742918646     
          10           6   1.20052780499015     
          10           9  0.941301443696391     
          11           9  0.959366668735592     
          12           8  0.952120163342087     
          13          12  0.987495849661674     
          14          13  0.898981963861397     
          15          14   1.84760780860803     
          16          14   1.08939600688832     
          17           1  0.496604788685279     
          18           3   1.25028873862296     
          18          17   1.18925062750525     
          19          18   1.17212675777232     
          20          19   1.41558140479488     
          21           4   1.26180669187963     
          21          17   1.21801432942951     
          21          20   1.10734790354274     
          22          19  0.997593429653298     
          23          20   1.04933680910211     
          24          23   1.81659264627236     
          25          23  0.932044034536674     
          26           1  0.353166826809726     
          27           4   1.35310171461247     
          27          26   1.31886996948864     
          28          27  0.934247254384846     
          29          28  0.950134651030328     
          30           5   1.47333691635618     
          30          26   1.20579164197935     
          30          29  0.944351930405796     
          31          28  0.951200763408072     
          32          29  0.945843392818018     
          33          32   1.00711570297745     
          34           1  0.527983821605359     
          35           5   1.26029576997074     
          35          34   1.14680335215552     
          36          35   1.18557705230387     
          37          36   1.31698821170891     
          38           2   1.26999973576164     
          38          34   1.16585295454096     
          38          37   1.18087091794667     
          39          36   1.02586375287084     
          40          37   1.07054196446697     
          41          40   1.83446378600962     
          42           2  0.950899955285783     
          42          40  0.829367601438159     
          43          42  0.923447073204684     
          44          43   1.83250694041263     
          45          43   1.06576464715930     
          46          45  0.959987671030381     
          47          16  0.930286050266549     
          48          47  0.985408501209676     
          49          48   1.89215014168291     
          50          49  0.976736033421829     
          51          49  0.973978816667049     
          52          51  0.977478894117118     
          53          52  0.998148556120016     
          54          53  0.955172214297914     
          55          54  0.988274873379806     
          56          54  0.988808324317924     
          57          56  0.986601312396632     
          58          57  0.974358789664965     
          59          58  0.974554190885453     
          60          59  0.978203976068330     
          61          59  0.956386293623344     
          62          61   1.00665910760787     
          63          62  0.970299376006820     
          64          63  0.956269784488618     
          65          64  0.998982682395301     
          66          64  0.988002605351671     
          67           3  0.935276735670789     
          68           4  0.938583464449230     
          69           5  0.930568023099692     
          70           8  0.933655655406874     
          71           9  0.941306301782688     
          72          11  0.981703019589476     
          73          11  0.976830073155295     
          74          11  0.973197068553641     
          75          12  0.960543210607822     
          76          12  0.960199280869147     
          77          13  0.948433361716114     
          78          13  0.968785283992599     
          79          22  0.975507234718843     
          80          22  0.963279090856678     
          81          22  0.962988126579646     
          82          25  0.966982107463806     
          83          25  0.977120841253952     
          84          25  0.962454758124174     
          85          28  0.943810470410618     
          86          29  0.934206805901562     
          87          31  0.979894318952953     
          88          31  0.978331719054872     
          89          31  0.983384868374937     
          90          32  0.967979467157245     
          91          32  0.965310340745402     
          92          33  0.982224011465934     
          93          33  0.983254471970558     
          94          33  0.977964069083007     
          95          39  0.971898030718728     
          96          39  0.952736718884202     
          97          39  0.958853345312907     
          98          42  0.924222349097697     
          99          46  0.986017486530962     
         100          46  0.974908054811030     
         101          46  0.990185784357819     
         102          47  0.959082256497998     
         103          47  0.969960938288102     
         104          48  0.944493559129183     
         105          50  0.970742087444178     
         106          50  0.971872178618830     
         107          50  0.971115289701438     
         108          51  0.954693225422771     
         109          51  0.951001822246393     
         110          52  0.961692518902896     
         111          52  0.959325318118503     
         112          53  0.960362379532466     
         113          53  0.962648623811072     
         114          54  0.945665528629293     
         115          55  0.978781875864625     
         116          55  0.976045986696952     
         117          55  0.975426211361551     
         118          56  0.953368479276401     
         119          56  0.964440604684374     
         120          57  0.966470631121021     
         121          57  0.962854037010199     
         122          58  0.960150000831836     
         123          58  0.961881366366600     
         124          59  0.951323353499467     
         125          60  0.980927366553206     
         126          60  0.979090894026377     
         127          60  0.979491873409030     
         128          61  0.953255812259045     
         129          61  0.963015862975600     
         130          62  0.961317108282105     
         131          62  0.962715848795991     
         132          63  0.968376734744656     
         133          63  0.963513942714033     
         134          64  0.957165858078120     
         135          65  0.973617291833877     
         136          65  0.973482991541130     
         137          65  0.978828372685091     
         138          66  0.980787027276439     
         139          66  0.975377726212548     
         140          66  0.977515374247893     
