 excitation energies, transition moments and TDA amplitudes
 state    eV      nm       fL        Rv(corr)
    1    2.218   559.1     0.7791     2.3663    -0.89( 143-> 144) -0.33( 142-> 145)  0.20( 142-> 146)
    2    2.445   507.1     0.1215     1.4155    -0.85( 142-> 144)  0.38( 143-> 145) -0.25( 143-> 146)
    3    3.270   379.1     0.0047     3.4435     0.91( 141-> 144)  0.28( 140-> 144) -0.13( 139-> 144)
    4    3.611   343.3     0.0002    -6.8880     0.79( 140-> 144) -0.44( 143-> 145) -0.24( 141-> 144)
    5    3.762   329.6     0.0921    15.2926    -0.77( 143-> 147)  0.37( 143-> 145)  0.32( 140-> 144)
    6    3.892   318.6     0.0774    -2.6738     0.63( 139-> 144) -0.45( 137-> 144)  0.37( 143-> 147)
    7    3.937   314.9     0.0990     3.6181     0.81( 143-> 146)  0.36( 143-> 147)  0.19( 143-> 145)
    8    4.031   307.6     0.0129   -10.4259     0.57( 136-> 144) -0.53( 135-> 144) -0.23( 135-> 145)
    9    4.120   300.9     0.1430    11.3635    -0.51( 142-> 146) -0.48( 142-> 145)  0.31( 143-> 145)
