           6           1  0.426397572438725     
           7           2   1.40560931666984     
           7           6   1.16704958698703     
           8           7  0.937615810328117     
           9           8  0.958939644458931     
          10           3   1.38326794675221     
          10           6   1.29189898655595     
          10           9  0.904426604621650     
          11           9  0.986854570599978     
          12           8  0.924810351902493     
          13          12  0.981410349860492     
          14          13  0.950827697179940     
          15          14   1.83375259490032     
          16          14   1.06397265302861     
          17           1  0.450120752758007     
          18           3   1.32962798714096     
          18          17   1.10544970769320     
          19          18   1.19916384136349     
          20          19   1.47198472172741     
          21           4   1.25603598655345     
          21          17   1.27672088001168     
          21          20   1.04629454248379     
          22          19  0.957521558603194     
          23          20   1.00018870921154     
          24          23   1.84396236057819     
          25          23  0.950500355349752     
          26           1  0.445592771945733     
          27           4   1.47598019940444     
          27          26   1.20608287634696     
          28          27  0.930310115210533     
          29          28  0.935731667965177     
          30           5   1.44759122035853     
          30          26   1.19345153106537     
          30          29  0.962966838826817     
          31          28  0.982735891318725     
          32          29  0.955815078831054     
          33          32  0.996174652089239     
          34           1  0.515853235011487     
          35           5   1.20826840097140     
          35          34   1.16213132342024     
          36          35   1.26052197350374     
          37          36   1.33411361965641     
          38           2   1.22276726213685     
          38          34   1.20314644854033     
          38          37   1.17674150864786     
          39          36   1.00002009039425     
          40          37   1.06020151634035     
          41          40   1.80496203713513     
          42           2  0.939156049991569     
          42          40  0.886188049309001     
          43          42  0.935601533136550     
          44          43   1.81386724788653     
          45          43   1.07194942451706     
          46          45  0.976737465676373     
          47          16  0.956371564096684     
          48          47   1.00186374841597     
          49          48   1.90482113296354     
          50          49  0.954015986012406     
          51          49  0.963717096347032     
          52          51  0.982874389742153     
          53          52  0.971303828073573     
          54          53  0.964873612181471     
          55          54  0.978652665016589     
          56          54  0.965936953626139     
          57          56  0.979961271388420     
          58          57  0.985018997480172     
          59          58  0.963802740101524     
          60          59  0.988905715593833     
          61          59  0.962058146962854     
          62          61  0.980602750550131     
          63          62  0.974196432721011     
          64          63  0.984048666204315     
          65          64  0.979958096068688     
          66          64  0.969551322737387     
          67           3  0.932029501464399     
          68           4  0.928639617645015     
          69           5  0.941563803285786     
          70           8  0.934129548881254     
          71           9  0.945042873602647     
          72          11  0.970467327722283     
          73          11  0.975355570853189     
          74          11  0.970883044446131     
          75          12  0.967101024139614     
          76          12  0.953700711157072     
          77          13  0.939321005566387     
          78          13  0.957707124306742     
          79          22  0.974182206338329     
          80          22  0.973686185852161     
          81          22  0.980935269742822     
          82          25  0.967919900305298     
          83          25  0.971765630961024     
          84          25  0.958481681156862     
          85          28  0.941126126761452     
          86          29  0.937808120720708     
          87          31  0.976367712391623     
          88          31  0.979566464401939     
          89          31  0.972523033917284     
          90          32  0.962222957289466     
          91          32  0.966882240445893     
          92          33  0.985629058393478     
          93          33  0.979010291424909     
          94          33  0.982502451096424     
          95          39  0.974268471643446     
          96          39  0.967521845922014     
          97          39  0.959556044630945     
          98          42  0.917281149983734     
          99          46  0.984901381697448     
         100          46  0.989614102786435     
         101          46  0.980764977828147     
         102          47  0.964868560523110     
         103          47  0.950810923844131     
         104          48  0.934426159510765     
         105          50  0.981294011488334     
         106          50  0.975007008613125     
         107          50  0.980765407677580     
         108          51  0.960489519250864     
         109          51  0.959700253793616     
         110          52  0.968845679427261     
         111          52  0.974415231479277     
         112          53  0.970210671885543     
         113          53  0.964344251935616     
         114          54  0.952793686188203     
         115          55  0.980319243232951     
         116          55  0.980325852813020     
         117          55  0.985291493351861     
         118          56  0.966425148280566     
         119          56  0.961971765823893     
         120          57  0.965674232238439     
         121          57  0.972135364986886     
         122          58  0.966261655864440     
         123          58  0.963032755705583     
         124          59  0.953788966021594     
         125          60  0.979952139988585     
         126          60  0.980559969667089     
         127          60  0.974837694160017     
         128          61  0.968332279396488     
         129          61  0.970015979266267     
         130          62  0.972498791737950     
         131          62  0.969101931800941     
         132          63  0.962226385780968     
         133          63  0.963838495418100     
         134          64  0.957478982434511     
         135          65  0.977254888945119     
         136          65  0.974198932242192     
         137          65  0.985433133936112     
         138          66  0.980854398772266     
         139          66  0.985490880508963     
         140          66  0.980881289633905     
