  0.287455598456773     
  2.277050385085921E-002
  4.465338600049940E-003
 -4.810844366216926E-003
 -5.866963206526599E-002
 -0.103647322216515     
  1.032138208761824E-002
 -1.980550013043292E-002
 -4.343056789699329E-002
  7.487493003347812E-002
 -9.911689530023970E-002
 -4.633929892873745E-002
 -3.492109584346448E-002
  0.170565209797580     
 -0.279686327430196     
 -0.136301799022097     
 -0.213478633014188     
  2.586470969481480E-002
  1.144653052089772E-004
 -6.028189283963847E-002
  6.210863108127418E-002
 -7.439394176164527E-002
  0.121090518406739     
 -0.256145439416663     
 -8.996088537166536E-002
 -0.223192316370436     
  4.262196377500160E-002
 -3.507530425256533E-003
 -1.458455439518325E-002
  3.241919995514930E-002
 -8.167228180452657E-002
 -6.595622832225168E-002
 -8.834510528880379E-002
 -0.227224714422164     
  1.739222344604707E-002
 -3.206096359539501E-002
 -3.683651043558545E-002
  6.595130097284851E-003
 -6.803206468282674E-002
  0.154562697997904     
 -0.225409736734619     
 -4.967590575972114E-002
  0.234181288903503     
 -0.292827632385651     
 -0.149802693891457     
  2.034845825242959E-002
  7.199883331392831E-002
 -6.386039507147601E-002
 -2.776212333664585E-002
 -9.001080622172708E-002
 -7.014731933172946E-002
 -7.147122838711617E-002
 -6.811631376684790E-002
 -2.641289311648620E-002
 -0.116832142718572     
 -4.955042369062390E-002
 -5.393987855756066E-002
 -7.695157274830411E-002
 -2.738814836768277E-002
 -0.117758498153224     
 -6.895163498293311E-002
 -5.829230065000601E-002
 -7.554361535893861E-002
 -1.992927215189955E-002
 -0.112479720451399     
 -0.112768877048579     
  5.227519418094451E-002
  6.179526972677174E-002
  5.637508848061934E-002
  4.808508430054514E-002
  3.438573137234335E-002
  4.396180169532937E-002
  3.570170312391441E-002
  3.105700358701469E-002
  4.447215525872206E-002
  4.930442864353657E-002
  4.632089925399274E-002
  5.568022303197018E-002
  5.772315722187371E-002
  5.000141243267375E-002
  4.663169150801050E-002
  4.364097121697252E-002
  4.557844268183708E-002
  5.210429648617754E-002
  5.487230860841141E-002
  4.701652721497929E-002
  3.780247058970021E-002
  3.769025708703200E-002
  4.351201612662359E-002
  3.056958124694176E-002
  3.022822544063486E-002
  3.904755093284396E-002
  2.568449006011631E-002
  4.120778609337228E-002
  5.074232732774431E-002
  5.267323589042938E-002
  4.396203811615307E-002
  5.621694304540648E-002
  5.249565852849492E-002
  5.711441221853319E-002
  5.750371121022368E-002
  7.386587460779515E-002
  5.052602352676105E-002
  4.105728827485711E-002
  4.666802616957733E-002
  3.213581193839599E-002
  4.265652774752915E-002
  3.937836962965990E-002
  4.507267027070638E-002
  2.701968936201582E-002
  2.687437019252459E-002
  2.543443928334665E-002
  3.193943795553533E-002
  3.702531802817854E-002
  3.260391501037008E-002
  3.274197920759880E-002
  2.941010703394864E-002
  5.079968833177095E-002
  3.305208299265727E-002
  3.624173077440263E-002
  4.393200444347911E-002
  2.863656112910606E-002
  4.138627369180825E-002
  3.434813246801294E-002
  2.555325474679715E-002
  2.994952271597573E-002
  3.735540871840604E-002
  3.748606910172303E-002
  3.482551404086542E-002
  4.293943144672707E-002
  3.058547301574377E-002
  2.897739142392641E-002
  4.541195152437127E-002
  3.425236212528904E-002
  3.184869507506383E-002
  2.871627967116253E-002
  2.863168714216624E-002
  2.963884038864706E-002
  3.462050319715493E-002
  3.150159482898873E-002
