           6           1  0.374436604391893     
           7           2   1.39896255796459     
           7           6   1.21153073093647     
           8           7  0.923538183490040     
           9           8  0.962272546496890     
          10           3   1.39150753487585     
          10           6   1.30634722868313     
          10           9  0.936367377047964     
          11           9  0.953847403662269     
          12           8  0.942616727379925     
          13          12  0.964067010233478     
          14          13  0.951220458907247     
          15          14   1.76925154206337     
          16          14   1.11261433881865     
          17           1  0.470844106285016     
          18           3   1.27971851630203     
          18          17   1.14842689316873     
          19          18   1.16486272622606     
          20          19   1.40201368859972     
          21           4   1.19344816904291     
          21          17   1.22793011850113     
          21          20   1.18256460460285     
          22          19   1.00697071898306     
          23          20  0.961208144479086     
          24          23   1.83257428674965     
          25          23  0.972249025170772     
          26           1  0.516658131118815     
          27           4   1.57067448305617     
          27          26   1.08251838393604     
          28          27  0.946100206887495     
          29          28  0.963627552242911     
          30           5   1.41215972597598     
          30          26   1.23617665950125     
          30          29  0.938144571945288     
          31          28  0.958587661869854     
          32          29  0.946561052698511     
          33          32   1.00605753097011     
          34           1  0.476583861704207     
          35           5   1.28312540322652     
          35          34   1.16810505982255     
          36          35   1.18144524349245     
          37          36   1.36710447581564     
          38           2   1.22848831591243     
          38          34   1.20281029771509     
          38          37   1.14777346708933     
          39          36  0.996746874192635     
          40          37   1.10871977002080     
          41          40   1.81739945340535     
          42           2  0.943901240146601     
          42          40  0.824677165130412     
          43          42  0.922852477724293     
          44          43   1.79279548258865     
          45          43   1.12175619044207     
          46          45  0.954134823115407     
          47          16  0.949627305989298     
          48          47   1.00071123687017     
          49          48   1.88591636673765     
          50          49  0.985157509029938     
          51          49  0.961421434913541     
          52          51  0.958905966469081     
          53          52  0.993853160668826     
          54          53  0.971619283830502     
          55          54  0.974984161545966     
          56          54  0.976080084301318     
          57          56  0.995692252590990     
          58          57  0.972314300417207     
          59          58  0.979182413373262     
          60          59  0.977709327225502     
          61          59  0.960470129472650     
          62          61  0.986751619608204     
          63          62  0.974881190719382     
          64          63  0.968647203096747     
          65          64  0.972770600933285     
          66          64   1.00932271067907     
          67           3  0.936055807219926     
          68           4  0.922673809644141     
          69           5  0.934527814121528     
          70           8  0.941381754469760     
          71           9  0.943390383613531     
          72          11  0.980055328524809     
          73          11  0.979317962465933     
          74          11  0.981941217303110     
          75          12  0.965719006913178     
          76          12  0.959275202170113     
          77          13  0.963099253945642     
          78          13  0.951000834468692     
          79          22  0.959920929073353     
          80          22  0.961889535144780     
          81          22  0.972357238765782     
          82          25  0.971580101556607     
          83          25  0.955658765672862     
          84          25  0.958533952259915     
          85          28  0.942668485076495     
          86          29  0.938552941636255     
          87          31  0.979273986071120     
          88          31  0.980614420234136     
          89          31  0.975818594946525     
          90          32  0.962234843044993     
          91          32  0.966529684786701     
          92          33  0.981790828635293     
          93          33  0.981657086536789     
          94          33  0.981672248376716     
          95          39  0.961152327693566     
          96          39  0.973693345505095     
          97          39  0.971553995369234     
          98          42  0.931537918875199     
          99          46  0.985094302587359     
         100          46  0.987333473302251     
         101          46  0.985904327750055     
         102          47  0.946809093521176     
         103          47  0.958346121747442     
         104          48  0.937542425744259     
         105          50  0.968263819526506     
         106          50  0.975282638791356     
         107          50  0.977282635852864     
         108          51  0.961130669911720     
         109          51  0.968980715189690     
         110          52  0.968672096942365     
         111          52  0.968142024888051     
         112          53  0.963412342665515     
         113          53  0.956337768282399     
         114          54  0.948392581210773     
         115          55  0.979851439418406     
         116          55  0.983673192189382     
         117          55  0.980487507470748     
         118          56  0.950049283462498     
         119          56  0.960360218294655     
         120          57  0.964573075430992     
         121          57  0.956431185767327     
         122          58  0.957503321887491     
         123          58  0.957180807774556     
         124          59  0.948997731568070     
         125          60  0.981950309343741     
         126          60  0.976355303439870     
         127          60  0.973558956152443     
         128          61  0.957865470471044     
         129          61  0.963342346023680     
         130          62  0.964213414854072     
         131          62  0.968613219468055     
         132          63  0.968174683738133     
         133          63  0.953562070933554     
         134          64  0.954593133119127     
         135          65  0.978148223584029     
         136          65  0.981049758233807     
         137          65  0.981855021763440     
         138          66  0.967050708855510     
         139          66  0.976604943066188     
         140          66  0.967743194324451     
