  0.348425986201552     
 -7.633685521277300E-003
 -4.162971741953392E-002
 -9.270967145878828E-003
 -3.155769809490749E-002
 -0.171234768734140     
  3.265324557406624E-002
 -2.708279729534802E-002
 -3.705169762754768E-002
  4.513963050931702E-002
 -8.120511295324295E-002
 -4.519287616979284E-002
 -6.107551945692613E-002
  0.203897389794071     
 -0.271714437486429     
 -0.145425777647543     
 -0.204813982380159     
  3.782778014479105E-002
 -7.629211193163954E-003
 -3.224465989976810E-002
  5.687446025752330E-002
 -9.686454349986917E-002
  0.144543695712018     
 -0.250390386124004     
 -0.111834948041095     
 -0.173882175614978     
  3.719099225807510E-002
 -3.277843812352366E-002
  2.729124645334480E-003
  3.998969130270158E-002
 -8.804479961668932E-002
 -4.835007286825999E-002
 -0.102159784708691     
 -0.212654667619947     
  9.857019727350647E-004
 -2.188866573526660E-002
 -5.496282793804141E-002
  2.478587483999606E-002
 -5.491803051016131E-002
  0.139798637631367     
 -0.226149032923135     
 -2.898644587679566E-002
  0.220680869677564     
 -0.251752861735773     
 -0.153745181299853     
  1.030770885498011E-002
  7.182593173391627E-002
 -7.770060136486734E-002
 -3.088675784275097E-002
 -9.773686512556701E-002
 -4.570137895918069E-002
 -6.284783727569820E-002
 -7.997646233632150E-002
 -1.702536248795372E-002
 -0.109468095709793     
 -7.432573633034156E-002
 -7.572496774070903E-002
 -6.912450577018170E-002
 -2.533716852355017E-002
 -0.108430212331998     
 -6.973375185618735E-002
 -6.714307345195625E-002
 -8.215804667667026E-002
 -2.254558882539737E-002
 -0.117621401606053     
 -8.851527661221681E-002
  5.333363785186107E-002
  5.861733934038504E-002
  5.409620213031563E-002
  4.167662093983171E-002
  4.281392462157119E-002
  4.611683159894664E-002
  3.890250021450270E-002
  4.387527459603557E-002
  4.127070188125459E-002
  4.444707598387887E-002
  2.683931597354450E-002
  4.795631672597234E-002
  4.294699401149193E-002
  4.270661027923139E-002
  4.981559033314642E-002
  3.704808315397579E-002
  4.195602461866199E-002
  3.841319408052724E-002
  4.512857346484211E-002
  4.793027331668931E-002
  3.579441277812045E-002
  3.547401256209293E-002
  5.136356522322194E-002
  4.040246848400830E-002
  4.215183911957587E-002
  3.896370788763948E-002
  2.743049739943482E-002
  2.763225869545660E-002
  5.245021958639295E-002
  4.341843270940304E-002
  5.920968469433285E-002
  6.077898291080341E-002
  3.805452454216574E-002
  5.891372397487082E-002
  5.610448612157770E-002
  6.953481120408134E-002
  6.250617114133639E-002
  3.638207271747362E-002
  3.324491624486969E-002
  4.102902282043130E-002
  4.398495982096118E-002
  3.788862240327995E-002
  4.457324918627104E-002
  2.897382513578262E-002
  3.554804840071191E-002
  3.289660723935650E-002
  3.274038515082034E-002
  4.935446716237368E-002
  3.448432947888791E-002
  3.499156670976011E-002
  2.893636676467326E-002
  3.298148525078703E-002
  3.841097604354982E-002
  3.581085543877327E-002
  3.204997562692824E-002
  3.164946819053338E-002
  3.719353582113805E-002
  4.026874526756608E-002
  4.017738773300117E-002
  2.417809325516329E-002
  3.269511091316513E-002
  2.895140327863532E-002
  4.439598987059346E-002
  2.552441969715258E-002
  5.035318994743665E-002
  3.555395451591725E-002
  3.560570220172854E-002
  3.178948941983495E-002
  3.137644217470159E-002
  2.392474646153731E-002
  3.055656744663748E-002
  2.967674518466978E-002
  3.381285322103100E-002
  4.043168063169844E-002
