 excitation energies, transition moments and TDA amplitudes
 state    eV      nm       fL        Rv(corr)
    1    2.190   566.1     0.6895   -13.1360    -0.81( 144-> 145)  0.36( 143-> 145)  0.32( 143-> 147)
    2    2.260   548.6     0.3432    -5.2060    -0.81( 143-> 145) -0.37( 144-> 145) -0.27( 144-> 147)
    3    3.175   390.5     0.0136    -9.9575     0.95( 142-> 145) -0.11( 143-> 146)  0.11( 143-> 145)
    4    3.676   337.3     0.0249    -5.1492    -0.70( 138-> 145) -0.44( 137-> 145) -0.31( 139-> 145)
    5    3.717   333.5     0.0225    -7.1391    -0.60( 144-> 148) -0.40( 144-> 149)  0.40( 139-> 145)
    6    3.777   328.3     0.0221     1.5272     0.75( 140-> 145) -0.37( 143-> 146) -0.24( 138-> 145)
    7    3.790   327.1     0.0020   -35.6012    -0.52( 144-> 148) -0.42( 139-> 145) -0.34( 144-> 149)
    8    3.862   321.0     0.0446    22.2706     0.83( 144-> 146)  0.31( 144-> 147)  0.19( 143-> 148)
    9    3.916   316.6     0.0237   -17.0936     0.74( 143-> 148)  0.43( 143-> 149) -0.32( 139-> 145)
