           6           1  0.314813768026812     
           7           2   1.46390239151728     
           7           6   1.25710367635971     
           8           7  0.893682901019360     
           9           8  0.960469461440446     
          10           3   1.49402732943219     
          10           6   1.24894790533195     
          10           9  0.904050619172639     
          11           9  0.971337019450300     
          12           8  0.952932523881204     
          13          12  0.963934656916055     
          14          13  0.908259756452280     
          15          14   1.81573895385527     
          16          14   1.12081450776344     
          17           1  0.475547182523269     
          18           3   1.15530566894901     
          18          17   1.20056969552539     
          19          18   1.22238707828557     
          20          19   1.42709418813645     
          21           4   1.31841135104148     
          21          17   1.21258733630220     
          21          20   1.05665084048472     
          22          19  0.969559940629397     
          23          20   1.06972527183065     
          24          23   1.80023466634020     
          25          23  0.925694076426158     
          26           1  0.381399792958348     
          27           4   1.39862185479947     
          27          26   1.26294699152219     
          28          27  0.930268818870676     
          29          28  0.937572034290993     
          30           5   1.52706734888373     
          30          26   1.18250964951154     
          30          29  0.937888008083596     
          31          28  0.959894892787845     
          32          29  0.979554178246976     
          33          32  0.992901328121940     
          34           1  0.588005836671667     
          35           5   1.19353566552024     
          35          34   1.11212201029840     
          36          35   1.22504448418654     
          37          36   1.38642241481733     
          38           2   1.12954870069849     
          38          34   1.24193262089138     
          38          37   1.17019801345920     
          39          36  0.971567155457505     
          40          37   1.04513298747410     
          41          40   1.82788403538270     
          42           2  0.951368607843417     
          42          40  0.860888773692068     
          43          42  0.902217684754910     
          44          43   1.83797731762960     
          45          43   1.06855470264275     
          46          45  0.970222155417052     
          47          16  0.940469101459048     
          48          47   1.00764805108112     
          49          48   1.87999323236962     
          50          49  0.977391750536386     
          51          49  0.972104890733883     
          52          51  0.977998701905765     
          53          52  0.973984976259799     
          54          53  0.971711650359386     
          55          54  0.983387143652686     
          56          54  0.974964676902746     
          57          56  0.971571857179507     
          58          57  0.984762147805610     
          59          58  0.944532844140462     
          60          59  0.992873603678814     
          61          59  0.980457415055327     
          62          61  0.969646934521330     
          63          62  0.984128146145814     
          64          63  0.955745687447487     
          65          64  0.970498333461641     
          66          64   1.01918462134680     
          67           3  0.940907468977436     
          68           4  0.927024674213940     
          69           5  0.929794997759488     
          70           8  0.945451459140619     
          71           9  0.945891628375446     
          72          11  0.977363801056729     
          73          11  0.978451766458491     
          74          11  0.980422486221080     
          75          12  0.969226734108507     
          76          12  0.963214483611545     
          77          13  0.971816672509414     
          78          13  0.961963374491404     
          79          22  0.976338670946309     
          80          22  0.970006573000705     
          81          22  0.969408840066754     
          82          25  0.967882651567713     
          83          25  0.976034044840291     
          84          25  0.962759673751003     
          85          28  0.942177332048441     
          86          29  0.932855160430751     
          87          31  0.982239628998615     
          88          31  0.984726417096266     
          89          31  0.975670899847983     
          90          32  0.964734214719809     
          91          32  0.960849400137101     
          92          33  0.981297676035554     
          93          33  0.979968142140870     
          94          33  0.988788687774268     
          95          39  0.972110022555925     
          96          39  0.979575348888922     
          97          39  0.971826522780473     
          98          42  0.930100386773598     
          99          46  0.990901945280271     
         100          46  0.980946681739050     
         101          46  0.981552482139033     
         102          47  0.948134136363134     
         103          47  0.958013327521122     
         104          48  0.936528783254573     
         105          50  0.978182559800441     
         106          50  0.969644789622674     
         107          50  0.976044416164697     
         108          51  0.961021270260184     
         109          51  0.954073932467466     
         110          52  0.969170732388734     
         111          52  0.962342670132404     
         112          53  0.957355936833939     
         113          53  0.964539481643915     
         114          54  0.941984105701629     
         115          55  0.975481149604006     
         116          55  0.977502412159861     
         117          55  0.981086385357952     
         118          56  0.961261883100291     
         119          56  0.965653540133480     
         120          57  0.973646730881713     
         121          57  0.964895280173116     
         122          58  0.966430918890324     
         123          58  0.963907226008602     
         124          59  0.950803152576085     
         125          60  0.972567391523024     
         126          60  0.976927146730297     
         127          60  0.979692113039904     
         128          61  0.964448571235528     
         129          61  0.963762690373834     
         130          62  0.971684916790260     
         131          62  0.957472322015985     
         132          63  0.962677604892079     
         133          63  0.959587295324173     
         134          64  0.953662971871661     
         135          65  0.978636213984578     
         136          65  0.981012287263958     
         137          65  0.982483443379595     
         138          66  0.969989427113351     
         139          66  0.973196983194209     
         140          66  0.968594405361073     
