  0.316557434208300     
  3.417657866307877E-002
 -3.824556620746389E-002
 -2.206616043523546E-002
 -3.084629941395800E-002
 -0.154157436548518     
  6.574031934186086E-002
 -2.444527775961269E-002
 -1.206919063041934E-002
  1.776453237036923E-002
 -8.976929853364357E-002
 -4.500136324093784E-002
 -8.172250395582559E-002
  0.231389433482895     
 -0.240297253198464     
 -0.172599394940370     
 -0.212024711687594     
  3.566584614995261E-003
 -4.723353325175328E-002
 -8.694660499524076E-002
  1.140104453372803E-002
 -7.875150341159820E-002
  0.151107431755206     
 -0.253246982168079     
 -8.010934056920149E-002
 -0.180454547519464     
  2.745248907239528E-002
 -1.043282455030425E-002
 -3.588284277745579E-002
  3.545895320637449E-002
 -7.606553234831992E-002
 -5.404017338184541E-002
 -9.332731058397759E-002
 -0.224691626347005     
  5.783953851682622E-002
  6.567773260063525E-003
 -6.469710800873774E-002
  3.193907584796207E-002
 -5.136230923879825E-002
  0.137725406085334     
 -0.268483247308649     
  1.328465999173911E-003
  0.190641888109023     
 -0.277446147245192     
 -0.146502119743755     
  9.375733321699276E-003
  3.213271793318739E-002
 -6.296006298092749E-002
 -9.614779895377623E-003
 -0.100392572961853     
 -5.777304629004743E-002
 -6.853528505441719E-002
 -6.432831868459399E-002
 -1.811711313355779E-002
 -0.110456033446368     
 -7.686798065273237E-002
 -7.107598357858702E-002
 -7.905581470553003E-002
 -9.988578084402455E-003
 -0.115456587977421     
 -4.614277975197201E-002
 -6.756909329171901E-002
 -7.899598315770717E-002
 -2.416330007815581E-002
 -9.939033440682454E-002
 -0.107315422299767     
  5.725811395653835E-002
  5.910075471264353E-002
  4.003373467906790E-002
  3.570535563220989E-002
  5.207984424383594E-002
  4.229881031260019E-002
  3.739191752405624E-002
  3.578538118473196E-002
  3.217700442723426E-002
  6.181111453534038E-002
  3.256437104232546E-002
  4.100748123819753E-002
  4.419277800919186E-002
  6.081598688451217E-002
  5.375870783969305E-002
  6.236994728337508E-002
  5.273944627374128E-002
  4.818890902935713E-002
  5.791044804184875E-002
  5.024506775995119E-002
  4.325812338329893E-002
  4.514522724930481E-002
  4.742769604791297E-002
  4.173706535365174E-002
  3.350492106671488E-002
  3.945611582234476E-002
  2.941155618082814E-002
  3.524804906797474E-002
  4.761611586709491E-002
  5.536845836052906E-002
  5.688250434210962E-002
  7.001133274078286E-002
  5.474693201020209E-002
  4.802276395246985E-002
  6.796023365508552E-002
  6.414018886188599E-002
  4.349621036492712E-002
  4.155892320565158E-002
  4.641355035237416E-002
  3.835644182778031E-002
  3.247089109669488E-002
  3.627497506341304E-002
  3.790204028144739E-002
  2.891560409133687E-002
  3.912291035045024E-002
  3.412335247129494E-002
  4.102369859704469E-002
  4.002865354710416E-002
  2.719196919988021E-002
  3.732081125546849E-002
  3.002512410456781E-002
  3.526884752181425E-002
  3.053163397797476E-002
  3.459379198087476E-002
  2.945547835676554E-002
  2.996139018742616E-002
  3.462433145872268E-002
  3.771735682237887E-002
  2.535915354304408E-002
  3.832953992372712E-002
  3.303197472480590E-002
  4.108703531556102E-002
  4.363447892704608E-002
  2.660218935200298E-002
  3.155787905253915E-002
  3.413411813706102E-002
  3.028373804548823E-002
  2.542647970990375E-002
  3.986288554611461E-002
  3.319205906681133E-002
  3.403945293566224E-002
  3.542393145455891E-002
  2.543215404656518E-002
  3.780436564202827E-002
