  0.294326175499139     
  9.089271727434234E-003
 -2.387448641942314E-002
 -1.381009938039401E-002
 -2.139325365481515E-002
 -0.151349036409284     
  2.791583341184412E-002
 -2.591919975063828E-002
 -1.099980751491536E-002
  8.592974016667920E-003
 -9.075482912909116E-002
 -4.166559898978850E-002
 -3.463308863085413E-002
  0.215832876051530     
 -0.272308168020762     
 -0.179064948477857     
 -0.220180022396286     
  3.300587442172898E-002
 -4.210213505101468E-002
 -7.629784240354720E-002
  4.021793997757728E-002
 -6.966544881799486E-002
  0.134670553021083     
 -0.242530828284226     
 -8.774874704744740E-002
 -0.161795234346718     
  2.143932411884597E-002
 -5.496631326800561E-003
 -3.993395129655752E-002
  7.359921028538174E-002
 -9.913286198100835E-002
 -5.860015842098232E-002
 -8.613786248265853E-002
 -0.227135445606616     
  3.094931898713860E-002
  6.322853601267386E-003
 -2.783117444934735E-002
  5.343259776310560E-002
 -6.459974352057252E-002
  0.125181079624777     
 -0.267296058298091     
 -3.571532938129263E-002
  0.197206890359840     
 -0.252759961540964     
 -0.161766031672112     
  1.438040826424114E-002
  4.857211405715178E-002
 -5.704581069569326E-002
 -1.211311575425889E-002
 -8.558611018179096E-002
 -8.257480180270971E-002
 -5.872958464230216E-002
 -7.402901071293133E-002
 -4.400403841836731E-002
 -0.104883242496229     
 -7.088733493460619E-002
 -6.405868847260621E-002
 -7.025134954416146E-002
 -1.246333567167568E-002
 -0.116100549867299     
 -6.815287805521208E-002
 -6.525913373424963E-002
 -6.796892893400663E-002
 -3.778975248393746E-002
 -9.837945727953201E-002
 -9.881970683136565E-002
  5.712058119382635E-002
  6.622783043613023E-002
  5.897971399548252E-002
  3.985829032457611E-002
  4.752120702377038E-002
  3.555438718815573E-002
  4.712394830091249E-002
  3.705551173555077E-002
  2.849182247185011E-002
  5.357163386643604E-002
  4.309395712355579E-002
  5.562808716740297E-002
  5.363443078046115E-002
  5.442170886595066E-002
  4.457794222826672E-002
  4.638562839998661E-002
  5.500985742767195E-002
  4.001097330151393E-002
  5.520002288643955E-002
  4.610355975809033E-002
  3.000642697089972E-002
  3.496842606604711E-002
  3.846623581583120E-002
  3.062576405638384E-002
  3.670928738312118E-002
  3.893486070125041E-002
  4.291156035320609E-002
  3.325699450689312E-002
  5.045802157586421E-002
  5.484588104570809E-002
  4.328998107235438E-002
  6.406875198987327E-002
  5.457359933866979E-002
  6.084037031554723E-002
  5.731223411779562E-002
  7.571844093612490E-002
  4.307201231356261E-002
  3.594398311156166E-002
  4.436355748230181E-002
  3.565992896749981E-002
  4.469028390421459E-002
  3.105264386104012E-002
  2.751756036388042E-002
  4.155480343145379E-002
  2.275034785385610E-002
  3.730361704280127E-002
  3.362921032309119E-002
  3.691478030779427E-002
  2.679949318630748E-002
  4.684860920366118E-002
  3.928278413250430E-002
  3.170381098535890E-002
  3.921993792917966E-002
  3.217982863939173E-002
  4.991299339748079E-002
  3.217199796101100E-002
  3.847959661016043E-002
  3.848982241451515E-002
  3.249580945531649E-002
  3.143857282377827E-002
  3.146605097145927E-002
  3.398526787230505E-002
  2.920497288853152E-002
  3.462252956730039E-002
  3.098207086712801E-002
  3.984614445054313E-002
  3.081202223532087E-002
  2.227694747339903E-002
  3.811133949054124E-002
  4.034841139518441E-002
  2.947161607978810E-002
  3.207442831196106E-002
  3.109142375052565E-002
  3.653237824887734E-002
