 excitation energies, transition moments and TDA amplitudes
 state    eV      nm       fL        Rv(corr)
    1    2.121   584.6     0.5390    -3.5076     0.79( 144-> 145) -0.39( 143-> 145) -0.29( 143-> 147)
    2    2.271   546.1     0.4120    -1.9668    -0.76( 143-> 145) -0.41( 144-> 145) -0.31( 144-> 147)
    3    2.824   439.0     0.0268   -10.2845     0.92( 142-> 145)  0.23( 141-> 145)  0.15( 143-> 145)
    4    3.301   375.6     0.0248     1.3410    -0.85( 141-> 145)  0.29( 144-> 147) -0.23( 144-> 146)
    5    3.562   348.1     0.0289    10.7235     0.68( 144-> 148)  0.62( 144-> 149) -0.29( 144-> 147)
    6    3.760   329.7     0.0133     0.3015     0.79( 144-> 146)  0.41( 144-> 147) -0.27( 143-> 146)
    7    3.888   318.9     0.1176     4.2952    -0.71( 140-> 145)  0.38( 138-> 145)  0.31( 135-> 145)
    8    3.997   310.2     0.0621    10.9127     0.55( 138-> 145)  0.36( 144-> 147)  0.33( 135-> 145)
    9    4.052   306.0     0.0418   -59.0187    -0.50( 138-> 145) -0.34( 136-> 145) -0.31( 137-> 146)
