           6           1  0.435140374007136     
           7           2   1.44538784919512     
           7           6   1.22998011653799     
           8           7  0.915704380376239     
           9           8  0.951224298682765     
          10           3   1.44214412384390     
          10           6   1.16883495964279     
          10           9  0.951456994519660     
          11           9  0.954005351642866     
          12           8  0.954745017037849     
          13          12  0.996258323855898     
          14          13  0.974947983344023     
          15          14   1.81292083551182     
          16          14   1.05054866281974     
          17           1  0.512117435649750     
          18           3   1.30063705235991     
          18          17   1.14153399720946     
          19          18   1.19360373867430     
          20          19   1.38431298574100     
          21           4   1.23687250511403     
          21          17   1.20061401629415     
          21          20   1.15418526806863     
          22          19   1.00318989421523     
          23          20  0.963095147967339     
          24          23   1.84337763388144     
          25          23  0.968412317619368     
          26           1  0.368269523815334     
          27           4   1.50140133217753     
          27          26   1.11833796837321     
          28          27  0.962346643193657     
          29          28  0.953443756816251     
          30           5   1.38687551579412     
          30          26   1.35385790721934     
          30          29  0.923814999083577     
          31          28  0.956268121481982     
          32          29  0.950791953552653     
          33          32   1.00025569941709     
          34           1  0.514030453750709     
          35           5   1.28917735882768     
          35          34   1.08169985561880     
          36          35   1.23728676439281     
          37          36   1.31859473960987     
          38           2   1.16771683157556     
          38          34   1.26042903809968     
          38          37   1.18386783243812     
          39          36  0.994263957099831     
          40          37   1.13105439596176     
          41          40   1.74723203192926     
          42           2  0.945274741126321     
          42          40  0.871888644164567     
          43          42  0.888024034202402     
          44          43   1.82608471056079     
          45          43   1.08923264241028     
          46          45  0.958567462727667     
          47          16  0.932540419603754     
          48          47   1.00175506553029     
          49          48   1.90393470502165     
          50          49  0.999414671532764     
          51          49  0.921492460883531     
          52          51  0.969479898367916     
          53          52  0.983841190656313     
          54          53  0.960740412427356     
          55          54  0.978332382330476     
          56          54  0.960736939116587     
          57          56  0.996032630648484     
          58          57  0.963975282821528     
          59          58  0.984414422270188     
          60          59  0.980530250343872     
          61          59  0.967274459813901     
          62          61  0.976059672438983     
          63          62  0.987113963705282     
          64          63  0.961463989527878     
          65          64  0.988950046850401     
          66          64  0.990323435039276     
          67           3  0.925744997723634     
          68           4  0.923146337218567     
          69           5  0.932978921913443     
          70           8  0.938585148215146     
          71           9  0.944669336193235     
          72          11  0.976723833242509     
          73          11  0.970183013959849     
          74          11  0.979812649262303     
          75          12  0.965705163897688     
          76          12  0.953589678774325     
          77          13  0.941466159192344     
          78          13  0.935889605670840     
          79          22  0.972831872482672     
          80          22  0.959367126681444     
          81          22  0.966532451314629     
          82          25  0.967495096454323     
          83          25  0.953175548100950     
          84          25  0.971918697888002     
          85          28  0.941057353498620     
          86          29  0.939437896930082     
          87          31  0.981231674098866     
          88          31  0.975642308910097     
          89          31  0.978419443658339     
          90          32  0.970696732062501     
          91          32  0.964841638588175     
          92          33  0.983185616982077     
          93          33  0.972959190365874     
          94          33  0.985821167768271     
          95          39  0.967521893558568     
          96          39  0.965207410145116     
          97          39  0.977890566882644     
          98          42  0.934385367096677     
          99          46  0.986640051439633     
         100          46  0.987132558289388     
         101          46  0.985220005733285     
         102          47  0.950536696730916     
         103          47  0.969460847224804     
         104          48  0.935076254412372     
         105          50  0.969774060110606     
         106          50  0.967585386444210     
         107          50  0.966875643344775     
         108          51  0.965337802693099     
         109          51  0.969029893029600     
         110          52  0.968874062315350     
         111          52  0.976702596889707     
         112          53  0.964412610217886     
         113          53  0.962335354414905     
         114          54  0.952673948929266     
         115          55  0.984437320954962     
         116          55  0.977025536459961     
         117          55  0.978619476309201     
         118          56  0.961858168993810     
         119          56  0.961588542688205     
         120          57  0.959624999009390     
         121          57  0.959021894601918     
         122          58  0.957719632821676     
         123          58  0.957445092442643     
         124          59  0.949577520685038     
         125          60  0.980860553156518     
         126          60  0.975725782603882     
         127          60  0.975699154853192     
         128          61  0.967269736758799     
         129          61  0.961555602527426     
         130          62  0.961559113647839     
         131          62  0.971275562011687     
         132          63  0.963037485384420     
         133          63  0.965815742092812     
         134          64  0.957599066547832     
         135          65  0.981139469195942     
         136          65  0.976186827905712     
         137          65  0.982121802707836     
         138          66  0.979786938157755     
         139          66  0.978611103536539     
         140          66  0.976475506429204     
