  0.291634733270507     
  2.586100352286902E-003
 -2.591625688403809E-002
 -1.362359779043310E-002
 -5.209649856793863E-002
 -0.146716078504030     
  4.161861286345925E-002
 -2.774124741629347E-002
 -2.881971724551757E-002
  3.724856247645780E-002
 -8.351398102150664E-002
 -6.520331961267178E-002
 -4.160696570559264E-002
  0.190068805523384     
 -0.260158473101971     
 -0.160995540751377     
 -0.193803258047041     
  2.190056536300844E-002
 -2.354535377063716E-002
 -5.934733105690526E-002
  4.206083047750120E-002
 -7.834631098329581E-002
  0.120120975345721     
 -0.246291378210950     
 -9.361015689028029E-002
 -0.174019398375141     
  2.165615189819681E-002
 -1.725942122871338E-002
 -3.022260918612396E-002
  5.690718809640449E-002
 -8.111493189220198E-002
 -6.446027085840367E-002
 -8.881148941034667E-002
 -0.215252990483565     
  2.010660554154331E-002
 -1.012285827629356E-002
 -5.673159085188395E-002
  9.724447109611400E-003
 -6.634459992770836E-002
  0.170637100208924     
 -0.221370322831401     
 -5.349344827852143E-002
  0.241734743512508     
 -0.275759561731267     
 -0.119665208484649     
  1.883472479874637E-003
  4.036611928585421E-002
 -6.985768548417592E-002
 -1.200232363599518E-002
 -8.474647609485508E-002
 -7.401845223088088E-002
 -4.236709171346664E-002
 -9.296117688802763E-002
 -2.622953892429081E-002
 -9.901786092568265E-002
 -7.206792350148827E-002
 -4.818507767210711E-002
 -8.778052673912384E-002
 -2.595126685445237E-002
 -8.720591209194328E-002
 -7.770615690837168E-002
 -5.398027233088065E-002
 -6.088012690387590E-002
 -2.944151156920238E-002
 -0.109051127171321     
 -0.114435813276612     
  5.394461277445695E-002
  6.557435932201217E-002
  5.156216841923034E-002
  6.408658327178607E-002
  5.068873957657505E-002
  4.728519396734743E-002
  3.577956676114535E-002
  4.647922516663483E-002
  4.107305680218154E-002
  4.072374385845867E-002
  4.779465971847174E-002
  5.194109369715938E-002
  4.894677495627964E-002
  4.571154669813526E-002
  5.335169608130863E-002
  5.484462915941968E-002
  3.914650934938368E-002
  5.388783796928653E-002
  5.198794610381474E-002
  5.372630691323510E-002
  4.753491769189422E-002
  3.578681282743834E-002
  3.368254296752293E-002
  3.556203270178782E-002
  3.149565866483606E-002
  3.160000781212735E-002
  3.709891731244130E-002
  3.922587703731806E-002
  4.267693924218552E-002
  5.361124089559965E-002
  5.470378005363574E-002
  5.609300519118021E-002
  4.888799926848209E-002
  6.061221291578811E-002
  3.694990639428797E-002
  5.848744342102208E-002
  4.756994802753489E-002
  3.785368006057865E-002
  4.141586030149025E-002
  4.469036708069196E-002
  4.480899237428093E-002
  3.785636080409871E-002
  3.513883677860530E-002
  3.735094508996972E-002
  3.410862179149887E-002
  3.095484827559436E-002
  2.022717632550375E-002
  3.570994520145776E-002
  3.077329508978954E-002
  3.022575736064403E-002
  3.642673655559470E-002
  3.330113998302375E-002
  3.592231532442081E-002
  3.566980944316900E-002
  4.072491239913145E-002
  2.264050630403014E-002
  3.399996752560486E-002
  2.430111004164370E-002
  3.092914168710492E-002
  3.544053775847855E-002
  4.608535297163674E-002
  3.922242993399672E-002
  1.974318154793175E-002
  3.876111040304098E-002
  3.575027337534775E-002
  4.417790045716319E-002
  3.264808464561020E-002
  4.052365316358164E-002
  3.032519856733495E-002
  3.573483554115797E-002
  4.154771622821840E-002
  2.863712927123718E-002
  2.807364238848908E-002
  3.177860944562716E-002
