 excitation energies, transition moments and TDA amplitudes
 state    eV      nm       fL        Rv(corr)
    1    2.204   562.5     0.6526     6.0834    -0.87( 142-> 143) -0.35( 141-> 145) -0.20( 141-> 144)
    2    2.368   523.7     0.2116    -4.6108     0.84( 141-> 143) -0.33( 142-> 145) -0.27( 142-> 144)
    3    3.148   393.8     0.0082    -5.4277     0.92( 140-> 143)  0.18( 142-> 145)  0.18( 142-> 144)
    4    3.516   352.6     0.0202     1.4215    -0.53( 137-> 143)  0.47( 138-> 143)  0.39( 135-> 143)
    5    3.575   346.8     0.0473    33.4687     0.65( 142-> 144) -0.42( 142-> 147)  0.38( 142-> 146)
    6    3.778   328.1     0.0974    -8.1422    -0.58( 142-> 145)  0.37( 142-> 144) -0.36( 142-> 146)
    7    3.833   323.5     0.0578   -15.6687    -0.87( 139-> 143) -0.17( 134-> 143) -0.17( 141-> 144)
    8    3.938   314.8     0.1530    15.3974     0.57( 141-> 144) -0.46( 142-> 146)  0.35( 141-> 146)
    9    4.090   303.1     0.3713    -7.8749     0.44( 141-> 147) -0.38( 141-> 144)  0.35( 142-> 145)
