           6           1  0.356731515757551     
           7           2   1.34808020322053     
           7           6   1.29987844566522     
           8           7  0.929927166088616     
           9           8  0.959704302980995     
          10           3   1.51291876326636     
          10           6   1.21031790358871     
          10           9  0.892925786908497     
          11           9  0.973396357288327     
          12           8  0.932424679675192     
          13          12  0.964165158077223     
          14          13  0.921742158492479     
          15          14   1.83134247254846     
          16          14   1.07484429007652     
          17           1  0.527631897421384     
          18           3   1.20602042496766     
          18          17   1.13661138563244     
          19          18   1.21645391997745     
          20          19   1.43996245384723     
          21           4   1.26380874963294     
          21          17   1.23192492360364     
          21          20   1.08568398490358     
          22          19  0.977037304691513     
          23          20  0.987120679084815     
          24          23   1.83578393366968     
          25          23  0.949198795384690     
          26           1  0.380286055806360     
          27           4   1.50613224150511     
          27          26   1.11845451734492     
          28          27  0.935807270778952     
          29          28  0.946629961954850     
          30           5   1.39437099723407     
          30          26   1.35231568630280     
          30          29  0.913310351114597     
          31          28  0.978161283735082     
          32          29  0.946952212394716     
          33          32  0.998138291672186     
          34           1  0.563414062579091     
          35           5   1.26412967079518     
          35          34   1.11957566908776     
          36          35   1.21907790945265     
          37          36   1.37386135912593     
          38           2   1.23543401095891     
          38          34   1.19480094600161     
          38          37   1.14452907073330     
          39          36  0.985217070349259     
          40          37   1.08540576481036     
          41          40   1.83898375716628     
          42           2  0.971876848163090     
          42          40  0.823027899644845     
          43          42  0.903595092010982     
          44          43   1.80836077765881     
          45          43   1.10410729733314     
          46          45  0.972795429583097     
          47          16  0.939611868967731     
          48          47   1.00315007767231     
          49          48   1.89511469628288     
          50          49  0.984264522142400     
          51          49  0.947312974774005     
          52          51  0.992297993113357     
          53          52  0.984132080602692     
          54          53  0.957423011841856     
          55          54  0.999622457957212     
          56          54  0.967234808762436     
          57          56  0.979263685646625     
          58          57  0.994580012384177     
          59          58  0.945765012505927     
          60          59  0.987905574476656     
          61          59  0.977090009809958     
          62          61  0.970105160680683     
          63          62  0.993964425582067     
          64          63  0.969875096316240     
          65          64  0.980882354957020     
          66          64  0.994707306695526     
          67           3  0.931313172329442     
          68           4  0.919608634412368     
          69           5  0.940140566971662     
          70           8  0.931790417057464     
          71           9  0.947235587892055     
          72          11  0.976082313658660     
          73          11  0.980761430028362     
          74          11  0.975668715380816     
          75          12  0.966608804907285     
          76          12  0.960900600551924     
          77          13  0.962637559426307     
          78          13  0.964990370160996     
          79          22  0.967595484221723     
          80          22  0.970766733955609     
          81          22  0.974062419173033     
          82          25  0.960529072503505     
          83          25  0.975371105571710     
          84          25  0.965331998297080     
          85          28  0.943484710824644     
          86          29  0.942922444391249     
          87          31  0.970126138470935     
          88          31  0.977511256003617     
          89          31  0.978125055445394     
          90          32  0.969193612127114     
          91          32  0.968212299886105     
          92          33  0.987380401690561     
          93          33  0.981037424714250     
          94          33  0.977022563660342     
          95          39  0.969254795435488     
          96          39  0.967476086350992     
          97          39  0.977167087356678     
          98          42  0.923064848242248     
          99          46  0.985877923109979     
         100          46  0.974085188844279     
         101          46  0.984872585928364     
         102          47  0.952432219954905     
         103          47  0.969282598027899     
         104          48  0.932667709516053     
         105          50  0.973377685556099     
         106          50  0.975139332065757     
         107          50  0.969162109514954     
         108          51  0.958706604882337     
         109          51  0.948085834161127     
         110          52  0.964394642604394     
         111          52  0.960378936887975     
         112          53  0.951405845556786     
         113          53  0.966634432552056     
         114          54  0.945687982844517     
         115          55  0.977645543633825     
         116          55  0.975870413683693     
         117          55  0.973740544905208     
         118          56  0.959326749733649     
         119          56  0.957360502328923     
         120          57  0.959709134645550     
         121          57  0.966747017875001     
         122          58  0.969209818721838     
         123          58  0.960033899146187     
         124          59  0.957210971101697     
         125          60  0.978901939755616     
         126          60  0.979001313407260     
         127          60  0.975382865641829     
         128          61  0.961435077671621     
         129          61  0.974735591118572     
         130          62  0.968691373298129     
         131          62  0.963373448874574     
         132          63  0.956850935138629     
         133          63  0.961554714775840     
         134          64  0.955587075653125     
         135          65  0.979560200146731     
         136          65  0.980729922386633     
         137          65  0.975682064474359     
         138          66  0.974033363918814     
         139          66  0.974199666021902     
         140          66  0.979401331992684     
