  0.287595819283319     
  3.271499403272760E-002
 -7.232475178566844E-003
 -3.897623126865568E-002
 -3.650037210737178E-002
 -7.264382320245666E-002
 -8.499109219322065E-003
 -2.496421085259382E-002
 -1.254110945611853E-002
  2.867225919131133E-002
 -8.719981882059713E-002
 -4.610644939930708E-002
 -6.112144168136702E-002
  0.224097070645015     
 -0.288699644056956     
 -0.152830603546236     
 -0.217715345543072     
  7.347849671349049E-003
 -3.186978509918426E-002
 -7.621041759611469E-002
  4.566089839179810E-002
 -6.496753004983358E-002
  0.150047794239848     
 -0.277154284880745     
 -9.254310759693229E-002
 -0.224122535616980     
  5.266526388318615E-002
 -4.112823709734315E-004
 -2.374101089701419E-002
  3.156022024364269E-002
 -8.130750619416727E-002
 -3.778957900856650E-002
 -0.102718775277529     
 -0.209902095956013     
  1.688101166569123E-002
 -1.154451998592521E-002
 -5.996574419776124E-002
  3.485613698418533E-002
 -6.729646781590670E-002
  0.124372618652076     
 -0.239817734731057     
 -1.239296873574247E-002
  0.193648995382717     
 -0.270897673466131     
 -0.141506045183158     
  2.081553891638954E-002
  4.904129549371516E-002
 -7.911988119001734E-002
 -4.123640365610459E-002
 -8.986466160617734E-002
 -6.074085598094836E-002
 -6.825685584473362E-002
 -7.039962351910312E-002
 -3.752297763151446E-002
 -9.628321744940216E-002
 -7.560832508641724E-002
 -5.031197332422366E-002
 -7.211768646822048E-002
 -3.032712797455606E-002
 -9.460858048689946E-002
 -7.406976515292474E-002
 -6.263544485073602E-002
 -6.553155124186283E-002
 -6.419784101869830E-003
 -0.104045714757437     
 -0.113864891752793     
  4.821824285715492E-002
  6.060060375332776E-002
  6.377804674407428E-002
  5.364003689768715E-002
  4.462933389462198E-002
  4.131321120384057E-002
  3.492003310738356E-002
  4.891810740227098E-002
  4.003284113637329E-002
  4.288589430061895E-002
  3.969408041657707E-002
  4.461504319230802E-002
  5.162584853129804E-002
  5.308887282024488E-002
  5.501553157093686E-002
  3.922395069087092E-002
  5.524161730709309E-002
  5.797562466084061E-002
  5.455292040452453E-002
  4.805305123394910E-002
  3.568812961468937E-002
  4.695155155781761E-002
  3.789848124818262E-002
  3.880034970047641E-002
  4.458862065240399E-002
  2.515794270483240E-002
  3.481500086948197E-002
  3.598523811316845E-002
  4.793924027241081E-002
  4.456057067496988E-002
  4.983402658173108E-002
  6.576082202970612E-002
  5.841709897763137E-002
  4.846684328162210E-002
  6.054434132803754E-002
  7.080200240430579E-002
  6.053055229937865E-002
  3.895259349627145E-002
  4.324783920089759E-002
  4.142285079352548E-002
  4.072077751299852E-002
  4.182931439747350E-002
  3.669606450172458E-002
  3.286468175933188E-002
  3.668529337185333E-002
  4.153868040650754E-002
  2.907063400718646E-002
  2.341385211093205E-002
  3.185798590044553E-002
  3.364818774172762E-002
  4.568427221759663E-002
  3.820687713314808E-002
  3.012215508755678E-002
  2.916537321643775E-002
  4.318671754697667E-002
  4.099933882096085E-002
  2.744835248808608E-002
  3.487452664836288E-002
  3.618867264975145E-002
  3.384523366264913E-002
  3.617985295113857E-002
  2.618122894304353E-002
  3.869753703640388E-002
  2.874317240062574E-002
  4.219460501201466E-002
  3.333358948256260E-002
  3.679940845741980E-002
  4.420268800082539E-002
  3.988225699949977E-002
  2.937817151859201E-002
  1.280740732998520E-002
  3.037765700677753E-002
  2.381213015648220E-002
  3.515356998667629E-002
