 excitation energies, transition moments and TDA amplitudes
 state    eV      nm       fL        Rv(corr)
    1    2.186   567.2     0.8465    -8.3225     0.89( 144-> 145)  0.30( 143-> 147) -0.23( 143-> 146)
    2    2.429   510.4     0.1163     1.5584     0.85( 143-> 145) -0.34( 144-> 147)  0.27( 144-> 146)
    3    3.161   392.2     0.0710    -2.8861    -0.95( 142-> 145)  0.13( 141-> 145) -0.10( 144-> 145)
    4    3.400   364.6     0.0044    -1.6365     0.71( 141-> 145)  0.40( 138-> 145) -0.34( 139-> 145)
    5    3.495   354.8     0.0187    11.3960     0.61( 139-> 145) -0.49( 138-> 145)  0.45( 141-> 145)
    6    3.789   327.2     0.0826     7.9205    -0.78( 144-> 146) -0.37( 144-> 147)  0.34( 141-> 145)
    7    3.851   322.0     0.0350     3.5280    -0.60( 137-> 145) -0.41( 136-> 145) -0.28( 143-> 146)
    8    3.956   313.4     0.3609    13.5996     0.74( 143-> 146) -0.32( 144-> 148)  0.23( 143-> 147)
    9    4.045   306.5     0.3344   -18.7692    -0.68( 144-> 147)  0.32( 143-> 148)  0.30( 144-> 148)
