           6           1  0.364320019924526     
           7           2   1.43396532584064     
           7           6   1.18001537268080     
           8           7  0.942734093930067     
           9           8  0.923153826343887     
          10           3   1.45229702565220     
          10           6   1.26817510531201     
          10           9  0.928650717030118     
          11           9  0.986113708518567     
          12           8  0.948167829893687     
          13          12  0.978525050110552     
          14          13  0.934326911396650     
          15          14   1.81076630914379     
          16          14   1.10305158244952     
          17           1  0.492377261698556     
          18           3   1.24877548615898     
          18          17   1.14907241329867     
          19          18   1.20994704084892     
          20          19   1.40239528418562     
          21           4   1.33119296642278     
          21          17   1.20089248034052     
          21          20   1.07197948795163     
          22          19  0.968137923265272     
          23          20   1.04263659418795     
          24          23   1.77467262661363     
          25          23  0.980388516183580     
          26           1  0.464255928706459     
          27           4   1.39647905994297     
          27          26   1.25489087499843     
          28          27  0.913286403215900     
          29          28  0.969309414284852     
          30           5   1.51470872116354     
          30          26   1.16381685779217     
          30          29  0.898733003233719     
          31          28  0.978550662769108     
          32          29  0.967755034660282     
          33          32   1.00281059488845     
          34           1  0.511805062370161     
          35           5   1.22295686865955     
          35          34   1.10599525859718     
          36          35   1.24213081138996     
          37          36   1.33757262649763     
          38           2   1.17587050298297     
          38          34   1.24475863239651     
          38          37   1.19187089841301     
          39          36  0.996400405081943     
          40          37   1.03393353534395     
          41          40   1.80393652833256     
          42           2  0.950827054297784     
          42          40  0.897265627131657     
          43          42  0.894415396047715     
          44          43   1.78628168023558     
          45          43   1.12574865979925     
          46          45  0.959463515571267     
          47          16  0.931515886651468     
          48          47  0.996982109144068     
          49          48   1.89134295833020     
          50          49  0.990158269847812     
          51          49  0.948364901658498     
          52          51  0.974431677674670     
          53          52  0.979814128016652     
          54          53  0.978867424748170     
          55          54  0.987700898316949     
          56          54  0.956774005786797     
          57          56  0.990938579852302     
          58          57  0.989019924741051     
          59          58  0.968989676914093     
          60          59  0.999051354332048     
          61          59  0.955930350281807     
          62          61  0.982252533782231     
          63          62  0.988685685092115     
          64          63  0.981859677939513     
          65          64   1.00487502402024     
          66          64  0.965950361550287     
          67           3  0.934345999661226     
          68           4  0.924787268153487     
          69           5  0.932193790252751     
          70           8  0.938804726787533     
          71           9  0.946672606522974     
          72          11  0.975600347257617     
          73          11  0.973503814064381     
          74          11  0.971496349280961     
          75          12  0.965947058580671     
          76          12  0.956955243056511     
          77          13  0.961937952162994     
          78          13  0.949134630528508     
          79          22  0.971442837315727     
          80          22  0.978613867846122     
          81          22  0.969463027891331     
          82          25  0.962509315465852     
          83          25  0.967624601432742     
          84          25  0.946797175279048     
          85          28  0.941957840805454     
          86          29  0.936363381635301     
          87          31  0.980420591476699     
          88          31  0.973241151070953     
          89          31  0.975026708293222     
          90          32  0.960846596279867     
          91          32  0.963447339039694     
          92          33  0.982690973303443     
          93          33  0.981896101114144     
          94          33  0.966202138426342     
          95          39  0.969242055210191     
          96          39  0.976396325054964     
          97          39  0.964635098240253     
          98          42  0.922455337264217     
          99          46  0.984729329694214     
         100          46  0.991070042232361     
         101          46  0.978333519321557     
         102          47  0.952640480972642     
         103          47  0.964490354075881     
         104          48  0.943205171499517     
         105          50  0.972887238032610     
         106          50  0.967888801804742     
         107          50  0.975555067026491     
         108          51  0.959247701059929     
         109          51  0.968109861977711     
         110          52  0.964892174485951     
         111          52  0.966972586786792     
         112          53  0.962322540958324     
         113          53  0.963721042073841     
         114          54  0.954872468143458     
         115          55  0.983921605498630     
         116          55  0.976914089495601     
         117          55  0.976181590328692     
         118          56  0.959009543707080     
         119          56  0.965689270895573     
         120          57  0.965088005155563     
         121          57  0.955906098796485     
         122          58  0.953331258129654     
         123          58  0.962726751028259     
         124          59  0.952616415948293     
         125          60  0.976773810440229     
         126          60  0.979104665255195     
         127          60  0.973648828329612     
         128          61  0.967579645739110     
         129          61  0.959910582179728     
         130          62  0.962442102348479     
         131          62  0.966143206305217     
         132          63  0.964069940525537     
         133          63  0.953314355010941     
         134          64  0.946444068086316     
         135          65  0.970917627298348     
         136          65  0.975225283034250     
         137          65  0.979814312047196     
         138          66  0.981728885916972     
         139          66  0.981404995946815     
         140          66  0.979996656285501     
