  0.311355288052180     
 -9.037481234014599E-003
 -1.596096124857116E-002
 -2.164241745229312E-002
 -3.867685565704360E-002
 -0.133532749743908     
  2.252739654901648E-002
 -2.361102523897252E-002
  1.956732860528998E-003
  3.325039662674190E-002
 -7.686133499723891E-002
 -6.693966629256121E-002
 -5.656243440532283E-002
  0.218767308695993     
 -0.289958985961740     
 -0.155620463171658     
 -0.222109584334791     
  4.101689667276043E-002
 -7.642550945145210E-003
 -7.105837477157628E-002
  3.751237535349894E-002
 -7.662781190127799E-002
  0.143345820398669     
 -0.239061753892845     
 -8.313208679723783E-002
 -0.181769064045747     
  3.655562066485318E-002
 -1.334420436679018E-002
 -2.669466783866703E-002
  4.079578987191601E-002
 -0.117565454310951     
 -4.803110782644460E-002
 -9.395170380227480E-002
 -0.212061416257060     
  1.876301340359809E-002
 -4.843561387068984E-002
 -3.124333562959691E-002
  2.335014697923077E-002
 -7.453779756617074E-002
  0.153848481482608     
 -0.214447951678369     
 -4.917490250894385E-002
  0.209767486834207     
 -0.285843025403070     
 -0.140676320522727     
  2.352604621632581E-002
  4.798779174614598E-002
 -7.226194072940650E-002
 -6.234321550041777E-003
 -0.106039032387927     
 -4.566896121394048E-002
 -5.190810182215699E-002
 -7.712391254794948E-002
 -1.966821878340319E-002
 -0.111172320974748     
 -8.459384977507867E-002
 -5.566654310900354E-002
 -5.771781082756711E-002
 -3.097040972796172E-002
 -9.903881061607045E-002
 -8.029633917546963E-002
 -7.022567061219220E-002
 -5.735860870460385E-002
 -2.110394410904881E-002
 -0.104221677835653     
 -0.116310266593333     
  5.173311115721180E-002
  5.298407445348752E-002
  5.849066695819882E-002
  5.123216319193269E-002
  6.488655266872723E-002
  4.558540659882404E-002
  4.435402200527072E-002
  3.314673423495607E-002
  2.770797528421309E-002
  4.729389758931579E-002
  4.760704463501331E-002
  4.155806808390694E-002
  5.367159848676128E-002
  4.086549492425784E-002
  5.000852835943015E-002
  5.186069794082748E-002
  4.906561100320850E-002
  5.231481264029303E-002
  4.325165028977163E-002
  5.787188836763757E-002
  4.461447296488452E-002
  5.229711521801039E-002
  2.726855166392805E-002
  4.237784177303161E-002
  3.757656831870904E-002
  3.176235055110987E-002
  3.767914092715485E-002
  2.921198187064999E-002
  4.151101033182603E-002
  5.045472405714579E-002
  4.781704761455530E-002
  5.016251224012769E-002
  5.703644975892708E-002
  4.961971146352928E-002
  5.748397540049277E-002
  6.277883484047941E-002
  6.067762048122161E-002
  2.869150195698866E-002
  3.877853951354182E-002
  4.011813994219660E-002
  3.708841057573509E-002
  4.390527505329223E-002
  4.032236420247126E-002
  4.340693514826766E-002
  3.601326663402493E-002
  3.211878439463378E-002
  2.533659085174256E-002
  3.947031379214105E-002
  3.092537610790114E-002
  3.149668206994971E-002
  3.212757918870968E-002
  2.898100666406433E-002
  3.526945657471592E-002
  3.569006596573920E-002
  3.405475067583819E-002
  3.643006800725102E-002
  3.953661151748400E-002
  2.914519979509178E-002
  4.053615886174866E-002
  2.997061440304805E-002
  3.299541195180034E-002
  3.763383028507084E-002
  3.238638711217023E-002
  3.803262873955027E-002
  3.396367696045521E-002
  3.578591675447707E-002
  4.000280154887370E-002
  3.505566899237056E-002
  3.219050217165287E-002
  2.933585261752314E-002
  3.832212617591468E-002
  2.276051252869515E-002
  3.208808598381330E-002
  3.328025029297099E-002
