 excitation energies, transition moments and TDA amplitudes
 state    eV      nm       fL        Rv(corr)
    1    2.219   558.6     0.7511    -1.4641    -0.83( 144-> 145)  0.32( 143-> 147) -0.30( 143-> 145)
    2    2.288   541.8     0.2457    -1.1073     0.79( 143-> 145)  0.32( 144-> 147) -0.31( 144-> 145)
    3    2.975   416.8     0.0188     0.3929     0.92( 142-> 145)  0.19( 144-> 147)  0.15( 143-> 145)
    4    3.312   374.4     0.0272    -0.1695     0.86( 141-> 145) -0.29( 144-> 147)  0.27( 138-> 145)
    5    3.648   339.9     0.1121    -1.5671    -0.75( 144-> 148) -0.38( 144-> 147) -0.28( 144-> 146)
    6    3.783   327.7     0.0246    -0.7421    -0.55( 137-> 145) -0.50( 138-> 145)  0.36( 140-> 145)
    7    3.821   324.5     0.0259    17.9632    -0.53( 144-> 146)  0.44( 143-> 147)  0.42( 143-> 148)
    8    3.884   319.2     0.2273    23.5053     0.56( 144-> 146)  0.44( 143-> 148)  0.41( 143-> 147)
    9    3.950   313.9     0.0608   -18.1157    -0.46( 138-> 145)  0.43( 143-> 146) -0.40( 140-> 145)
