           6           1  0.390392865506043     
           7           2   1.40747042461992     
           7           6   1.26464335740717     
           8           7  0.910055156404884     
           9           8  0.933056539428313     
          10           3   1.48865599748522     
          10           6   1.19431902368756     
          10           9  0.922699414792924     
          11           9  0.991872925850664     
          12           8  0.943623957514941     
          13          12  0.990810740401610     
          14          13  0.912043077432863     
          15          14   1.80908308112434     
          16          14   1.12156600491435     
          17           1  0.511828013335781     
          18           3   1.23655825488363     
          18          17   1.13682100944558     
          19          18   1.25695182482533     
          20          19   1.37951428959761     
          21           4   1.30973990658621     
          21          17   1.17194669884760     
          21          20   1.14137906747250     
          22          19  0.967824294747484     
          23          20  0.954889324192460     
          24          23   1.84619707081454     
          25          23  0.973350423775517     
          26           1  0.382056565622519     
          27           4   1.41951021166974     
          27          26   1.25204099580107     
          28          27  0.907332200410701     
          29          28  0.964713072298329     
          30           5   1.51926899053752     
          30          26   1.19828049839678     
          30          29  0.930844737725906     
          31          28  0.978321806778731     
          32          29  0.933366324557040     
          33          32   1.00750795245499     
          34           1  0.542885704665597     
          35           5   1.19037657674046     
          35          34   1.17663392171505     
          36          35   1.22422097937581     
          37          36   1.34079771089169     
          38           2   1.19858048885223     
          38          34   1.14943732043484     
          38          37   1.23095153755325     
          39          36  0.957563319307801     
          40          37   1.06078086536922     
          41          40   1.83666519337169     
          42           2  0.912763083611302     
          42          40  0.836599124859655     
          43          42  0.936293951058479     
          44          43   1.77220784410265     
          45          43   1.11912179428570     
          46          45  0.955658332325377     
          47          16  0.921420956278472     
          48          47  0.984984333029248     
          49          48   1.89803724306497     
          50          49  0.963892034380601     
          51          49  0.987644958747086     
          52          51  0.971542646560518     
          53          52  0.977886319384120     
          54          53  0.973476519701090     
          55          54  0.983591522046963     
          56          54  0.962933958225629     
          57          56  0.972720676912669     
          58          57  0.990121977350380     
          59          58  0.962791085261934     
          60          59  0.986075795416201     
          61          59  0.975032267443836     
          62          61  0.961626008984589     
          63          62  0.980708253965623     
          64          63  0.989043440856255     
          65          64  0.971444782313788     
          66          64  0.984287053038003     
          67           3  0.929076202651305     
          68           4  0.923996573169434     
          69           5  0.935749582122020     
          70           8  0.941603053925654     
          71           9  0.938221649576261     
          72          11  0.971636476869863     
          73          11  0.967815650162538     
          74          11  0.973446820834429     
          75          12  0.962407146179563     
          76          12  0.953081452534139     
          77          13  0.957850524189771     
          78          13  0.947798608818560     
          79          22  0.973362939840709     
          80          22  0.977851550636910     
          81          22  0.971450410272211     
          82          25  0.959657332374238     
          83          25  0.968022979937919     
          84          25  0.953894705198172     
          85          28  0.943395804508970     
          86          29  0.930492436522473     
          87          31  0.966077618308197     
          88          31  0.971618397543721     
          89          31  0.970207887312803     
          90          32  0.966293569062770     
          91          32  0.968630019270047     
          92          33  0.984315869393526     
          93          33  0.981533996192498     
          94          33  0.979622767634916     
          95          39  0.981489728642049     
          96          39  0.975189124527551     
          97          39  0.978727442534179     
          98          42  0.934449756128030     
          99          46  0.987712789060103     
         100          46  0.988200872234415     
         101          46  0.982749752354213     
         102          47  0.971959543465390     
         103          47  0.961903627485866     
         104          48  0.936840302745596     
         105          50  0.977657978233827     
         106          50  0.972577849055144     
         107          50  0.978266711605825     
         108          51  0.949509327819294     
         109          51  0.956954579191436     
         110          52  0.968734983115285     
         111          52  0.964711493506319     
         112          53  0.958413598541844     
         113          53  0.967347335759367     
         114          54  0.952043126577366     
         115          55  0.978861241968299     
         116          55  0.981533918386983     
         117          55  0.978987163104450     
         118          56  0.963894382238948     
         119          56  0.960298021340610     
         120          57  0.966777011080506     
         121          57  0.971668348364160     
         122          58  0.964900803577401     
         123          58  0.961662568396450     
         124          59  0.953349211479422     
         125          60  0.974843388449753     
         126          60  0.979622246787761     
         127          60  0.979716578022664     
         128          61  0.964997586105042     
         129          61  0.966143166838215     
         130          62  0.967156749397955     
         131          62  0.969941395922600     
         132          63  0.959267660212781     
         133          63  0.955299250488914     
         134          64  0.955957374615964     
         135          65  0.983051117158668     
         136          65  0.981345929778557     
         137          65  0.977631190283002     
         138          66  0.980272611888142     
         139          66  0.974954668575543     
         140          66  0.981246669205845     
