  0.297634581323706     
  1.051651385155150E-002
 -4.485215122161090E-002
 -1.372190407775165E-002
 -1.589671208603072E-002
 -0.162180997219088     
  2.334686232137928E-002
 -7.428322975516544E-003
 -4.177103089826506E-002
  3.289312650344733E-002
 -9.247085372028607E-002
 -4.691059001951725E-002
 -8.328985261007826E-002
  0.238661476531725     
 -0.248765537313428     
 -0.180220648897074     
 -0.191103186153312     
  5.481954497108532E-003
 -4.895771804309312E-002
 -6.903518017021870E-002
  2.212045961851317E-002
 -7.381109953838205E-002
  0.164355369009330     
 -0.247510023522633     
 -8.615464509708204E-002
 -0.143742640771652     
  1.565225589389652E-002
 -1.138833700172714E-002
 -1.559196302776833E-002
  2.672083949759463E-002
 -8.305130889745893E-002
 -4.588479496358477E-002
 -0.108366528263221     
 -0.206926468898541     
  3.772301177165360E-002
 -2.687870140626103E-003
 -5.331785172138925E-002
  3.290558833650881E-002
 -7.949156123133339E-002
  0.178178451008988     
 -0.212275264419086     
 -2.298285102094244E-002
  0.207109987547905     
 -0.261731054650551     
 -0.162782385641474     
  7.429920054713435E-003
  2.762203719094503E-002
 -6.548136659549186E-002
 -1.191098051763717E-002
 -9.174762171261008E-002
 -5.629537772707049E-002
 -6.652226202802858E-002
 -6.462741381001624E-002
 -2.888650191781306E-002
 -9.557425095314720E-002
 -5.613056858614840E-002
 -7.358880132178669E-002
 -7.263399444390384E-002
 -5.676503278448664E-002
 -0.103691019629176     
 -6.604243287562017E-002
 -6.528236546899358E-002
 -5.760656035102496E-002
 -2.561685566825211E-002
 -0.106521357529073     
 -0.109900797685349     
  5.917979057976319E-002
  5.920936223259554E-002
  5.540012745907885E-002
  4.618781099562974E-002
  4.280601554769303E-002
  4.415850692414691E-002
  3.863500080647420E-002
  3.888875131604486E-002
  3.704832497423116E-002
  5.048707395019547E-002
  4.329988949258901E-002
  4.008098752274569E-002
  4.709873556833888E-002
  4.922156653756116E-002
  5.091309176299308E-002
  5.681815838770909E-002
  6.578981685756502E-002
  4.439204814384423E-002
  5.461416022295651E-002
  4.792561224911451E-002
  4.754663510796697E-002
  3.620951686488738E-002
  3.993273012461751E-002
  3.953051015541054E-002
  4.017543600364082E-002
  2.065003326977166E-002
  3.288066005903634E-002
  3.647574514008733E-002
  4.968631790416955E-002
  5.045832889463830E-002
  3.636524490889903E-002
  5.814240851954200E-002
  4.488709235175681E-002
  5.634595883188542E-002
  4.383581721676122E-002
  6.444518539890731E-002
  4.282150048006250E-002
  3.222550934759072E-002
  3.834536316239068E-002
  4.145315788242543E-002
  3.745808995172484E-002
  4.144035536376645E-002
  4.215912604809036E-002
  2.416306393591328E-002
  3.742752301522467E-002
  3.809076605691719E-002
  3.638869396532851E-002
  2.886283594703620E-002
  2.927165939292464E-002
  3.253369091195979E-002
  3.756647150576065E-002
  4.417353612085917E-002
  3.974663700064551E-002
  3.951876608581462E-002
  3.329504388109805E-002
  3.693978974304624E-002
  3.320090286832955E-002
  2.074836871743391E-002
  4.182923337831157E-002
  2.057395812062623E-002
  3.471659634837654E-002
  3.343343386999331E-002
  3.677313361419632E-002
  3.502919990234665E-002
  3.667532551350838E-002
  3.697808520009016E-002
  3.473478760958892E-002
  3.877090794848892E-002
  3.551620986418069E-002
  3.366614519887645E-002
  3.686789098572973E-002
  2.933501492801005E-002
  3.082000324884338E-002
  3.750123146061091E-002
