           6           1  0.382214667957089     
           7           2   1.50528909257833     
           7           6   1.10774203581965     
           8           7  0.949514006895115     
           9           8  0.936811207146350     
          10           3   1.38410860633460     
          10           6   1.32871942894432     
          10           9  0.914178606306819     
          11           9  0.967965439047895     
          12           8  0.977584824674649     
          13          12  0.960826071496307     
          14          13  0.910524904865285     
          15          14   1.89205058198683     
          16          14   1.03892209756567     
          17           1  0.536151037677148     
          18           3   1.32259826930836     
          18          17   1.15518493897728     
          19          18   1.11376415904073     
          20          19   1.45966191697157     
          21           4   1.31809020365763     
          21          17   1.17113597089770     
          21          20   1.09044314844878     
          22          19   1.00379703116950     
          23          20  0.975373170364496     
          24          23   1.84183042714489     
          25          23  0.975366367695453     
          26           1  0.390288404573378     
          27           4   1.42473528005982     
          27          26   1.23005229716907     
          28          27  0.919319314641560     
          29          28  0.959001822348010     
          30           5   1.36714372419057     
          30          26   1.27806651013438     
          30          29  0.907657849551018     
          31          28  0.972190547216746     
          32          29  0.988020092846878     
          33          32  0.994303892206279     
          34           1  0.527184416179604     
          35           5   1.33111110600051     
          35          34   1.11273021633672     
          36          35   1.17565298332539     
          37          36   1.38361498232029     
          38           2   1.13837295508655     
          38          34   1.25733318835897     
          38          37   1.17109238171335     
          39          36  0.974061473396405     
          40          37   1.06067447219056     
          41          40   1.84164665262615     
          42           2  0.951830407957875     
          42          40  0.846042527571321     
          43          42  0.934526645588871     
          44          43   1.82719699695176     
          45          43   1.04006782471170     
          46          45  0.980114079011173     
          47          16  0.937550254592404     
          48          47  0.993528720642478     
          49          48   1.89125913170189     
          50          49  0.981881591731271     
          51          49  0.963668355215806     
          52          51  0.966964583352463     
          53          52  0.985883879240197     
          54          53  0.964231529376477     
          55          54  0.992562900823138     
          56          54  0.970470645903858     
          57          56  0.975188050733266     
          58          57  0.979948870952205     
          59          58  0.963248556014464     
          60          59  0.965037588180023     
          61          59  0.973221243562998     
          62          61  0.980803351483010     
          63          62  0.995465637529171     
          64          63  0.989504243792800     
          65          64  0.983161639978324     
          66          64  0.982443226709823     
          67           3  0.931798779829919     
          68           4  0.925562297813186     
          69           5  0.932491343714940     
          70           8  0.933572730465080     
          71           9  0.947396804814589     
          72          11  0.979116642451004     
          73          11  0.982135132056835     
          74          11  0.977975007846970     
          75          12  0.966998177099757     
          76          12  0.954580935607493     
          77          13  0.946830771491059     
          78          13  0.965784666551027     
          79          22  0.961275302468087     
          80          22  0.972445354472275     
          81          22  0.962443135186406     
          82          25  0.960866648596545     
          83          25  0.955134284221984     
          84          25  0.970989661528286     
          85          28  0.939752538524474     
          86          29  0.929793530832854     
          87          31  0.976992359644080     
          88          31  0.976284813137129     
          89          31  0.979827995192377     
          90          32  0.961481214990718     
          91          32  0.959802340350316     
          92          33  0.980672908575289     
          93          33  0.983132227964806     
          94          33  0.980556505328346     
          95          39  0.975738564858220     
          96          39  0.968457054638657     
          97          39  0.980727731811019     
          98          42  0.921348626195163     
          99          46  0.988269216354880     
         100          46  0.976679768594563     
         101          46  0.989120305923903     
         102          47  0.963715574309733     
         103          47  0.960404556376702     
         104          48  0.938036832887328     
         105          50  0.976695497333562     
         106          50  0.968409999276926     
         107          50  0.974989505555930     
         108          51  0.955600756277309     
         109          51  0.961221818458418     
         110          52  0.962873413062694     
         111          52  0.961862754790595     
         112          53  0.963776642917424     
         113          53  0.959258810704776     
         114          54  0.947753510872234     
         115          55  0.981212414652874     
         116          55  0.977255095125105     
         117          55  0.976981402471519     
         118          56  0.963186607595634     
         119          56  0.960103602499981     
         120          57  0.959331735776207     
         121          57  0.967623687689315     
         122          58  0.965090143856100     
         123          58  0.964106571182296     
         124          59  0.957580885301498     
         125          60  0.982907789192773     
         126          60  0.985616826897643     
         127          60  0.977543815409592     
         128          61  0.960986185236057     
         129          61  0.964080144361275     
         130          62  0.955615873507233     
         131          62  0.956317802796159     
         132          63  0.957367650293982     
         133          63  0.955786644023516     
         134          64  0.953780175977751     
         135          65  0.982667172774253     
         136          65  0.977805196110071     
         137          65  0.979832158753814     
         138          66  0.980364518963571     
         139          66  0.983861781127752     
         140          66  0.977292202116616     
