  0.315137434398037     
 -2.052751399251385E-002
 -6.026539022319355E-002
 -1.753570846321661E-002
 -2.047353574946253E-002
 -0.166955166107351     
  5.366243732715814E-002
 -2.780524746323998E-002
 -1.995874913867901E-002
  2.924625510062739E-002
 -8.599095967431580E-002
 -5.743756340408712E-002
 -7.050088597561910E-002
  0.232551710818726     
 -0.280864864211269     
 -0.139932050051685     
 -0.219665731349817     
  3.537588219245213E-002
 -5.527340124822189E-002
 -5.804955297766679E-002
  3.004489548293110E-002
 -6.656517987738120E-002
  0.134101451510686     
 -0.249521244232637     
 -0.101779331122458     
 -0.146673866815672     
  1.325289212642389E-002
 -5.835284918401129E-003
 -3.978236785294875E-002
  4.048538942642921E-002
 -8.385920355012022E-002
 -5.913095677694802E-002
 -8.148163048692059E-002
 -0.209993478895101     
  1.202685990031416E-002
  1.630090960670127E-002
 -4.122593027834220E-002
  2.887144966040456E-002
 -6.919173633326281E-002
  0.139232322615245     
 -0.204982469867914     
 -4.198903642042850E-002
  0.210820182145191     
 -0.236672784145248     
 -0.163722576997104     
  5.850016580621897E-004
  6.404524215514851E-002
 -8.200870191089660E-002
 -1.740263569951939E-002
 -9.733451592007558E-002
 -6.267349094042451E-002
 -6.322993030415258E-002
 -5.991341860542665E-002
 -1.784369597280477E-002
 -0.105616960628168     
 -7.159815174081618E-002
 -6.866666694943735E-002
 -7.483821264113288E-002
 -3.794527824704907E-002
 -0.113138033996589     
 -6.454553099698490E-002
 -6.557920414682350E-002
 -7.700017885394761E-002
 -1.518116730084529E-002
 -0.100477199924872     
 -0.122810855670741     
  4.780491385289387E-002
  5.992006993514976E-002
  5.614560533027690E-002
  7.143776970525384E-002
  4.954296449071949E-002
  3.056801175494250E-002
  3.761903458203686E-002
  4.537937994720886E-002
  4.354943660439725E-002
  4.513812031506215E-002
  3.574990797610444E-002
  4.317429699239461E-002
  5.468682703988104E-002
  4.601194942930287E-002
  5.465596080823554E-002
  4.642699277100981E-002
  4.576459040050229E-002
  4.149829327168242E-002
  5.809610003404564E-002
  5.202679888979200E-002
  3.866035695521985E-002
  4.722734389335570E-002
  4.106123173292342E-002
  3.543559965637355E-002
  4.034212476518328E-002
  3.731470293091443E-002
  3.495597659381755E-002
  5.262180644342274E-002
  4.895206546908437E-002
  4.514184966048362E-002
  4.909517964173893E-002
  6.417655992653826E-002
  5.455420792301602E-002
  4.643271219801814E-002
  4.457843356176827E-002
  6.036457577525733E-002
  7.048757334487010E-002
  2.067895806366493E-002
  4.380239953713272E-002
  3.340238985803901E-002
  4.373397123899703E-002
  3.466478121418526E-002
  3.078444961858429E-002
  3.290499828446991E-002
  3.841728352634965E-002
  4.110839266658461E-002
  4.329180798550492E-002
  3.849538768205796E-002
  3.138573077675955E-002
  3.116654665648078E-002
  3.342329944965394E-002
  4.308177520068590E-002
  3.333160748319774E-002
  2.826041760965581E-002
  3.481738039405835E-002
  3.804022736783386E-002
  3.317671430296509E-002
  3.549657460536093E-002
  2.546263555770922E-002
  2.569320802838859E-002
  3.654638313177716E-002
  3.954383398743244E-002
  3.958392949188028E-002
  2.909731148769346E-002
  4.355546742517435E-002
  2.906227383195958E-002
  3.868667352351107E-002
  3.947059436742528E-002
  2.877995514917508E-002
  5.149336074077782E-002
  2.456227616894413E-002
  3.408829132767677E-002
  2.035474821894001E-002
  3.966155236383084E-002
