 excitation energies, transition moments and TDA amplitudes
 state    eV      nm       fL        Rv(corr)
    1    2.226   557.1     0.7718     4.7656     0.85( 142-> 143)  0.36( 141-> 145)  0.22( 141-> 143)
    2    2.305   537.8     0.1580     2.2210    -0.84( 141-> 143)  0.33( 142-> 145)  0.22( 142-> 143)
    3    3.239   382.8     0.0288   -17.8927     0.60( 140-> 143)  0.53( 142-> 146) -0.40( 142-> 145)
    4    3.287   377.2     0.0255    31.8810    -0.73( 140-> 143)  0.46( 142-> 146) -0.34( 142-> 147)
    5    3.600   344.4     0.0127     0.4664     0.59( 142-> 144) -0.50( 139-> 143) -0.37( 141-> 146)
    6    3.620   342.5     0.0829   -30.3745     0.58( 141-> 146) -0.46( 141-> 147) -0.41( 141-> 145)
    7    3.701   335.0     0.0269     3.8954    -0.58( 142-> 144)  0.42( 136-> 143) -0.42( 139-> 143)
    8    3.852   321.9     0.0683     1.6611    -0.59( 136-> 143)  0.50( 137-> 143)  0.31( 142-> 145)
    9    3.940   314.7     0.0388    16.2874    -0.66( 141-> 144) -0.32( 141-> 147)  0.29( 142-> 145)
