           6           1  0.354738626575775     
           7           2   1.32931348729801     
           7           6   1.33197660469186     
           8           7  0.926357193942353     
           9           8  0.956150175878471     
          10           3   1.46407053924798     
          10           6   1.20931795939539     
          10           9  0.912178140614432     
          11           9  0.984359178980529     
          12           8  0.941500997845457     
          13          12  0.972308476357990     
          14          13  0.933327135623222     
          15          14   1.82283165953384     
          16          14   1.10294212478145     
          17           1  0.480555895662060     
          18           3   1.21572048244418     
          18          17   1.23987465637161     
          19          18   1.16922595714975     
          20          19   1.41379726206387     
          21           4   1.32639528171891     
          21          17   1.18067985977440     
          21          20   1.05193551610265     
          22          19  0.984704687005876     
          23          20   1.07100230894017     
          24          23   1.79895073861363     
          25          23  0.915540337951027     
          26           1  0.436399005516314     
          27           4   1.40608809843815     
          27          26   1.21676380305138     
          28          27  0.924912002409148     
          29          28  0.969039386456638     
          30           5   1.47630018319698     
          30          26   1.20549510090297     
          30          29  0.936417465670029     
          31          28  0.975142337465940     
          32          29  0.938858814895037     
          33          32   1.00287187591750     
          34           1  0.519766988991244     
          35           5   1.25294462616275     
          35          34   1.09356346484377     
          36          35   1.22579015070724     
          37          36   1.39005013479797     
          38           2   1.22365122574014     
          38          34   1.22466688847890     
          38          37   1.16928777448341     
          39          36  0.991403517994723     
          40          37   1.03507975374698     
          41          40   1.86143805331772     
          42           2  0.944173712357030     
          42          40  0.818974314149096     
          43          42  0.916827201153316     
          44          43   1.85197729192053     
          45          43   1.04084508638714     
          46          45  0.978386389132959     
          47          16  0.947047941576659     
          48          47  0.992396798538168     
          49          48   1.90477507503127     
          50          49  0.988670057111146     
          51          49  0.945912647677511     
          52          51  0.989119999452147     
          53          52  0.959678332844190     
          54          53  0.972040193558519     
          55          54  0.980638205919145     
          56          54  0.982012276980155     
          57          56  0.975199803907563     
          58          57  0.987489386203039     
          59          58  0.955116191965802     
          60          59  0.998299363187277     
          61          59  0.962921641933965     
          62          61  0.984329972562591     
          63          62  0.980268112700444     
          64          63  0.958863082371947     
          65          64  0.996370505836408     
          66          64  0.981308656594554     
          67           3  0.940603709791266     
          68           4  0.922051960137661     
          69           5  0.931738547791859     
          70           8  0.931472170590340     
          71           9  0.941081838563679     
          72          11  0.978396955933532     
          73          11  0.976831365653099     
          74          11  0.971672019726465     
          75          12  0.965049080752376     
          76          12  0.959639511412239     
          77          13  0.964311124056192     
          78          13  0.961693311649926     
          79          22  0.965822025129217     
          80          22  0.969714078429681     
          81          22  0.975883905043748     
          82          25  0.962857892312652     
          83          25  0.973455869113902     
          84          25  0.974640411556686     
          85          28  0.934349659194140     
          86          29  0.934684012151658     
          87          31  0.979025037559605     
          88          31  0.971373501063771     
          89          31  0.973556159677809     
          90          32  0.968808158400427     
          91          32  0.968903433445358     
          92          33  0.983558116561918     
          93          33  0.986617142975350     
          94          33  0.969457350377686     
          95          39  0.965191279948379     
          96          39  0.974943789435828     
          97          39  0.974601565549763     
          98          42  0.929720466991571     
          99          46  0.980947606405476     
         100          46  0.988115427349866     
         101          46  0.983046038633620     
         102          47  0.955649255927719     
         103          47  0.962532146069159     
         104          48  0.937785990764872     
         105          50  0.968129090516920     
         106          50  0.975566960400045     
         107          50  0.966895001578409     
         108          51  0.964122354384265     
         109          51  0.964180870846578     
         110          52  0.969129925564422     
         111          52  0.968443750616048     
         112          53  0.964072834443603     
         113          53  0.962914447697768     
         114          54  0.945886777937647     
         115          55  0.978187377692115     
         116          55  0.982477142736456     
         117          55  0.978604425132565     
         118          56  0.958459827534566     
         119          56  0.955003432619466     
         120          57  0.963332289496690     
         121          57  0.969970834685077     
         122          58  0.960378990585295     
         123          58  0.961636345454396     
         124          59  0.951288536740333     
         125          60  0.978792113875504     
         126          60  0.977319572262357     
         127          60  0.972304024240443     
         128          61  0.962005093859562     
         129          61  0.964393522480842     
         130          62  0.965934297143629     
         131          62  0.961790318393595     
         132          63  0.966649464550886     
         133          63  0.962680774988018     
         134          64  0.956663528365936     
         135          65  0.980667099698905     
         136          65  0.970185685149818     
         137          65  0.979111415935599     
         138          66  0.977569137621580     
         139          66  0.983216964731918     
         140          66  0.975711124873076     
