  0.317314082602757     
  1.368280925673293E-002
 -3.321285183755229E-002
 -4.550030559363627E-002
 -3.460581965598220E-002
 -0.151302308531473     
  2.010424070035999E-002
 -2.142367754574259E-002
 -2.534426020962588E-002
  6.192004182877264E-002
 -8.993172400088145E-002
 -4.524387681856989E-002
 -4.921054968489269E-002
  0.210414490625618     
 -0.271642312389294     
 -0.158746263938768     
 -0.207501739510480     
  3.998055598179739E-002
 -4.286774793563985E-003
 -6.181094535073672E-002
  4.429587482880626E-002
 -7.925031726163390E-002
  0.155771124734162     
 -0.238434268531301     
 -8.637126463822842E-002
 -0.172631917084935     
  4.348392070145968E-002
 -3.312100224993042E-002
 -2.137215343403387E-002
  4.252350922557424E-002
 -8.064259483994718E-002
 -5.665606929874034E-002
 -9.958373898152573E-002
 -0.220374624063648     
  5.110055660577650E-003
 -1.881147068999667E-003
 -3.738026171272502E-002
  1.928560390695688E-002
 -6.336610554745636E-002
  0.122713440526944     
 -0.251384488457488     
 -2.574977468859974E-002
  0.220637969604871     
 -0.266140065488883     
 -0.155752833063787     
  9.743075941308188E-003
  5.925271226616768E-002
 -6.473117553677810E-002
 -3.314821108787491E-002
 -9.735034822162625E-002
 -4.841630637078431E-002
 -6.980692464620386E-002
 -9.444429808917487E-002
 -2.862018679735456E-002
 -8.998304233971854E-002
 -6.251216587196229E-002
 -5.042453490330878E-002
 -8.973490572039111E-002
 -3.936814777792730E-002
 -9.965369895289644E-002
 -5.032687653380030E-002
 -6.880130193157541E-002
 -9.130279153799936E-002
 -1.274155127164356E-002
 -0.100861965664032     
 -0.108475591238295     
  4.179664913169667E-002
  5.291833389361045E-002
  6.393087636449402E-002
  3.942126391243861E-002
  4.853066334982736E-002
  3.371154741312243E-002
  4.104922805467415E-002
  3.950882225753871E-002
  3.048487534955158E-002
  5.538457932945628E-002
  3.613623397182930E-002
  5.662568763584508E-002
  4.873429580624700E-002
  4.290066674063819E-002
  4.858191307956194E-002
  5.334655604606819E-002
  4.167531579284756E-002
  4.737015139847423E-002
  5.516121303843291E-002
  5.348807132069555E-002
  5.611803634118595E-002
  3.501512134832752E-002
  4.018111823381176E-002
  4.152473561260361E-002
  3.195845336392911E-002
  2.926631039339245E-002
  3.351486600569609E-002
  3.291756550643710E-002
  5.948108672349017E-002
  6.097168571993095E-002
  3.764593792823845E-002
  7.022923116210766E-002
  5.041532092497902E-002
  4.896474794940553E-002
  4.404627414680662E-002
  7.076735217972263E-002
  5.129204254638475E-002
  4.706462937290523E-002
  4.865766861840504E-002
  3.446543003275859E-002
  3.860109885761709E-002
  4.088026920261290E-002
  4.718021544608897E-002
  2.222284229396609E-002
  3.682900076918971E-002
  9.453690332964726E-003
  3.308970795884081E-002
  2.033505819156756E-002
  3.255953575099546E-002
  4.207458150312460E-002
  3.952778974697824E-002
  3.263683470621459E-002
  2.974155135716350E-002
  3.867576380461668E-002
  3.017827999083811E-002
  2.104416035790246E-002
  3.553896088349684E-002
  2.719985098781319E-002
  3.663430238409993E-002
  3.924432065690120E-002
  2.404763073119043E-002
  4.540995437454209E-002
  4.038044023784382E-002
  4.170425796346100E-002
  2.892524129858798E-002
  2.681332704931838E-002
  3.660921529583805E-002
  4.144070204687489E-002
  3.267818533129374E-002
  3.431407667055497E-002
  3.850248390068434E-002
  4.097426662610004E-002
  2.709846758301926E-002
  3.652593008372174E-002
