 excitation energies, transition moments and TDA amplitudes
 state    eV      nm       fL        Rv(corr)
    1    2.253   550.4     0.6859     3.2840     0.86( 141-> 142) -0.35( 140-> 144) -0.27( 140-> 143)
    2    2.418   512.7     0.0715     0.9224    -0.82( 140-> 142) -0.41( 141-> 144) -0.29( 141-> 143)
    3    3.470   357.3     0.0041    22.8981     0.82( 139-> 142) -0.28( 140-> 144)  0.25( 140-> 143)
    4    3.596   344.8     0.0850     4.0495     0.77( 141-> 143)  0.34( 141-> 145)  0.29( 139-> 142)
    5    3.705   334.6     0.0967   -13.2425    -0.60( 141-> 144) -0.47( 141-> 145) -0.38( 141-> 146)
    6    3.821   324.5     0.0962    12.8591     0.53( 140-> 143) -0.44( 141-> 144) -0.31( 140-> 144)
    7    3.846   322.4     0.0368    -6.2936     0.52( 137-> 142)  0.46( 141-> 145)  0.29( 141-> 146)
    8    3.991   310.7     0.0702     3.7223    -0.41( 135-> 142) -0.40( 140-> 143)  0.28( 141-> 145)
    9    4.050   306.1     0.9083    29.7284    -0.54( 140-> 145) -0.51( 140-> 144) -0.31( 140-> 146)
