           6           1  0.355418918640034     
           7           2   1.35300496387538     
           7           6   1.26051735189519     
           8           7  0.913283282432142     
           9           8  0.948262107971900     
          10           3   1.41286474649074     
          10           6   1.26410080798849     
          10           9  0.955195668889138     
          11           9  0.949589709220594     
          12           8  0.970322299128845     
          13          12  0.966417641238657     
          14          13  0.960386423531530     
          15          14   1.82242063970751     
          16          14   1.06101376460903     
          17           1  0.489922425472934     
          18           3   1.25540826776693     
          18          17   1.16989349963205     
          19          18   1.16443506138203     
          20          19   1.48898989147583     
          21           4   1.30229738427359     
          21          17   1.23811929348333     
          21          20   1.04005886972979     
          22          19  0.980713669241496     
          23          20  0.984786266567769     
          24          23   1.84936239668783     
          25          23  0.955248687424412     
          26           1  0.403057704071557     
          27           4   1.34280002772670     
          27          26   1.28209632498505     
          28          27  0.921597527679384     
          29          28  0.967377701477697     
          30           5   1.40762824034367     
          30          26   1.25066631006655     
          30          29  0.902026745387939     
          31          28  0.955959810919727     
          32          29  0.975364292044055     
          33          32  0.993290671086588     
          34           1  0.551505342127555     
          35           5   1.35309545023213     
          35          34   1.08993348150129     
          36          35   1.14295033071609     
          37          36   1.40377176754320     
          38           2   1.30908238441534     
          38          34   1.20199026204959     
          38          37   1.09440781817065     
          39          36   1.02096933555622     
          40          37   1.11980673038883     
          41          40   1.75884264467257     
          42           2  0.934782222029662     
          42          40  0.854877848257156     
          43          42  0.930559956293295     
          44          43   1.81836384189757     
          45          43   1.06530161961745     
          46          45  0.975070861958827     
          47          16  0.961106575129623     
          48          47  0.995722364092049     
          49          48   1.89141783422377     
          50          49  0.969439036322163     
          51          49  0.963593728032154     
          52          51  0.962807282441322     
          53          52  0.973639085004073     
          54          53  0.955963732529916     
          55          54  0.984850552785219     
          56          54  0.967549130487673     
          57          56  0.982573093846321     
          58          57  0.987896390531096     
          59          58  0.961531328972944     
          60          59  0.982972758874530     
          61          59  0.951187541767515     
          62          61   1.01046357495948     
          63          62  0.960878734684876     
          64          63  0.986480188226781     
          65          64  0.993534212419674     
          66          64  0.978529242689347     
          67           3  0.940946640207488     
          68           4  0.937766306847492     
          69           5  0.925658983056018     
          70           8  0.940104705057167     
          71           9  0.941221970946876     
          72          11  0.982917184691093     
          73          11  0.977733730225424     
          74          11  0.979626285960066     
          75          12  0.968615465483017     
          76          12  0.953853211947255     
          77          13  0.962042407975595     
          78          13  0.941654545943846     
          79          22  0.971701338326194     
          80          22  0.978576055954175     
          81          22  0.963878774146315     
          82          25  0.957998474913955     
          83          25  0.971391869477489     
          84          25  0.969824792480581     
          85          28  0.940751751643989     
          86          29  0.935680343835940     
          87          31  0.974876125903580     
          88          31  0.982108729735056     
          89          31  0.981105986225199     
          90          32  0.959432887136655     
          91          32  0.964148799808715     
          92          33  0.982652498176214     
          93          33  0.984903955783530     
          94          33  0.984717550311972     
          95          39  0.962592282999256     
          96          39  0.954020213672481     
          97          39  0.968593128359629     
          98          42  0.928544330514269     
          99          46  0.981188381357802     
         100          46  0.988420859747118     
         101          46  0.984588662542702     
         102          47  0.952543666065773     
         103          47  0.958755348779454     
         104          48  0.938719939897921     
         105          50  0.972684411721784     
         106          50  0.978246980417342     
         107          50  0.979094631028042     
         108          51  0.960320643791002     
         109          51  0.967001957074590     
         110          52  0.972016485985393     
         111          52  0.967407089464460     
         112          53  0.975213143452021     
         113          53  0.960809659424609     
         114          54  0.956135132841658     
         115          55  0.981377207618722     
         116          55  0.974234893271873     
         117          55  0.976838889371402     
         118          56  0.957069853365234     
         119          56  0.962607384026250     
         120          57  0.964617056187068     
         121          57  0.961714844355973     
         122          58  0.958053407351125     
         123          58  0.955805918083284     
         124          59  0.954513302719936     
         125          60  0.978080526715572     
         126          60  0.978970823950129     
         127          60  0.985813612766592     
         128          61  0.956813794987482     
         129          61  0.959627174204170     
         130          62  0.959403793875578     
         131          62  0.965900554033589     
         132          63  0.964196469000747     
         133          63  0.956762483699548     
         134          64  0.952215274321075     
         135          65  0.979173723795186     
         136          65  0.976414563087887     
         137          65  0.975849676204676     
         138          66  0.969206867800898     
         139          66  0.981201635298325     
         140          66  0.979248340835800     
