  0.309537490381892     
  1.725972148730515E-002
 -2.458287174610785E-002
 -2.536184883407433E-002
 -5.205578872691419E-002
 -0.151025196828520     
  5.568095986812560E-002
 -2.462686474271170E-002
 -3.589635119911705E-002
  3.847451575939509E-002
 -8.865603858289628E-002
 -4.843728161858429E-002
 -7.683687350884139E-002
  0.222714130938455     
 -0.238014764341748     
 -0.174830056769975     
 -0.214812582213693     
  7.040665195218843E-003
 -5.824297605281892E-002
 -6.676278413703951E-002
  5.093302901574592E-002
 -6.665242907006608E-002
  0.155504183754185     
 -0.255563589906447     
 -0.100122483828804     
 -0.187851613952756     
  5.318325930491508E-002
 -3.274463038935682E-002
 -1.231162728599422E-002
  5.068273621036079E-002
 -0.101087157468416     
 -3.930271606143698E-002
 -0.105994052004446     
 -0.211359662731265     
  3.280645025176021E-002
 -9.648557939730296E-003
 -6.274886803020685E-002
  3.633784965250264E-002
 -5.828239053916029E-002
  0.135868093587127     
 -0.222610483105750     
 -3.093146139056113E-002
  0.236328212201403     
 -0.261766563054727     
 -0.151615719897731     
  1.521049912396411E-002
  3.570888423238161E-002
 -7.739644714616656E-002
 -2.656531979294474E-002
 -8.772270543359451E-002
 -8.519644696480722E-002
 -5.056472544462309E-002
 -6.058783347630481E-002
 -1.882857988132258E-002
 -0.107672995928310     
 -6.880888781832883E-002
 -7.442406767013932E-002
 -6.674688721968636E-002
 -2.348057998512765E-002
 -0.113575821943818     
 -5.896010285664754E-002
 -6.672023918326353E-002
 -6.798831521503512E-002
 -1.938068115095248E-002
 -0.101944004856946     
 -0.122287276382126     
  5.462459596206404E-002
  6.905263195994282E-002
  5.503808017457090E-002
  6.081920515413686E-002
  3.423985789487916E-002
  4.213179173161785E-002
  3.620758171347682E-002
  3.500364565620417E-002
  3.686819286669007E-002
  4.500526204454081E-002
  4.339467422252563E-002
  3.443989144118942E-002
  5.165770545515713E-002
  5.457094735955526E-002
  4.529985617000210E-002
  4.469339369094960E-002
  4.011257444341121E-002
  4.974346495947934E-002
  4.696639342266895E-002
  6.172162551867677E-002
  3.612907568577983E-002
  3.989932179462696E-002
  2.946676263696857E-002
  4.167095696082646E-002
  5.225631143272047E-002
  2.220453518125765E-002
  3.738572804184759E-002
  3.537793806267220E-002
  5.524645088878966E-002
  5.032938234693907E-002
  5.435380431062975E-002
  6.197633878220099E-002
  5.032051203222632E-002
  5.520939293654825E-002
  5.184160500539103E-002
  5.884869764977996E-002
  5.581847848410793E-002
  3.926898207985330E-002
  4.024182379872765E-002
  4.550949690712014E-002
  4.010601302034800E-002
  3.477399374569390E-002
  3.242467114927783E-002
  3.832195667107263E-002
  3.576663458255180E-002
  4.147135530856771E-002
  3.556865468874426E-002
  3.977825904737153E-002
  2.766208560029826E-002
  3.148415178530628E-002
  3.675708093634067E-002
  3.491633752141077E-002
  4.056072523800869E-002
  3.685172750572563E-002
  3.341263212122936E-002
  3.550975126997857E-002
  3.934434831940603E-002
  3.915858130047756E-002
  3.170092572645689E-002
  2.851113271501482E-002
  3.229811307140895E-002
  3.934812113246478E-002
  3.885629219586839E-002
  2.937081308913292E-002
  2.774161768397432E-002
  3.149451143078785E-002
  3.563741666053133E-002
  3.186400123879185E-002
  2.713025883157094E-002
  4.069207669258379E-002
  3.287745482632276E-002
  4.015951713365973E-002
  3.279059112991578E-002
  2.702875311427122E-002
