 excitation energies, transition moments and TDA amplitudes
 state    eV      nm       fL        Rv(corr)
    1    2.203   562.7     0.6487    -1.6848     0.85( 143-> 144)  0.32( 142-> 146)  0.28( 142-> 145)
    2    2.378   521.4     0.1781     1.3084     0.84( 142-> 144) -0.35( 143-> 146) -0.24( 143-> 145)
    3    3.121   397.3     0.0179     8.0369    -0.89( 141-> 144)  0.36( 140-> 144)  0.12( 141-> 145)
    4    3.462   358.1     0.0008    -3.6652    -0.75( 140-> 144) -0.36( 143-> 146) -0.28( 141-> 144)
    5    3.610   343.5     0.0357     0.2764     0.63( 143-> 147) -0.54( 143-> 148) -0.39( 143-> 146)
    6    3.755   330.2     0.1039    12.3071     0.71( 143-> 145)  0.34( 142-> 145) -0.25( 140-> 144)
    7    3.773   328.6     0.0113    33.7766     0.69( 138-> 144)  0.53( 137-> 144)  0.19( 143-> 145)
    8    3.893   318.5     0.1082     7.5107     0.70( 142-> 145) -0.38( 143-> 145) -0.35( 142-> 146)
    9    4.075   304.3     0.3826   -41.3225     0.58( 142-> 148) -0.45( 142-> 147)  0.33( 142-> 146)
