           7           2   1.31690560883398     
           7           6   1.35826492138547     
           8           7  0.923114156103728     
           9           8  0.955813232429489     
          10           3   1.46664036161390     
          10           6   1.21257035937752     
          10           9  0.921895632992537     
          11           9  0.971316447408377     
          12           8  0.953974488991780     
          13          12  0.954881402136474     
          14          13  0.912338430058035     
          15          14   1.88289104051039     
          16          14   1.04235627804367     
          17           1  0.583173655733367     
          18           3   1.24114388492370     
          18          17   1.14672021107630     
          19          18   1.17256033702041     
          20          19   1.35702222845438     
          21           4   1.24564654810083     
          21          17   1.16894561196230     
          21          20   1.18164162294901     
          22          19  0.995072066936754     
          23          20   1.01539630506722     
          24          23   1.81651556378214     
          25          23  0.959901986925228     
          26           1  0.393409914088995     
          27           4   1.50133873437827     
          27          26   1.20453472086343     
          28          27  0.912470004031690     
          29          28  0.961610436165246     
          30           5   1.39543238315050     
          30          26   1.26704159389364     
          30          29  0.933481640467803     
          31          28  0.963311265877610     
          32          29  0.954677798198082     
          33          32   1.00157351095357     
          34           1  0.519541201540294     
          35           5   1.27575468729542     
          35          34   1.07677739977755     
          36          35   1.26160947108593     
          37          36   1.37082955617498     
          38           2   1.27353722902487     
          38          34   1.23633172921572     
          38          37   1.11304186877682     
          39          36  0.974970149321686     
          40          37   1.02045055562062     
          41          40   1.84480601242948     
          42           2  0.931148496499756     
          42          40  0.862883807331176     
          43          42  0.917080226287104     
          44          43   1.82563814697998     
          45          43   1.08834235257744     
          46          45  0.963576514869316     
          47          16  0.950610514447205     
          48          47  0.982591843538766     
          49          48   1.89586614049499     
          50          49   1.00493274015017     
          51          49  0.927794848846660     
          52          51  0.955486125487929     
          53          52   1.01193588342309     
          54          53  0.939884280014816     
          55          54  0.986718421922616     
          56          54  0.988794715135983     
          57          56  0.980098112065894     
          58          57  0.964231257928136     
          59          58  0.987984413214881     
          60          59  0.975649708387333     
          61          59  0.946785215451519     
          62          61   1.00324866359979     
          63          62  0.964973207099368     
          64          63  0.985273715515010     
          65          64  0.988005072027445     
          66          64  0.969830776214117     
          67           3  0.935628291861931     
          68           4  0.919068028396959     
          69           5  0.938649073956790     
          70           8  0.930284243170468     
          71           9  0.944612803686118     
          72          11  0.979369137390828     
          73          11  0.975207248308886     
          74          11  0.977384155050113     
          75          12  0.965294981953911     
          76          12  0.960027437675875     
          77          13  0.965945639611169     
          78          13  0.963927596777673     
          79          22  0.965062607149652     
          80          22  0.965038402953846     
          81          22  0.975450359715249     
          82          25  0.964850107974841     
          83          25  0.973148633676229     
          84          25  0.956247240273122     
          85          28  0.945972617779280     
          86          29  0.936576544326098     
          87          31  0.982471332168028     
          88          31  0.976438045769879     
          89          31  0.980852640200649     
          90          32  0.966074793697666     
          91          32  0.962138159454505     
          92          33  0.982139241027205     
          93          33  0.973145817613704     
          94          33  0.980350336741686     
          95          39  0.970080582856504     
          96          39  0.975128777093092     
          97          39  0.978274657870967     
          98          42  0.933121686079699     
          99          46  0.984787949739040     
         100          46  0.983915071677254     
         101          46  0.988728094175846     
         102          47  0.961236842341921     
         103          47  0.957744667410753     
         104          48  0.946448593011961     
         105          50  0.964122779408901     
         106          50  0.973722628419556     
         107          50  0.961954309187812     
         108          51  0.969433430622995     
         109          51  0.960060761512862     
         110          52  0.970345264521404     
         111          52  0.966665839944451     
         112          53  0.957842555903348     
         113          53  0.966514161130964     
         114          54  0.948972601173521     
         115          55  0.980708607746878     
         116          55  0.979122130326049     
         117          55  0.971925073065374     
         118          56  0.960577641904342     
         119          56  0.953975920679483     
         120          57  0.963412432978866     
         121          57  0.969062266122428     
         122          58  0.960937639053626     
         123          58  0.958805676442556     
         124          59  0.951792247085588     
         125          60  0.975234626389825     
         126          60  0.978896317984742     
         127          60  0.981771794096221     
         128          61  0.966859000336753     
         129          61  0.962998245510242     
         130          62  0.963817542034892     
         131          62  0.972006521131944     
         132          63  0.962195766669638     
         133          63  0.961466300386512     
         134          64  0.955773255455737     
         135          65  0.979419078447606     
         136          65  0.978151679046110     
         137          65  0.974933235119413     
         138          66  0.976614795939763     
         139          66  0.982527542093754     
         140          66  0.979505701978891     
