  0.300743597358304     
  1.507335333069904E-003
 -3.938606061913319E-002
 -1.792250574750121E-002
 -1.760105089806530E-002
 -0.168737875451012     
  2.955491860100512E-002
 -2.289800598456360E-002
 -2.928435173172872E-002
  5.502441505245370E-002
 -0.104607862910595     
 -3.639702832096692E-002
 -3.724916097280939E-002
  0.184335913540176     
 -0.257948695119251     
 -0.174117745240832     
 -0.226246744538808     
  4.659660377890651E-002
 -3.325933214888632E-002
 -6.896039920273278E-002
  5.500639498140902E-002
 -8.567144364453050E-002
  0.159010904255855     
 -0.261052163278430     
 -9.077938031105237E-002
 -0.148561882962117     
  2.505747688525961E-002
  6.842347587971975E-003
 -3.208147935876404E-002
  3.955060975784841E-002
 -0.104110216251748     
 -6.772562741778998E-002
 -0.100996671718703     
 -0.225660413618196     
  1.560003911870345E-002
 -9.225196352419474E-003
 -4.122034224294691E-002
  4.615595958650909E-002
 -6.727806643303769E-002
  0.148478764868583     
 -0.242735310418813     
 -5.490366311542161E-002
  0.250119061750852     
 -0.229232676369759     
 -0.159313312804462     
  5.787707317963964E-003
  5.558639932565290E-002
 -6.994012176303865E-002
 -1.492600112491171E-002
 -0.103904168300166     
 -7.636679869783602E-002
 -6.250870442822709E-002
 -7.374179199616737E-002
 -3.103265544220957E-002
 -0.105666219520115     
 -6.652168344726128E-002
 -5.712741729441184E-002
 -4.974358207945873E-002
 -3.700360939904535E-002
 -0.115705078422261     
 -7.801272976789697E-002
 -7.576639762897397E-002
 -8.815625526613058E-002
 -1.967782157476083E-002
 -0.117301235506734     
 -8.357501447967142E-002
  6.553406309060883E-002
  6.423117150278457E-002
  6.439837050315966E-002
  5.334962639769669E-002
  4.831736335374992E-002
  3.602780864116706E-002
  3.092571721971160E-002
  3.846499705095352E-002
  4.530437419311650E-002
  5.204663660624398E-002
  5.164375606867533E-002
  4.839296779059277E-002
  4.164088861387161E-002
  4.807957275649233E-002
  4.868525793176115E-002
  5.089636617115245E-002
  4.692558937108438E-002
  4.525955707419205E-002
  7.018027272085903E-002
  4.870300936090899E-002
  4.492277124565802E-002
  2.714914003041768E-002
  4.043280316941755E-002
  3.088070191072323E-002
  3.505326614833992E-002
  3.072397759131573E-002
  2.810012954126551E-002
  3.355991998751573E-002
  5.096101070067549E-002
  4.693183838123605E-002
  5.264397624322759E-002
  5.473817760635324E-002
  6.147607192650772E-002
  5.189347479709283E-002
  4.977932499978421E-002
  6.179118976412268E-002
  5.791031681434156E-002
  2.411470924634107E-002
  4.487225161010688E-002
  4.151777382427546E-002
  4.375168684532926E-002
  3.403766371646866E-002
  3.482457060069122E-002
  3.566764697007685E-002
  3.033543167716213E-002
  2.688780522703715E-002
  3.343509421868951E-002
  3.192659109331841E-002
  3.663965078199749E-002
  3.494249829003382E-002
  2.897753667453995E-002
  3.682058100634666E-002
  3.121106302777288E-002
  3.227005788523596E-002
  4.114837249995440E-002
  3.974735534957308E-002
  4.620863419964472E-002
  3.744938699424494E-002
  3.055731357464075E-002
  3.597900268005672E-002
  2.652091880746810E-002
  3.793926010162874E-002
  3.629479574804606E-002
  4.301916735617306E-002
  2.577662345675735E-002
  3.959361058180366E-002
  2.876283992345718E-002
  3.981885170894439E-002
  2.314142439448785E-002
  2.935822926548759E-002
  3.284631070092914E-002
  4.307739700852997E-002
  3.771342712911585E-002
  4.174251077072477E-002
