 excitation energies, transition moments and TDA amplitudes
 state    eV      nm       fL        Rv(corr)
    1    2.267   547.0     0.7519     0.4922    -0.87( 143-> 144) -0.33( 142-> 145) -0.28( 142-> 146)
    2    2.371   522.9     0.1085    -3.5826    -0.84( 142-> 144)  0.33( 143-> 145)  0.29( 143-> 146)
    3    3.085   401.9     0.0105   -11.3621    -0.93( 141-> 144) -0.21( 140-> 144) -0.12( 143-> 145)
    4    3.584   346.0     0.0112    -2.6058     0.83( 140-> 144) -0.35( 143-> 145) -0.21( 143-> 146)
    5    3.756   330.1     0.1580    10.3089    -0.73( 143-> 145)  0.45( 143-> 146)  0.28( 142-> 145)
    6    3.883   319.3     0.0189     4.9388     0.77( 137-> 144)  0.44( 139-> 144) -0.18( 138-> 144)
    7    3.921   316.2     0.2654   -17.4926     0.74( 142-> 145) -0.38( 142-> 146) -0.30( 143-> 146)
    8    4.043   306.7     0.4179    -9.1848     0.53( 143-> 146)  0.31( 140-> 144)  0.31( 142-> 144)
    9    4.167   297.5     0.1061    25.5392    -0.56( 139-> 144) -0.35( 135-> 144)  0.31( 143-> 146)
