           6           1  0.420138801489085     
           7           2   1.38640940582637     
           7           6   1.25043228532727     
           8           7  0.915795070170244     
           9           8  0.959450541251959     
          10           3   1.47330721094600     
          10           6   1.19918737638717     
          10           9  0.935468140482241     
          11           9  0.948742305589457     
          12           8  0.933001066981777     
          13          12  0.987391817748023     
          14          13  0.888108723112380     
          15          14   1.82555605851709     
          16          14   1.11644398168533     
          17           1  0.483831534353218     
          18           3   1.22861748257195     
          18          17   1.22349604729401     
          19          18   1.14202256666989     
          20          19   1.46887594456420     
          21           4   1.26243560527289     
          21          17   1.17787164274997     
          21          20   1.11196358747070     
          22          19  0.983080888091390     
          23          20  0.946730458348854     
          24          23   1.88737055316436     
          25          23  0.940539533524250     
          26           1  0.457862030174604     
          27           4   1.49110000043504     
          27          26   1.13567897684664     
          28          27  0.899781250569235     
          29          28  0.958953078382419     
          30           5   1.41985278219059     
          30          26   1.27673878875926     
          30          29  0.925914340187815     
          31          28  0.970046357713104     
          32          29  0.955718094212322     
          33          32   1.00449744682332     
          34           1  0.438454267779678     
          35           5   1.23953499332105     
          35          34   1.14468307071232     
          36          35   1.22121931351739     
          37          36   1.31458331927725     
          38           2   1.20624056123822     
          38          34   1.27104008188919     
          38          37   1.14424361871209     
          39          36   1.00008425036679     
          40          37   1.08312615194194     
          41          40   1.80358999743671     
          42           2  0.943055219351091     
          42          40  0.855212606217346     
          43          42  0.943641803576369     
          44          43   1.81546282130169     
          45          43   1.06261540604857     
          46          45  0.976134865473145     
          47          16  0.919356932210783     
          48          47   1.02288700992916     
          49          48   1.88565392015040     
          50          49  0.957783048936228     
          51          49  0.982168373544413     
          52          51  0.967537474694516     
          53          52  0.981874637369023     
          54          53  0.974886130657705     
          55          54  0.972237781083760     
          56          54  0.961452798148310     
          57          56  0.980686564137371     
          58          57  0.989714493788614     
          59          58  0.968724544043132     
          60          59  0.999141800756614     
          61          59  0.966114304976969     
          62          61  0.983049443498068     
          63          62  0.987451217393489     
          64          63  0.956623299858745     
          65          64  0.981800866322340     
          66          64  0.995410356488057     
          67           3  0.934640574596740     
          68           4  0.921570815795908     
          69           5  0.940105920150198     
          70           8  0.940831945569769     
          71           9  0.943276315189750     
          72          11  0.982743475659097     
          73          11  0.977279723226061     
          74          11  0.983593887249356     
          75          12  0.963256606397501     
          76          12  0.957961697965020     
          77          13  0.962867004486951     
          78          13  0.963195435035671     
          79          22  0.977575085553977     
          80          22  0.967723135433438     
          81          22  0.967799483739463     
          82          25  0.959573530451462     
          83          25  0.971698640860361     
          84          25  0.971992444100727     
          85          28  0.944695194312121     
          86          29  0.935677882551929     
          87          31  0.981436613882274     
          88          31  0.977710995348452     
          89          31  0.980419438600035     
          90          32  0.968988324484089     
          91          32  0.963677119303120     
          92          33  0.984857535588857     
          93          33  0.984379127601826     
          94          33  0.971078376790971     
          95          39  0.971231867633334     
          96          39  0.972925616929619     
          97          39  0.960946579868708     
          98          42  0.917002577159670     
          99          46  0.973859261485694     
         100          46  0.988128646846254     
         101          46  0.985360279505531     
         102          47  0.965526918281589     
         103          47  0.953820549178070     
         104          48  0.929943326691017     
         105          50  0.979442487344208     
         106          50  0.973334397513695     
         107          50  0.973383450444148     
         108          51  0.952081705487181     
         109          51  0.959796719092716     
         110          52  0.963744522398178     
         111          52  0.968072238575453     
         112          53  0.959583337360857     
         113          53  0.958932200428422     
         114          54  0.951686186510379     
         115          55  0.978903607275541     
         116          55  0.980958526821975     
         117          55  0.981330953847018     
         118          56  0.963411503735250     
         119          56  0.961999080085123     
         120          57  0.969067821931122     
         121          57  0.965350984241915     
         122          58  0.957783716503946     
         123          58  0.958255850061161     
         124          59  0.948156407774463     
         125          60  0.979974952794743     
         126          60  0.973530434045485     
         127          60  0.977766216170090     
         128          61  0.962260597022098     
         129          61  0.959859811325364     
         130          62  0.963736661145511     
         131          62  0.967556105057731     
         132          63  0.971767054044516     
         133          63  0.960799392488882     
         134          64  0.960053446720742     
         135          65  0.982788856524554     
         136          65  0.979930287977458     
         137          65  0.979205421378078     
         138          66  0.978801349929412     
         139          66  0.977641090253225     
         140          66  0.973919959403146     
