           6           1  0.409132338681735     
           7           2   1.43083018137284     
           7           6   1.26881767893363     
           8           7  0.877872359188058     
           9           8  0.950722514842377     
          10           3   1.43038208428983     
          10           6   1.19787903030172     
          10           9  0.942065588180547     
          11           9  0.946413292589186     
          12           8  0.980042799206290     
          13          12  0.974747763752627     
          14          13  0.917936317731294     
          15          14   1.83748957571059     
          16          14   1.07198527940388     
          17           1  0.512641209898300     
          18           3   1.25401477744458     
          18          17   1.11712224629438     
          19          18   1.27722884251694     
          20          19   1.36087114653003     
          21           4   1.21422564787720     
          21          17   1.26447012780296     
          21          20   1.09421051067356     
          22          19  0.973441023641697     
          23          20   1.04549264326396     
          24          23   1.75293467290575     
          25          23   1.00456074065817     
          26           1  0.394850447983931     
          27           4   1.48578363793847     
          27          26   1.20953230904440     
          28          27  0.925316046168512     
          29          28  0.957191209272900     
          30           5   1.36026869230747     
          30          26   1.27758947804403     
          30          29  0.923446557474519     
          31          28  0.958400599687063     
          32          29  0.948449676458769     
          33          32  0.983697049835943     
          34           1  0.482532980624640     
          35           5   1.33030658692738     
          35          34   1.05696741938181     
          36          35   1.22759912143887     
          37          36   1.33308582484938     
          38           2   1.22849125593765     
          38          34   1.27619099520685     
          38          37   1.12034785301452     
          39          36   1.00742956073876     
          40          37   1.07310448444990     
          41          40   1.78095187582733     
          42           2  0.923874000904482     
          42          40  0.884313233490692     
          43          42  0.950151095763422     
          44          43   1.79324215761210     
          45          43   1.07815451707088     
          46          45  0.967246030753462     
          47          16  0.955889421412057     
          48          47  0.987056837755604     
          49          48   1.87128674733795     
          50          49  0.983109106596953     
          51          49  0.996482804209684     
          52          51  0.960704600861189     
          53          52  0.990590693150208     
          54          53  0.948618675338378     
          55          54  0.984186223412403     
          56          54  0.985528738238891     
          57          56  0.973641333570391     
          58          57   1.00484506220529     
          59          58  0.948458473487456     
          60          59  0.982005537059080     
          61          59  0.987039921958665     
          62          61  0.988658351809915     
          63          62  0.980093659965918     
          64          63  0.966676945884488     
          65          64  0.996086717323410     
          66          64  0.999651800685702     
          67           3  0.935125801814730     
          68           4  0.924734872562467     
          69           5  0.934687163352428     
          70           8  0.942722548127033     
          71           9  0.943241631563235     
          72          11  0.978743423940074     
          73          11  0.980046576694839     
          74          11  0.982462139809276     
          75          12  0.959765515972970     
          76          12  0.950071001867226     
          77          13  0.961415552824163     
          78          13  0.959642097630654     
          79          22  0.972288415419420     
          80          22  0.971501278630202     
          81          22  0.977003117879169     
          82          25  0.951265162723374     
          83          25  0.963110382652857     
          84          25  0.950262654713464     
          85          28  0.940229512524419     
          86          29  0.937061611417420     
          87          31  0.977653579418155     
          88          31  0.981294530453349     
          89          31  0.982433477591271     
          90          32  0.964784784192399     
          91          32  0.969452419873230     
          92          33  0.985420060402666     
          93          33  0.983666517923400     
          94          33  0.989234463485570     
          95          39  0.967451116410507     
          96          39  0.957342381749611     
          97          39  0.972760952133679     
          98          42  0.922936687959541     
          99          46  0.990795008352570     
         100          46  0.979762313493804     
         101          46  0.987929068317179     
         102          47  0.964261338726069     
         103          47  0.955885143254153     
         104          48  0.941471321518377     
         105          50  0.971464695054422     
         106          50  0.977147885622875     
         107          50  0.968904226820667     
         108          51  0.951509592423134     
         109          51  0.953034858826421     
         110          52  0.960724887212643     
         111          52  0.970729655902514     
         112          53  0.965039114224281     
         113          53  0.963285233383704     
         114          54  0.954150585170533     
         115          55  0.979837960537255     
         116          55  0.984592549368245     
         117          55  0.973957972967409     
         118          56  0.963209604606440     
         119          56  0.962136741617586     
         120          57  0.962595903083224     
         121          57  0.968266628158661     
         122          58  0.961908732155989     
         123          58  0.963964346887370     
         124          59  0.951091015795452     
         125          60  0.974509189544277     
         126          60  0.976814426964028     
         127          60  0.978005391098665     
         128          61  0.962241958233341     
         129          61  0.954544700185356     
         130          62  0.963345784157684     
         131          62  0.965283198869618     
         132          63  0.960765020563053     
         133          63  0.964063812148743     
         134          64  0.951085586028572     
         135          65  0.978008970173603     
         136          65  0.976338995336235     
         137          65  0.973297237128729     
         138          66  0.975958839600521     
         139          66  0.975019882045597     
         140          66  0.975455609317989     
