  0.328247674878924     
  2.444859395307386E-002
 -4.494258254172667E-002
 -5.661531122466901E-002
 -3.792370912784460E-002
 -0.161118020350623     
  2.935010685612083E-002
 -1.870822288738960E-002
 -2.173009751516997E-002
  4.401000033345159E-002
 -8.450010465141933E-002
 -3.657814495597833E-002
 -8.330107230329986E-002
  0.214993368338893     
 -0.225292032323692     
 -0.174505490401110     
 -0.225704324026847     
  4.213859403058517E-003
 -2.665828359125388E-002
 -9.131387860724249E-002
  4.775446801489780E-002
 -6.485628729472914E-002
  0.158250329872041     
 -0.197466000186294     
 -9.057889436423583E-002
 -0.164966145259967     
  4.434795865084196E-002
 -1.556305126298430E-002
 -3.974293517163119E-002
  3.914949545557134E-002
 -8.760145223494487E-002
 -5.623921553243250E-002
 -9.136666232622570E-002
 -0.200919034828452     
  3.226214963558283E-002
  3.229080181232025E-003
 -4.932553022050712E-002
  2.649581070106510E-002
 -7.071118062763571E-002
  0.145730896080770     
 -0.220222038729515     
 -3.388261662775882E-002
  0.226089453991777     
 -0.294883943351843     
 -0.135804264988603     
  1.009069658217765E-002
  4.653746633668510E-002
 -6.960895888819429E-002
 -1.499312968274058E-002
 -0.108999283672159     
 -5.304581356338023E-002
 -5.155603666851416E-002
 -7.048937075342909E-002
 -4.097366174695871E-002
 -0.126666773772959     
 -6.875327372398310E-002
 -4.514931416651002E-002
 -5.195534877324359E-002
 -2.770018801185170E-002
 -0.126307102730399     
 -5.922404306547957E-002
 -6.638965390592944E-002
 -7.825501861725659E-002
 -2.089108581048471E-002
 -0.100139242906906     
 -0.103629652204714     
  4.571927856566382E-002
  5.133973412057413E-002
  5.324841239354006E-002
  5.466929884945027E-002
  3.452170404304844E-002
  4.058763769287199E-002
  3.735872662659201E-002
  3.535707873466332E-002
  3.691908807641886E-002
  5.836585988163256E-002
  3.865988298796041E-002
  3.472113318260395E-002
  4.730126701315651E-002
  5.311487740483500E-002
  5.030389804832447E-002
  5.704617511304355E-002
  4.168768576945026E-002
  4.472142371449128E-002
  6.094213432794016E-002
  3.848854493363663E-002
  3.390120647640615E-002
  4.174835740751148E-002
  4.148908945458607E-002
  4.122411661216496E-002
  3.143672816459764E-002
  4.045429041011717E-002
  2.803203166298651E-002
  3.885960718339065E-002
  4.337874083811533E-002
  4.904013911103489E-002
  4.960122083361085E-002
  5.805878223246186E-002
  5.035443184829380E-002
  5.927829424115794E-002
  3.785041659727095E-002
  6.581386543842827E-002
  5.563360546268670E-002
  3.708657105134250E-002
  3.832638427315138E-002
  3.563060600092338E-002
  3.683902612376988E-002
  4.327353579439219E-002
  4.320212762932985E-002
  3.712034371824968E-002
  3.818370532800808E-002
  3.023952795510942E-002
  4.221261066208748E-002
  4.666722427767189E-002
  2.246231766405293E-002
  3.115477118971754E-002
  3.697107053604098E-002
  3.581058131652548E-002
  3.007242723274706E-002
  2.983152580420778E-002
  2.827568519792167E-002
  3.334489962827036E-002
  3.188811569303718E-002
  3.246181768434608E-002
  4.070789600752789E-002
  2.859024294553569E-002
  2.459553502294121E-002
  4.050804626472637E-002
  3.600948424122363E-002
  2.441226813138686E-002
  3.829677663855457E-002
  2.580337553544199E-002
  3.583430804784404E-002
  3.972525358518686E-002
  3.774650336618279E-002
  2.994945896283374E-002
  3.678190558893357E-002
  3.109971683211776E-002
  2.876892290342670E-002
  4.143273662548530E-002
