 excitation energies, transition moments and TDA amplitudes
 state    eV      nm       fL        Rv(corr)
    1    2.271   546.0     0.3613    -3.4426     0.78( 142-> 143) -0.41( 141-> 143)  0.33( 141-> 145)
    2    2.364   524.5     0.4331    -5.0307     0.76( 141-> 143)  0.41( 142-> 143) -0.36( 142-> 145)
    3    3.186   389.1     0.0326   -28.8470    -0.94( 140-> 143) -0.14( 142-> 145)  0.14( 141-> 143)
    4    3.588   345.5     0.0686     1.9942    -0.55( 142-> 146)  0.42( 141-> 146) -0.38( 139-> 143)
    5    3.623   342.2     0.0204    34.0142    -0.68( 139-> 143) -0.33( 135-> 143) -0.31( 141-> 146)
    6    3.781   327.9     0.1021   -32.0194     0.75( 142-> 144) -0.42( 141-> 146) -0.30( 142-> 146)
    7    3.843   322.6     0.0061    14.4428    -0.48( 141-> 144)  0.47( 142-> 146)  0.40( 141-> 146)
    8    3.979   311.6     0.0854    10.1047     0.68( 141-> 144) -0.40( 142-> 147)  0.32( 142-> 144)
    9    3.983   311.3     0.0132    -6.5098    -0.54( 136-> 143) -0.49( 138-> 143) -0.42( 135-> 143)
