           7           2   1.45514545902913     
           7           6   1.23252959457485     
           8           7  0.921390214572096     
           9           8  0.932462579990019     
          10           3   1.32601838172413     
          10           6   1.34290308106740     
          10           9  0.960990215252274     
          11           9  0.965202700097654     
          12           8  0.964162039234894     
          13          12  0.957781348741478     
          14          13  0.889425704862882     
          15          14   1.88847049661746     
          16          14   1.05369364382066     
          17           1  0.527901980706238     
          18           3   1.30868080484588     
          18          17   1.11513968404872     
          19          18   1.15511247615400     
          20          19   1.47622439163185     
          21           4   1.27208703318121     
          21          17   1.26151406116569     
          21          20   1.08151003863913     
          22          19   1.01060085338120     
          23          20  0.896552575073071     
          24          23   1.92804592635200     
          25          23  0.943870103106629     
          26           1  0.404369832323773     
          27           4   1.37985543845749     
          27          26   1.25737017652305     
          28          27  0.948221055941282     
          29          28  0.962880348542395     
          30           5   1.48864394977104     
          30          26   1.23813974975978     
          30          29  0.901910305032387     
          31          28  0.943647179335722     
          32          29  0.937044655424998     
          33          32   1.00040136730460     
          34           1  0.528727433269490     
          35           5   1.13856051735586     
          35          34   1.17500144446711     
          36          35   1.28145424440752     
          37          36   1.34676472831446     
          38           2   1.16127220926047     
          38          34   1.18872250014665     
          38          37   1.21631305611693     
          39          36  0.979638894868997     
          40          37   1.03355895554289     
          41          40   1.85531354942951     
          42           2  0.960172160525617     
          42          40  0.820021047493381     
          43          42  0.960764891652092     
          44          43   1.76669697583610     
          45          43   1.09665181581454     
          46          45  0.971878685139445     
          47          16  0.940179288313255     
          48          47  0.992887084396506     
          49          48   1.90592427835539     
          50          49  0.974417517944694     
          51          49  0.961828687300432     
          52          51  0.968189031042130     
          53          52  0.992209118114504     
          54          53  0.957988777000994     
          55          54  0.980612807064035     
          56          54  0.952758831564226     
          57          56  0.987798544914588     
          58          57   1.00727520086436     
          59          58  0.959521581950192     
          60          59  0.963090929449658     
          61          59  0.976709952346273     
          62          61  0.973890523416706     
          63          62  0.987268384951683     
          64          63  0.960281062636040     
          65          64  0.987132678923585     
          66          64  0.983064566712697     
          67           3  0.940974780707104     
          68           4  0.935708232422353     
          69           5  0.945410243283145     
          70           8  0.940162097354490     
          71           9  0.941546059230864     
          72          11  0.980349156046482     
          73          11  0.975073990005964     
          74          11  0.974799540582438     
          75          12  0.965142581925797     
          76          12  0.957250022462846     
          77          13  0.966096812392902     
          78          13  0.967271922820623     
          79          22  0.972073216528003     
          80          22  0.957139922399255     
          81          22  0.965528443139096     
          82          25  0.959879837343176     
          83          25  0.971041468962098     
          84          25  0.972625615304669     
          85          28  0.942061473356776     
          86          29  0.950392705334434     
          87          31  0.984014783391137     
          88          31  0.978154459788022     
          89          31  0.979606233189623     
          90          32  0.968137537856539     
          91          32  0.967350515493308     
          92          33  0.985859544282319     
          93          33  0.984159350228152     
          94          33  0.980005754566598     
          95          39  0.976031615742154     
          96          39  0.970457323978320     
          97          39  0.978327551787741     
          98          42  0.923270120052645     
          99          46  0.986426614328437     
         100          46  0.978067686558272     
         101          46  0.985155606063525     
         102          47  0.957622358808413     
         103          47  0.973367090412651     
         104          48  0.936383280419393     
         105          50  0.971677636686607     
         106          50  0.973793007176558     
         107          50  0.973348336086047     
         108          51  0.966085141199341     
         109          51  0.954242993542611     
         110          52  0.963977748328738     
         111          52  0.963095340102004     
         112          53  0.960323092433590     
         113          53  0.963218622345475     
         114          54  0.950365332261358     
         115          55  0.978565011777403     
         116          55  0.979018380283714     
         117          55  0.978713609676573     
         118          56  0.964242618437386     
         119          56  0.958049977229513     
         120          57  0.957579248862936     
         121          57  0.967087677733922     
         122          58  0.962411604726923     
         123          58  0.956804304150630     
         124          59  0.955659474524802     
         125          60  0.975051664335319     
         126          60  0.983272522203091     
         127          60  0.981879310763596     
         128          61  0.964168150492025     
         129          61  0.964506380801036     
         130          62  0.969199804598951     
         131          62  0.965593816174047     
         132          63  0.964266968462974     
         133          63  0.963882537675931     
         134          64  0.957506894876593     
         135          65  0.978117480848759     
         136          65  0.977632624041409     
         137          65  0.979745621780725     
         138          66  0.980508228225620     
         139          66  0.983209509735561     
         140          66  0.975462721523434     
