  0.285448067980710     
  2.571824037103232E-002
 -2.064645160043188E-002
 -3.050015646715210E-002
 -4.575360684830887E-002
 -0.141783545476105     
  6.062325122029000E-002
 -3.026355902300626E-002
 -2.139933913428305E-002
  1.745203995701683E-002
 -8.777796652256065E-002
 -4.710329667863089E-002
 -5.551195573785606E-002
  0.186411267805046     
 -0.304398672962125     
 -0.126158962449808     
 -0.208631878476428     
  3.050712502784902E-002
 -3.838166729900294E-002
 -6.638204452209795E-002
  3.113767944409407E-002
 -7.394581494010577E-002
  0.141864367114479     
 -0.254703718274968     
 -7.770027519540967E-002
 -0.193244051576430     
  3.726124765592864E-002
 -1.402228620262580E-002
 -2.162442419069510E-002
  3.156694715212494E-002
 -7.298076664115882E-002
 -5.067350812094507E-002
 -9.560456429216924E-002
 -0.201693909373578     
  2.436380551893746E-002
 -1.556865020378773E-002
 -5.002045186574744E-002
  5.542130178108007E-003
 -6.075698513044259E-002
  0.136028907830307     
 -0.223100357142441     
 -1.835115383537111E-002
  0.194115163266322     
 -0.245000790084939     
 -0.144978841269706     
  9.695945134706285E-003
  5.623174420643018E-002
 -7.813793890111054E-002
 -2.983987927742504E-002
 -9.157361722013135E-002
 -4.951386154095871E-002
 -5.962469794612879E-002
 -7.640235308206211E-002
 -1.951675766947325E-002
 -0.112166240153664     
 -6.367398526788293E-002
 -6.587992604263793E-002
 -8.466890784919379E-002
 -2.462683797594512E-002
 -0.105735284476570     
 -9.140537410720828E-002
 -6.401110831306944E-002
 -5.981878758240633E-002
 -2.073341807301166E-002
 -0.106007503008722     
 -0.117395910082821     
  5.327112526005728E-002
  5.337890514801091E-002
  4.757927188344957E-002
  5.437628414546536E-002
  4.864021284016362E-002
  3.801586440016436E-002
  3.032820663820579E-002
  4.582926860561121E-002
  3.153413320747211E-002
  4.934566726795209E-002
  4.411335403968553E-002
  3.914015359742840E-002
  4.662257874713660E-002
  4.901155148486414E-002
  5.207441603521290E-002
  4.592869169835567E-002
  5.342864882929377E-002
  4.677750113294099E-002
  4.234400284027828E-002
  5.109598597540455E-002
  3.984166556975488E-002
  5.095604313963276E-002
  4.310368047734470E-002
  4.574885049946897E-002
  4.170994006035400E-002
  3.679348758128820E-002
  3.060948555388410E-002
  4.508936194344526E-002
  4.570073228097571E-002
  5.160209016145401E-002
  5.615854171950974E-002
  6.120632856014974E-002
  4.789571748110588E-002
  5.948860300551861E-002
  5.318300280044430E-002
  5.541321532419097E-002
  7.097167148085504E-002
  2.443014416939759E-002
  3.917237397182638E-002
  4.472421576721342E-002
  4.572327016662936E-002
  4.430100100021972E-002
  4.809118911096766E-002
  2.363760668709880E-002
  4.519463842138838E-002
  2.856868856296546E-002
  3.427998315832570E-002
  4.343681077071082E-002
  3.389962730742802E-002
  2.883809317964492E-002
  3.590768920502241E-002
  4.037410542496978E-002
  3.426743476946159E-002
  3.635852740547973E-002
  3.215626960463425E-002
  3.830466306293012E-002
  3.463234661625170E-002
  4.227821169763268E-002
  2.722357823507959E-002
  3.136671353265497E-002
  3.320706154762287E-002
  3.205427537427097E-002
  3.323764205875612E-002
  3.805016734242517E-002
  3.724535940056783E-002
  4.606370864590437E-002
  3.974791862255034E-002
  3.799657747313101E-002
  2.596814287410676E-002
  3.368124224024460E-002
  3.973639431684095E-002
  3.088545708190393E-002
  2.753627308235806E-002
  3.454246694023366E-002
