 excitation energies, transition moments and TDA amplitudes
 state    eV      nm       fL        Rv(corr)
    1    2.202   563.2     0.7164     3.9579    -0.86( 142-> 143)  0.36( 141-> 145) -0.21( 141-> 143)
    2    2.363   524.7     0.2158     1.8879    -0.84( 141-> 143) -0.37( 142-> 145)  0.21( 142-> 143)
    3    3.222   384.8     0.0124   -11.2228     0.90( 140-> 143) -0.34( 139-> 143)  0.08( 142-> 145)
    4    3.591   345.3     0.0264     6.3416    -0.71( 139-> 143)  0.45( 142-> 145) -0.34( 140-> 143)
    5    3.690   336.0     0.0089     4.6931     0.92( 142-> 144)  0.16( 137-> 143) -0.15( 142-> 145)
    6    3.842   322.7     0.1247     5.4486    -0.67( 142-> 146)  0.44( 142-> 145)  0.33( 142-> 147)
    7    3.876   319.9     0.0509     1.2597    -0.65( 137-> 143)  0.57( 135-> 143) -0.34( 138-> 143)
    8    3.973   312.1     0.2593     6.0406     0.49( 141-> 144) -0.45( 141-> 146)  0.35( 142-> 146)
    9    4.117   301.2     0.1116   -15.0255    -0.54( 138-> 143)  0.42( 141-> 144) -0.33( 139-> 143)
