           7           2   1.38077661761530     
           7           6   1.35168255089315     
           8           7  0.930574560672014     
           9           8  0.947897014071617     
          10           3   1.50305511551376     
          10           6   1.17090613529821     
          10           9  0.921582571936930     
          11           9  0.977582325038344     
          12           8  0.957983689662877     
          13          12  0.989283347240575     
          14          13  0.896738890033275     
          15          14   1.76709102328787     
          16          14   1.16918713216957     
          17           1  0.563767313252536     
          18           3   1.22833905474690     
          18          17   1.17227493616085     
          19          18   1.21315436598907     
          20          19   1.38316764194677     
          21           4   1.23612656298788     
          21          17   1.15988778166370     
          21          20   1.15983602226204     
          22          19  0.983592043153695     
          23          20  0.978808622962143     
          24          23   1.80782690099497     
          25          23   1.00125254842437     
          26           1  0.444384098627854     
          27           4   1.47360740584186     
          27          26   1.20424324167127     
          28          27  0.918367065729484     
          29          28  0.954021887885307     
          30           5   1.44744860284504     
          30          26   1.21050814898934     
          30          29  0.936998459903617     
          31          28  0.969250691777160     
          32          29  0.931021160283928     
          33          32  0.996359490782083     
          34           1  0.536428713778476     
          35           5   1.26082381310078     
          35          34   1.16963696316949     
          36          35   1.16666087663768     
          37          36   1.41960264299605     
          38           2   1.26224508679277     
          38          34   1.12994005970585     
          38          37   1.18035590334680     
          39          36  0.984200897658943     
          40          37  0.991867952219882     
          41          40   1.82207829384646     
          42           2  0.919358759645635     
          42          40  0.919131066678746     
          43          42  0.899849620015340     
          44          43   1.81842350410139     
          45          43   1.08395038044346     
          46          45  0.963674398468511     
          47          16  0.935116310429020     
          48          47  0.972049594787219     
          49          48   1.92789515103950     
          50          49  0.969926528786193     
          51          49  0.953813288317002     
          52          51  0.976360794648448     
          53          52  0.983804282675776     
          54          53  0.974064308944932     
          55          54  0.983750745100427     
          56          54  0.964533839457527     
          57          56   1.00100806207640     
          58          57  0.966071269084926     
          59          58  0.944014703222508     
          60          59   1.02010244156647     
          61          59  0.952908415577415     
          62          61  0.990637908481709     
          63          62  0.975875129348270     
          64          63  0.978839037899370     
          65          64  0.990195267708568     
          66          64  0.983224844308951     
          67           3  0.930770591552907     
          68           4  0.929083279383865     
          69           5  0.934672552622151     
          70           8  0.932931543119987     
          71           9  0.944949870060577     
          72          11  0.976351701988342     
          73          11  0.980261939898551     
          74          11  0.974202595293048     
          75          12  0.964022270697733     
          76          12  0.951033193011837     
          77          13  0.964811343395993     
          78          13  0.962798705969094     
          79          22  0.966483373214743     
          80          22  0.974294111232230     
          81          22  0.970696531503736     
          82          25  0.957147003304414     
          83          25  0.948186607624987     
          84          25  0.967765721663330     
          85          28  0.947563703772200     
          86          29  0.941510438561157     
          87          31  0.975692102372894     
          88          31  0.978906863130676     
          89          31  0.977412869555298     
          90          32  0.958372323325330     
          91          32  0.967593340058743     
          92          33  0.986239531304414     
          93          33  0.981624671614674     
          94          33  0.978117609376079     
          95          39  0.976084491868414     
          96          39  0.964935221885696     
          97          39  0.976207928691313     
          98          42  0.922136214754604     
          99          46  0.986253396588350     
         100          46  0.976827147686777     
         101          46  0.986004022328690     
         102          47  0.964083181172750     
         103          47  0.960379948236767     
         104          48  0.936357380616440     
         105          50  0.974820415985687     
         106          50  0.976304354357511     
         107          50  0.973524815562341     
         108          51  0.954884070472152     
         109          51  0.954850734304969     
         110          52  0.969630381178086     
         111          52  0.958826121612722     
         112          53  0.957549795548579     
         113          53  0.964741201338852     
         114          54  0.948516818454735     
         115          55  0.975696433874631     
         116          55  0.976911646933524     
         117          55  0.981797823892807     
         118          56  0.964619026270667     
         119          56  0.959832546031767     
         120          57  0.963622869628607     
         121          57  0.971469605557604     
         122          58  0.962305360308410     
         123          58  0.967297130113770     
         124          59  0.950993224823627     
         125          60  0.967609651329434     
         126          60  0.972844439746553     
         127          60  0.967581922424419     
         128          61  0.955537779222537     
         129          61  0.959197219306039     
         130          62  0.965703051998619     
         131          62  0.966429626517564     
         132          63  0.960945880156900     
         133          63  0.963283058906513     
         134          64  0.957319380316063     
         135          65  0.979817795989283     
         136          65  0.980589341052351     
         137          65  0.975644409926339     
         138          66  0.981916001102227     
         139          66  0.976909360809359     
         140          66  0.975140118494404     
