  0.291204623128061     
  2.091433667162690E-003
 -1.695047894162816E-002
 -9.415785797128429E-003
 -4.531926844629108E-002
 -0.127600957585233     
  2.963192439802054E-002
 -2.857585797995643E-002
 -1.985075676114434E-002
  5.000899927525282E-002
 -7.573214954502028E-002
 -4.519753087072687E-002
 -5.836393566594911E-002
  0.222724417541869     
 -0.283112843017119     
 -0.138526454206034     
 -0.209565874665527     
  7.160371351821704E-002
 -5.290052913506038E-003
 -5.152514866566715E-002
  3.583065856528789E-002
 -8.638429535945491E-002
  0.130183167621639     
 -0.260287981751055     
 -9.713471842824273E-002
 -0.193110478511360     
  5.511736143112378E-002
 -1.509052189408511E-002
 -3.098424799355737E-002
  3.284215727988382E-002
 -8.980744962121889E-002
 -6.218069787319269E-002
 -0.104462747775217     
 -0.219248245513896     
 -2.048989869746443E-003
 -2.379284892005451E-002
 -5.007165065373265E-002
  1.634150575681526E-002
 -5.829042341418589E-002
  0.141208871032668     
 -0.218051959733332     
 -4.709860009305267E-002
  0.229410786169904     
 -0.309741133213754     
 -0.124753505932875     
  2.828196321152987E-002
  5.575803246861266E-002
 -7.663768944494631E-002
 -3.578565842421799E-002
 -9.597540576842878E-002
 -5.219294633855931E-002
 -6.346112715826369E-002
 -5.391691822812650E-002
 -4.194413709589195E-002
 -0.125513085325045     
 -8.617088325378042E-002
 -6.778957192465551E-002
 -7.683165972002648E-002
 -3.247171046233976E-002
 -0.116159006562416     
 -7.446856530128976E-002
 -6.434965121477543E-002
 -7.383891651360663E-002
 -5.767956219686177E-003
 -9.253710934316395E-002
 -0.111135385476097     
  5.351901160280259E-002
  6.710251523137867E-002
  6.040885961327302E-002
  4.105667150211390E-002
  4.684546862288363E-002
  4.597509888820306E-002
  3.699853441750633E-002
  3.766673183520675E-002
  4.295955454933287E-002
  4.584916928357030E-002
  5.481371811219249E-002
  4.207515887131574E-002
  4.696941089122242E-002
  4.629858496435935E-002
  4.569647565869994E-002
  4.258755110197243E-002
  4.907467800397258E-002
  5.366038430595543E-002
  4.998030841723511E-002
  5.753030634907708E-002
  4.359369650623646E-002
  2.960093969521838E-002
  4.443096262105373E-002
  3.482871601922932E-002
  4.315535516438784E-002
  2.048449122033591E-002
  4.068912330997565E-002
  2.936242221076080E-002
  5.339895146165596E-002
  5.719297982307880E-002
  5.263956936326630E-002
  5.581365266214799E-002
  5.164112913211616E-002
  4.480252903766369E-002
  6.398724528899624E-002
  7.137518216284999E-002
  5.761908011142713E-002
  2.397800209537559E-002
  3.932397789316444E-002
  4.062800039275960E-002
  4.385690388358798E-002
  4.469999540246183E-002
  3.924340371570589E-002
  4.018969790961935E-002
  3.387970218654213E-002
  4.873865399023825E-002
  4.099814238955146E-002
  3.894575257299615E-002
  3.008503077902658E-002
  2.919874317222027E-002
  2.792183269229975E-002
  4.290286896090922E-002
  2.739910956221614E-002
  3.792109523426146E-002
  3.268647823588344E-002
  2.943791152733144E-002
  4.069317676789119E-002
  3.420938424079600E-002
  2.639907393871677E-002
  2.977802864724177E-002
  3.147097592493253E-002
  2.996475414102751E-002
  3.917696478230570E-002
  3.827316153268023E-002
  3.989543919556682E-002
  3.801451475376594E-002
  3.327786652265785E-002
  3.739147449769620E-002
  3.285014998104308E-002
  3.254507666432094E-002
  3.331901057712061E-002
  3.333908525386764E-002
  3.559088787055709E-002
  2.236681442122579E-002
