 excitation energies, transition moments and TDA amplitudes
 state    eV      nm       fL        Rv(corr)
    1    2.193   565.4     0.5166    -1.8213     0.85( 142-> 143)  0.32( 141-> 145) -0.24( 141-> 143)
    2    2.401   516.4     0.2859    -5.4458     0.82( 141-> 143) -0.42( 142-> 145)  0.24( 142-> 143)
    3    3.049   406.6     0.0364    17.1861    -0.90( 140-> 143) -0.23( 138-> 143)  0.14( 142-> 143)
    4    3.419   362.6     0.0055   -32.2252     0.73( 138-> 143)  0.53( 136-> 143)  0.20( 142-> 145)
    5    3.733   332.1     0.1189   -15.3733    -0.69( 142-> 144) -0.44( 142-> 145) -0.28( 139-> 143)
    6    3.828   323.9     0.0716     1.9455    -0.59( 142-> 144)  0.53( 139-> 143)  0.37( 142-> 145)
    7    3.948   314.0     0.1151     7.6564    -0.55( 139-> 143) -0.42( 141-> 144)  0.33( 142-> 146)
    8    4.060   305.4     0.4207    47.0020    -0.42( 135-> 143) -0.40( 133-> 143)  0.38( 142-> 145)
    9    4.171   297.2     0.2645   -92.0907     0.51( 134-> 143)  0.30( 142-> 147)  0.30( 141-> 144)
