           6           1  0.378423402228154     
           7           2   1.43344593962357     
           7           6   1.27312534763337     
           8           7  0.879807771880929     
           9           8  0.955319884405184     
          10           3   1.45700565001375     
          10           6   1.21501587342606     
          10           9  0.938861204598697     
          11           9  0.966328750187134     
          12           8  0.958277799494041     
          13          12  0.981723805082444     
          14          13  0.933871861667238     
          15          14   1.82088725367505     
          16          14   1.08038423810425     
          17           1  0.528598155878011     
          18           3   1.21396960153655     
          18          17   1.16863754646010     
          19          18   1.28496211586931     
          20          19   1.36090231895245     
          21           4   1.23125961007550     
          21          17   1.16737312730345     
          21          20   1.13834042612613     
          22          19  0.964606002931521     
          23          20   1.01950743323368     
          24          23   1.81218048620682     
          25          23  0.951678732294504     
          26           1  0.373908175547565     
          27           4   1.51324808177360     
          27          26   1.16792252617337     
          28          27  0.935583153125629     
          29          28  0.949028198147079     
          30           5   1.40251309862853     
          30          26   1.27611437001913     
          30          29  0.933702802946032     
          31          28  0.978718241514420     
          32          29  0.949017568987569     
          33          32  0.998076298176816     
          34           1  0.550899493176996     
          35           5   1.31935760356563     
          35          34   1.05492018678219     
          36          35   1.21551112690039     
          37          36   1.40365535015965     
          38           2   1.14172378660182     
          38          34   1.29369590929445     
          38          37   1.11427139253425     
          39          36  0.977148788376267     
          40          37   1.08336545013753     
          41          40   1.84473262925495     
          42           2  0.958774156268059     
          42          40  0.787871220132032     
          43          42  0.949609125124301     
          44          43   1.73661134000027     
          45          43   1.15025379357132     
          46          45  0.957742249502015     
          47          16  0.976950607315339     
          48          47  0.972157552950461     
          49          48   1.91127531373561     
          50          49  0.969384813344730     
          51          49  0.978722901290531     
          52          51  0.954379856989434     
          53          52  0.992362368770462     
          54          53  0.965290474348176     
          55          54  0.973729503399484     
          56          54  0.968159310049344     
          57          56  0.968066244806474     
          58          57  0.980689945932430     
          59          58  0.954786145162514     
          60          59  0.985935605507092     
          61          59  0.971659860543989     
          62          61  0.988072695953647     
          63          62  0.971713964526271     
          64          63  0.974402600303325     
          65          64   1.00243956401092     
          66          64  0.981599149750360     
          67           3  0.934762272808009     
          68           4  0.920640031929671     
          69           5  0.928065831754801     
          70           8  0.942132125728065     
          71           9  0.938648742344936     
          72          11  0.976721829029286     
          73          11  0.980899942165261     
          74          11  0.983415883246826     
          75          12  0.961195746026870     
          76          12  0.956901693124269     
          77          13  0.936596319391678     
          78          13  0.954691999104066     
          79          22  0.971484036592263     
          80          22  0.975174413033474     
          81          22  0.977040749578414     
          82          25  0.964096910100452     
          83          25  0.959986286915504     
          84          25  0.972710950586984     
          85          28  0.939503856548648     
          86          29  0.930632696006633     
          87          31  0.972667583895726     
          88          31  0.978088878903676     
          89          31  0.979750484827218     
          90          32  0.969771657933309     
          91          32  0.968268581870717     
          92          33  0.989565778568137     
          93          33  0.979807585476081     
          94          33  0.982855593087344     
          95          39  0.976116796680522     
          96          39  0.972953665764191     
          97          39  0.967932867338115     
          98          42  0.931171128367478     
          99          46  0.985290995139227     
         100          46  0.990417910891907     
         101          46  0.977171575007840     
         102          47  0.951580926114680     
         103          47  0.962163411558593     
         104          48  0.934804731622013     
         105          50  0.976319057419441     
         106          50  0.978902887576441     
         107          50  0.972043444340317     
         108          51  0.961859433855854     
         109          51  0.958852336702085     
         110          52  0.961912864738108     
         111          52  0.966757618890479     
         112          53  0.960355900317248     
         113          53  0.956507636058612     
         114          54  0.947316552208344     
         115          55  0.978226895295075     
         116          55  0.977597045293815     
         117          55  0.982563513718093     
         118          56  0.958561476422627     
         119          56  0.962823111236368     
         120          57  0.964314316146946     
         121          57  0.969468211350624     
         122          58  0.967603971568229     
         123          58  0.961032916944191     
         124          59  0.954390612881153     
         125          60  0.978027818423744     
         126          60  0.981993050277568     
         127          60  0.977325763084060     
         128          61  0.958320462543322     
         129          61  0.957940125746815     
         130          62  0.972267452910431     
         131          62  0.969340449558709     
         132          63  0.962415216391207     
         133          63  0.965923193104283     
         134          64  0.952277293295260     
         135          65  0.976246743606212     
         136          65  0.970671144865129     
         137          65  0.976591430127755     
         138          66  0.976809733427859     
         139          66  0.981117788995615     
         140          66  0.980626352822033     
