  0.317711935506995     
  1.236542897906556E-002
 -4.354312378374203E-002
 -2.310218216468041E-002
 -3.399105965913130E-002
 -0.155609400869520     
  2.392479442898487E-002
 -2.590900978140365E-002
 -1.291424004566011E-002
  2.979019123400528E-002
 -8.105881682143767E-002
 -4.920097416735825E-002
 -4.833960022711015E-002
  0.213169009283684     
 -0.266534271865051     
 -0.137198710773521     
 -0.233282203244316     
  1.298455179048252E-002
 -2.533502945431554E-002
 -7.208877588781260E-002
  5.911869967325512E-002
 -7.484709651068933E-002
  0.129472065361841     
 -0.244633900994696     
 -0.101128586637118     
 -0.179944591046411     
  2.533992603014124E-002
 -1.075863027542567E-002
 -1.825614728158254E-002
  6.316019939320583E-002
 -8.647608057574452E-002
 -6.443344738455536E-002
 -0.109909531204741     
 -0.220444876093572     
  4.926431350134752E-002
 -2.738951121905586E-004
 -4.662080818635506E-002
  4.156751496334854E-002
 -6.008016092423674E-002
  0.130630921159199     
 -0.245096189398456     
 -6.105980952175205E-002
  0.267984744387796     
 -0.259654665173911     
 -0.154493952760208     
  2.946906070345090E-003
  4.622441964776680E-002
 -8.355843802380925E-002
 -3.013562359842403E-002
 -9.240272021431295E-002
 -6.345496928035566E-002
 -4.652872858085733E-002
 -8.062843800224062E-002
 -3.953025218377437E-002
 -0.100851211182819     
 -9.334506234071061E-002
 -6.347154260798060E-002
 -9.228163316436344E-002
 -1.167382707761444E-002
 -9.664448244440571E-002
 -7.579951601417889E-002
 -6.973420786649420E-002
 -6.522615513516161E-002
 -1.943678651242475E-002
 -0.108293396565247     
 -0.104854428989539     
  5.538532075751568E-002
  5.904800262053245E-002
  5.265685014337718E-002
  5.064095143348502E-002
  4.415789622182709E-002
  4.656654574750885E-002
  3.086532758534466E-002
  3.787455542282570E-002
  4.528284321059783E-002
  4.438570851474311E-002
  3.394813245491013E-002
  5.415351225220100E-002
  4.473172551960758E-002
  4.996603680811251E-002
  5.351703286355036E-002
  5.120240390330733E-002
  5.073551857787595E-002
  5.203616484650053E-002
  6.077358924585285E-002
  5.091261001366287E-002
  4.331770407600477E-002
  3.866069289035712E-002
  3.981247293568346E-002
  3.913829754780329E-002
  3.103013516557196E-002
  3.337992059737538E-002
  2.883704707127610E-002
  3.462150995988778E-002
  5.904793175090040E-002
  4.848479738984490E-002
  5.379859475374382E-002
  6.111307971944269E-002
  3.335210217475892E-002
  5.329012612969897E-002
  5.383770568513802E-002
  6.352733467141514E-002
  5.641147306289562E-002
  3.393022892959618E-002
  4.600610034403940E-002
  3.466037616296225E-002
  3.822786438762138E-002
  4.319483581736494E-002
  3.903198666651120E-002
  3.260193530404376E-002
  4.935947070727298E-002
  2.403763550442939E-002
  3.565914471806542E-002
  3.861715832657053E-002
  4.394290643425380E-002
  3.688621342517862E-002
  4.058979055269007E-002
  3.270753890236489E-002
  2.975349621139867E-002
  4.745745398811352E-002
  4.187030012880355E-002
  3.966654610248499E-002
  2.261895553779469E-002
  4.168362712147311E-002
  3.052824116053054E-002
  3.896414546485449E-002
  2.747433541109567E-002
  3.012630636295577E-002
  3.024832760353302E-002
  3.456106607491616E-002
  4.191752471024457E-002
  2.949502615423660E-002
  2.708755797801909E-002
  3.952607726089707E-002
  4.016339170481076E-002
  2.868962638687100E-002
  2.992840742932956E-002
  3.493717701936050E-002
  2.598702056573432E-002
  3.577611591438501E-002
