 excitation energies, transition moments and TDA amplitudes
 state    eV      nm       fL        Rv(corr)
    1    2.242   553.0     0.5665    -1.3156    -0.81( 143-> 144)  0.33( 142-> 145) -0.30( 142-> 144)
    2    2.331   531.9     0.2417     1.4537     0.81( 142-> 144) -0.30( 143-> 144)  0.28( 143-> 146)
    3    3.019   410.7     0.0078    -4.3046    -0.94( 141-> 144) -0.16( 141-> 145) -0.13( 140-> 144)
    4    3.509   353.3     0.0138    28.0304    -0.72( 140-> 144) -0.42( 143-> 145)  0.33( 138-> 144)
    5    3.668   338.0     0.0868     1.4100     0.52( 138-> 144)  0.43( 143-> 145)  0.34( 142-> 145)
    6    3.752   330.4     0.0490    19.8717     0.46( 140-> 144)  0.38( 138-> 144) -0.37( 137-> 144)
    7    3.855   321.6     0.2610    -3.9786    -0.57( 142-> 145)  0.48( 143-> 145) -0.44( 143-> 146)
    8    3.941   314.6     0.0021   -11.8050    -0.55( 135-> 144) -0.36( 137-> 144)  0.31( 135-> 145)
    9    4.052   306.0     0.0058    -2.3534     0.75( 143-> 147) -0.39( 143-> 149)  0.28( 136-> 144)
