           6           1  0.306640679106813     
           7           2   1.30623456110418     
           7           6   1.29345060017360     
           8           7  0.923669151249307     
           9           8  0.945647285797669     
          10           3   1.39718308783846     
          10           6   1.29056687434276     
          10           9  0.920262280928391     
          11           9  0.991766054557370     
          12           8  0.939758187699294     
          13          12  0.962861286379071     
          14          13  0.947152712450784     
          15          14   1.81501850083675     
          16          14   1.08540721442885     
          17           1  0.584188762368389     
          18           3   1.24810931345141     
          18          17   1.09754661259535     
          19          18   1.26935631616704     
          20          19   1.36042046492805     
          21           4   1.28341559040938     
          21          17   1.18202660899494     
          21          20   1.17816608813782     
          22          19   1.00020754112198     
          23          20  0.970441680467308     
          24          23   1.84642206748066     
          25          23  0.946468773802813     
          26           1  0.398103825778131     
          27           4   1.43000125988814     
          27          26   1.19871527628213     
          28          27  0.933767611804404     
          29          28  0.954575836847018     
          30           5   1.44319598846635     
          30          26   1.26132385726468     
          30          29  0.923757456197849     
          31          28  0.961876424103257     
          32          29  0.963271320641762     
          33          32  0.978804896442830     
          34           1  0.507219819144134     
          35           5   1.24894805444300     
          35          34   1.13441026028021     
          36          35   1.24098177427444     
          37          36   1.33275103099323     
          38           2   1.32371368973897     
          38          34   1.19730112717682     
          38          37   1.10592116604856     
          39          36  0.984825504686100     
          40          37   1.14605224691056     
          41          40   1.76221987545463     
          42           2  0.929400483053428     
          42          40  0.838881145184928     
          43          42  0.927691389321865     
          44          43   1.84895810927624     
          45          43   1.05878538846761     
          46          45  0.970857710733357     
          47          16  0.974331924721072     
          48          47  0.964116453040392     
          49          48   1.90759218991039     
          50          49  0.981985480753673     
          51          49  0.966518573130295     
          52          51  0.960641325024546     
          53          52  0.992372003576434     
          54          53  0.975250399560927     
          55          54  0.974563749566341     
          56          54  0.961033202672954     
          57          56  0.980247214789038     
          58          57  0.992109344348258     
          59          58  0.957600248401367     
          60          59  0.989199464659452     
          61          59  0.986940853130105     
          62          61  0.959127259595374     
          63          62   1.01242405943500     
          64          63  0.963278653908906     
          65          64  0.981070021564963     
          66          64  0.985448710381673     
          67           3  0.937740526393022     
          68           4  0.924803940354917     
          69           5  0.935857678660262     
          70           8  0.939214666007129     
          71           9  0.942886341028570     
          72          11  0.968540341870362     
          73          11  0.978281765800487     
          74          11  0.975212425805633     
          75          12  0.964366094765462     
          76          12  0.960436272533155     
          77          13  0.964973390884019     
          78          13  0.949809833923507     
          79          22  0.969055374236800     
          80          22  0.961504244081667     
          81          22  0.967200850130115     
          82          25  0.969861573798790     
          83          25  0.953115880977002     
          84          25  0.967631820871780     
          85          28  0.941403960163262     
          86          29  0.939305339252500     
          87          31  0.980068915670857     
          88          31  0.978420270702186     
          89          31  0.976786541854743     
          90          32  0.961226549907712     
          91          32  0.969380631898204     
          92          33  0.985114165799666     
          93          33  0.982961907730360     
          94          33  0.984931437108120     
          95          39  0.975018134443028     
          96          39  0.976008814774705     
          97          39  0.963157493642802     
          98          42  0.929039757764028     
          99          46  0.987715883514079     
         100          46  0.985885028610048     
         101          46  0.978095163219886     
         102          47  0.955980886864869     
         103          47  0.967020496983488     
         104          48  0.941536689391392     
         105          50  0.972633973977673     
         106          50  0.976469414621509     
         107          50  0.972047340794571     
         108          51  0.956011426159766     
         109          51  0.962086950592656     
         110          52  0.966519432291196     
         111          52  0.963644487851457     
         112          53  0.964730259230864     
         113          53  0.951804653925580     
         114          54  0.953345549530982     
         115          55  0.973735791830485     
         116          55  0.980209432666512     
         117          55  0.978693984763255     
         118          56  0.961199307391562     
         119          56  0.962600022308451     
         120          57  0.965701125521680     
         121          57  0.963199627140034     
         122          58  0.956507047905365     
         123          58  0.969217248480707     
         124          59  0.947779582374361     
         125          60  0.979507572607788     
         126          60  0.974644098468452     
         127          60  0.978399308489235     
         128          61  0.966704038793494     
         129          61  0.966111890404572     
         130          62  0.972082630111201     
         131          62  0.959922938795893     
         132          63  0.957770394053605     
         133          63  0.962244833047242     
         134          64  0.953745706771246     
         135          65  0.976371627288312     
         136          65  0.978333713411655     
         137          65  0.981544327859393     
         138          66  0.975143879472783     
         139          66  0.978819273917922     
         140          66  0.980719795993995     
