  0.326916855682486     
  6.441199907744277E-003
 -5.765845719478513E-002
 -2.569121147404818E-002
 -2.410379563773279E-002
 -0.160636575970183     
  2.081790674195449E-002
 -2.205459506716867E-002
 -2.888344783230945E-002
  8.416907933761486E-003
 -8.757027418290608E-002
 -5.530713160260259E-002
 -5.943826517936657E-002
  0.232032201339257     
 -0.248718549154280     
 -0.187539279394517     
 -0.213084062654371     
  1.226035282260751E-002
 -6.019711156958341E-002
 -5.532059630582964E-002
  5.856837320143837E-002
 -6.802276305415855E-002
  0.146883714358518     
 -0.267523955329342     
 -9.942609014703674E-002
 -0.147842231776379     
  3.084300046529442E-002
 -2.369488046865875E-002
 -3.045922038504845E-002
  6.193600315180303E-002
 -8.148849490990262E-002
 -6.278682993610918E-002
 -8.529274261239639E-002
 -0.234818537884157     
  4.409945732675169E-002
  4.010292801848570E-002
 -7.814586673135437E-002
  5.757842881661723E-002
 -5.713166977322093E-002
  0.146596620725767     
 -0.235133061843760     
 -1.352739818648008E-002
  0.204001303875485     
 -0.253956878038951     
 -0.145195755857538     
 -9.930140703673374E-005
  3.922792919765827E-002
 -7.239729805178374E-002
 -3.607659648457506E-002
 -9.748805858563347E-002
 -6.148344894675972E-002
 -5.117197930547501E-002
 -7.210350978590618E-002
 -2.652894644496673E-002
 -9.681129925268372E-002
 -5.466700038963701E-002
 -6.749974330782482E-002
 -6.279412851618815E-002
 -2.496515119087395E-002
 -0.102958998558049     
 -7.900789263430674E-002
 -6.718881801540011E-002
 -8.491326276116151E-002
 -3.631286222054442E-002
 -0.100849599593896     
 -0.110541623971651     
  6.436807411044332E-002
  5.219913468768422E-002
  4.107355618908759E-002
  4.227603221305964E-002
  4.510745229708912E-002
  3.473506402968696E-002
  4.000914043091341E-002
  4.898843236758599E-002
  3.388233211278846E-002
  4.286909877772216E-002
  4.020837354547724E-002
  4.655085956387817E-002
  5.388951702232680E-002
  5.202232081601810E-002
  4.697310865944038E-002
  3.985159765564228E-002
  4.927101601814621E-002
  4.460273701612283E-002
  5.438599403534372E-002
  5.004622818052296E-002
  4.184490496806392E-002
  4.400476239922135E-002
  4.047466961415913E-002
  3.036469448831725E-002
  3.693846091319375E-002
  4.525112053583069E-002
  4.919804075911560E-002
  4.005775915068543E-002
  4.322769467744136E-002
  5.092207499997869E-002
  5.541237987312086E-002
  6.021113578184201E-002
  5.235477819880840E-002
  4.797993800955269E-002
  3.232766634666584E-002
  6.252741063385903E-002
  5.936736891625616E-002
  3.852534739086300E-002
  5.134181855421660E-002
  3.795100873678803E-002
  3.929860279537922E-002
  3.871756049318675E-002
  5.087153779996734E-002
  4.296237478377740E-002
  3.704552422630603E-002
  3.206754080541208E-002
  3.036789125180828E-002
  3.294140544019430E-002
  3.827653150953647E-002
  2.828218670746163E-002
  3.734790419973721E-002
  3.593133621612843E-002
  3.349717175597022E-002
  3.732158608401759E-002
  2.432935054364016E-002
  4.503348542823171E-002
  2.499966629052386E-002
  3.583965534085565E-002
  3.580545824868919E-002
  3.637818630093226E-002
  3.047149114141667E-002
  3.567111987955396E-002
  3.065755518748026E-002
  3.105193768318437E-002
  4.028555495206054E-002
  3.230385089564713E-002
  3.219147965914215E-002
  3.334431988725595E-002
  3.488707167004612E-002
  4.092218222390431E-002
  3.695902023247954E-002
  2.191047879056640E-002
  4.606193003666925E-002
  3.216001287477399E-002
