 excitation energies, transition moments and TDA amplitudes
 state    eV      nm       fL        Rv(corr)
    1    2.202   563.1     0.5880    -7.5481     0.84( 140-> 141) -0.33( 139-> 143) -0.27( 139-> 141)
    2    2.359   525.7     0.1854     3.3376    -0.80( 139-> 141) -0.40( 140-> 143) -0.26( 140-> 141)
    3    3.164   391.9     0.0038     3.9140    -0.92( 138-> 141) -0.22( 139-> 142) -0.18( 137-> 142)
    4    3.434   361.0     0.0045    -1.4464    -0.77( 137-> 141)  0.44( 140-> 143)  0.21( 140-> 142)
    5    3.546   349.7     0.0106    22.8552    -0.88( 140-> 144)  0.36( 140-> 142) -0.20( 140-> 143)
    6    3.604   344.1     0.0957    -9.5518    -0.76( 140-> 142) -0.42( 140-> 144)  0.33( 140-> 143)
    7    3.837   323.1     0.3392    11.2505    -0.62( 139-> 142)  0.37( 139-> 144)  0.36( 140-> 143)
    8    3.947   314.1     0.1959   -27.7511    -0.56( 139-> 144) -0.43( 139-> 142)  0.36( 139-> 143)
    9    4.017   308.6     0.2595    18.2957     0.50( 139-> 144) -0.36( 140-> 145) -0.33( 140-> 143)
