           6           1  0.410906391232728     
           7           2   1.32275883088878     
           7           6   1.23661901160843     
           8           7  0.937234404750013     
           9           8  0.959948125634595     
          10           3   1.32282128570488     
          10           6   1.27674206863828     
          10           9  0.934607072470768     
          11           9  0.969499213762676     
          12           8  0.946258426190497     
          13          12  0.979039126856087     
          14          13  0.923186776873497     
          15          14   1.87261796013586     
          16          14   1.04987874208653     
          17           1  0.481861834607111     
          18           3   1.34475134800005     
          18          17   1.08067698672985     
          19          18   1.19818654013131     
          20          19   1.41993544181615     
          21           4   1.27630884350599     
          21          17   1.27786092209715     
          21          20   1.04864645153673     
          22          19  0.954928730579049     
          23          20   1.07178001959328     
          24          23   1.78752576600113     
          25          23  0.941970315893883     
          26           1  0.398422349924754     
          27           4   1.44303737700875     
          27          26   1.19600272020131     
          28          27  0.938087913057816     
          29          28  0.940316994233326     
          30           5   1.42127365832503     
          30          26   1.28719278238617     
          30          29  0.916253626311424     
          31          28  0.963064944875866     
          32          29  0.956407592001435     
          33          32  0.991872095911469     
          34           1  0.485293553473339     
          35           5   1.27988892123125     
          35          34   1.05446960488290     
          36          35   1.27477252089227     
          37          36   1.30459084653464     
          38           2   1.29489093354430     
          38          34   1.27385878505766     
          38          37   1.12051887216182     
          39          36   1.04323015459319     
          40          37   1.05031841677435     
          41          40   1.80269167976753     
          42           2  0.939301868821295     
          42          40  0.888916175297005     
          43          42  0.922640264670383     
          44          43   1.81943895261270     
          45          43   1.04955631514887     
          46          45  0.989740059342648     
          47          16  0.941842730835725     
          48          47  0.989641040541753     
          49          48   1.90119702164433     
          50          49  0.974043159462452     
          51          49  0.957488312329386     
          52          51  0.966578113208080     
          53          52  0.994149616305224     
          54          53  0.961228035138172     
          55          54  0.995383833862393     
          56          54  0.964682591866038     
          57          56  0.994160385595778     
          58          57  0.979676223435831     
          59          58  0.975784502352611     
          60          59  0.973303709754421     
          61          59  0.959439368853232     
          62          61  0.996146780424454     
          63          62  0.962393719217291     
          64          63  0.975227221211627     
          65          64  0.992483561384860     
          66          64  0.982689325335575     
          67           3  0.935580119267520     
          68           4  0.929228833253272     
          69           5  0.931628917554866     
          70           8  0.936720008654781     
          71           9  0.940149018129080     
          72          11  0.975693874139747     
          73          11  0.976323702401682     
          74          11  0.978651350789702     
          75          12  0.967186325542051     
          76          12  0.956645998182639     
          77          13  0.956071898649577     
          78          13  0.949965697959815     
          79          22  0.976253308814287     
          80          22  0.971799984069477     
          81          22  0.980904734940936     
          82          25  0.970717206847621     
          83          25  0.961119708027402     
          84          25  0.972552515981598     
          85          28  0.943913823846717     
          86          29  0.943713769909052     
          87          31  0.978261444485667     
          88          31  0.978145544557917     
          89          31  0.981853772528660     
          90          32  0.969515213730755     
          91          32  0.966140843516956     
          92          33  0.986279920733311     
          93          33  0.983776225962055     
          94          33  0.974942691803670     
          95          39  0.962317803573908     
          96          39  0.943311489021901     
          97          39  0.965064011547489     
          98          42  0.925311201960966     
          99          46  0.973605092331734     
         100          46  0.980239177718958     
         101          46  0.987124439224001     
         102          47  0.957466692504082     
         103          47  0.960833325999086     
         104          48  0.935413594914111     
         105          50  0.973560724464257     
         106          50  0.972940248789396     
         107          50  0.973440582335551     
         108          51  0.966194018932604     
         109          51  0.957458521145613     
         110          52  0.964857613728332     
         111          52  0.965632763100975     
         112          53  0.959666600372354     
         113          53  0.965164898257319     
         114          54  0.951341788478602     
         115          55  0.975157814094289     
         116          55  0.976697535951192     
         117          55  0.979611010014141     
         118          56  0.956044913935810     
         119          56  0.960043544348868     
         120          57  0.960976030566993     
         121          57  0.964807100122785     
         122          58  0.959828614025492     
         123          58  0.969329046469451     
         124          59  0.949950289277059     
         125          60  0.978465882548847     
         126          60  0.982874661840478     
         127          60  0.981070334194466     
         128          61  0.957527027028789     
         129          61  0.957184799883322     
         130          62  0.965204263732068     
         131          62  0.965873146283423     
         132          63  0.968725710528074     
         133          63  0.962365438361361     
         134          64  0.956600872008148     
         135          65  0.982500803799311     
         136          65  0.977435931653436     
         137          65  0.977963833293597     
         138          66  0.982570499115653     
         139          66  0.976191423526757     
         140          66  0.979878224661477     
