  0.324901732433793     
  1.197966774705295E-002
 -2.013422383093921E-002
 -5.203282876408899E-002
 -4.667732311131267E-002
 -0.161450865794897     
  2.186352734962727E-002
 -2.998192949686906E-002
 -2.296152808205854E-002
  6.253042853724677E-002
 -9.034224493354071E-002
 -5.621412317962982E-002
 -8.045186774853796E-002
  0.236717124786970     
 -0.251490507898080     
 -0.141465660162344     
 -0.211880551544642     
  1.524287547593595E-002
  2.898593599874211E-003
 -6.340953884650880E-002
  5.428890716337209E-002
 -6.329603311000120E-002
  9.717900260246060E-002
 -0.261790533758588     
 -7.670438074220964E-002
 -0.196856385548152     
  6.396197891922029E-002
 -3.567441888416223E-002
 -4.302584523911435E-002
  4.289732995404050E-002
 -8.796206390894667E-002
 -5.706193823150585E-002
 -8.617593778794763E-002
 -0.213899405471828     
  2.584364088506508E-002
 -1.004504906553283E-002
 -7.189117856483751E-002
  1.871705977611304E-002
 -6.161355759491904E-002
  0.149240473249223     
 -0.211231923829899     
 -4.172348561695838E-002
  0.224173468584127     
 -0.265573834303731     
 -0.154406298116002     
  1.752889841501215E-002
  5.529976993250774E-002
 -9.296803294862332E-002
 -5.881914845647707E-002
 -8.892742143789167E-002
 -7.535664964560240E-002
 -5.985447410844102E-002
 -6.051604455061366E-002
 -1.484763179302018E-002
 -0.107220310178223     
 -6.810376465964918E-002
 -6.058420811258092E-002
 -6.290620275368930E-002
 -2.916580416169534E-002
 -0.118028358045096     
 -5.449403971754130E-002
 -6.753580077239629E-002
 -6.935889642644710E-002
 -4.079382167349177E-002
 -9.989315290081535E-002
 -0.116947130755394     
  6.056025653086528E-002
  5.272937611636008E-002
  6.236682761762580E-002
  4.383774168320209E-002
  4.702393556932671E-002
  3.824698952476913E-002
  3.662648286448100E-002
  3.763906501559233E-002
  3.523112033333242E-002
  5.474518578806775E-002
  3.125186825400850E-002
  4.063306271405887E-002
  5.099258323657596E-002
  4.446825549136757E-002
  5.755695526848259E-002
  6.367464813593726E-002
  6.164739945442155E-002
  4.362145506377046E-002
  4.301099901757488E-002
  5.217065666417919E-002
  4.125068781922381E-002
  4.268288879756077E-002
  3.779455484065186E-002
  3.634038207008417E-002
  3.911841124162085E-002
  4.251570600349619E-002
  3.180975157409238E-002
  3.265015699364371E-002
  6.850413539845268E-002
  5.162328757827883E-002
  5.343528842238965E-002
  6.062275351767388E-002
  5.323464749317697E-002
  5.043462128890530E-002
  4.730562795347060E-002
  6.302398907160900E-002
  7.304610126795008E-002
  3.389645713699185E-002
  4.539148541975080E-002
  4.198280510489183E-002
  4.988033725418872E-002
  2.787645009545447E-002
  2.817391032634786E-002
  3.480519176382846E-002
  3.575772025818535E-002
  2.697985110787438E-002
  3.926483290206739E-002
  4.103572143386269E-002
  3.195088923515765E-002
  3.520221651940325E-002
  3.273949464320047E-002
  3.519473970717946E-002
  4.016485055210750E-002
  4.043566381673769E-002
  3.168122964195674E-002
  3.954549622822523E-002
  3.844244422549836E-002
  3.266062018717864E-002
  3.977277842799065E-002
  3.624563615207188E-002
  2.504123269626135E-002
  3.182231989702955E-002
  3.872658919323013E-002
  2.288908084558450E-002
  3.331781199467998E-002
  4.054531964877561E-002
  4.363001806854727E-002
  2.922652276092774E-002
  3.200350027279097E-002
  3.473781461237058E-002
  4.015567170902667E-002
  3.451120704195587E-002
  2.917385675801309E-002
  3.019225353817889E-002
