 excitation energies, transition moments and TDA amplitudes
 state    eV      nm       fL        Rv(corr)
    1    2.228   556.5     0.7861     1.5974     0.87( 144-> 145) -0.42( 143-> 147)  0.10( 137-> 146)
    2    2.281   543.7     0.1669    -2.4716     0.86( 143-> 145)  0.37( 144-> 147)  0.26( 140-> 145)
    3    3.114   398.1     0.0003    -6.0290    -0.95( 142-> 145)  0.18( 140-> 145)  0.13( 139-> 145)
    4    3.326   372.7     0.0461     7.9179     0.85( 140-> 145) -0.33( 144-> 147) -0.23( 138-> 145)
    5    3.747   330.9     0.0111    -0.4713     0.63( 139-> 145)  0.47( 138-> 145) -0.42( 137-> 145)
    6    3.813   325.2     0.0919     3.7316     0.69( 144-> 146)  0.51( 144-> 148)  0.33( 144-> 149)
    7    3.882   319.4     0.0580     0.7044    -0.54( 144-> 148)  0.54( 144-> 146) -0.37( 144-> 149)
    8    3.996   310.3     0.0488    -0.2803    -0.59( 143-> 146)  0.40( 137-> 145)  0.29( 143-> 149)
    9    4.032   307.5     0.1863   -24.9462     0.52( 143-> 148)  0.41( 143-> 149)  0.39( 144-> 147)
