           6           1  0.333963526470594     
           7           2   1.35171752703484     
           7           6   1.27127805775335     
           8           7  0.944463495074662     
           9           8  0.942620323491962     
          10           3   1.47646746608805     
          10           6   1.22765822405070     
          10           9  0.957337409508527     
          11           9  0.957103576455555     
          12           8  0.942114270480539     
          13          12  0.950489644823301     
          14          13  0.920968586440519     
          15          14   1.85875186200830     
          16          14   1.07012505421902     
          17           1  0.558777010965246     
          18           3   1.22153396012073     
          18          17   1.10178188225390     
          19          18   1.23821851575154     
          20          19   1.34327805920218     
          21           4   1.24246642188842     
          21          17   1.22027013160633     
          21          20   1.15387206279531     
          22          19   1.01249229924481     
          23          20   1.01230361136577     
          24          23   1.79882382133417     
          25          23  0.955676268949026     
          26           1  0.382118480742030     
          27           4   1.43379333045952     
          27          26   1.26897381867378     
          28          27  0.941907449536719     
          29          28  0.958934079212585     
          30           5   1.48351014750620     
          30          26   1.18589773567966     
          30          29  0.951074604866147     
          31          28  0.961500667358581     
          32          29  0.930398971066030     
          33          32   1.00215322304555     
          34           1  0.529853635488243     
          35           5   1.19878126560872     
          35          34   1.17607365232414     
          36          35   1.22997059128013     
          37          36   1.33817413707879     
          38           2   1.25259738837494     
          38          34   1.17941718412006     
          38          37   1.15511286428792     
          39          36   1.00555722816118     
          40          37   1.09658615707010     
          41          40   1.85253356969900     
          42           2  0.943780094184135     
          42          40  0.788130761975028     
          43          42  0.952661264186345     
          44          43   1.80424800391884     
          45          43   1.07452504824534     
          46          45  0.971224279371794     
          47          16  0.957191844761341     
          48          47  0.997645051210730     
          49          48   1.90057083785232     
          50          49  0.972263698657417     
          51          49  0.951631348859993     
          52          51  0.970323834790072     
          53          52   1.00308905838964     
          54          53  0.956279299396711     
          55          54  0.975740556641429     
          56          54  0.984629325963474     
          57          56  0.964069566195430     
          58          57  0.990856123484608     
          59          58  0.944199914082222     
          60          59  0.981764471788171     
          61          59  0.999198699232277     
          62          61  0.961321884679112     
          63          62   1.00641089211859     
          64          63  0.951818507161061     
          65          64  0.988197200495037     
          66          64  0.978550781437214     
          67           3  0.934589287153076     
          68           4  0.931150133719499     
          69           5  0.937696521714082     
          70           8  0.937140275315420     
          71           9  0.936168408379618     
          72          11  0.976270053732940     
          73          11  0.980605943212355     
          74          11  0.976986236270141     
          75          12  0.961831092262427     
          76          12  0.955741979412833     
          77          13  0.970352231269115     
          78          13  0.956109951889508     
          79          22  0.958476357363383     
          80          22  0.961119231429258     
          81          22  0.967165651288533     
          82          25  0.958394415985345     
          83          25  0.969780377425901     
          84          25  0.968891931513099     
          85          28  0.935218337560373     
          86          29  0.929715909748132     
          87          31  0.984528759458408     
          88          31  0.978896533278192     
          89          31  0.979462182504722     
          90          32  0.966895447658977     
          91          32  0.967831192746597     
          92          33  0.980338367624804     
          93          33  0.985523743473222     
          94          33  0.981518696264838     
          95          39  0.970648326927012     
          96          39  0.951646758590196     
          97          39  0.967363466404036     
          98          42  0.928744300256627     
          99          46  0.982827534240371     
         100          46  0.984913318331425     
         101          46  0.989928023504676     
         102          47  0.952859350723282     
         103          47  0.949693187057495     
         104          48  0.940047470924072     
         105          50  0.970697805722072     
         106          50  0.980300702410289     
         107          50  0.974795163390989     
         108          51  0.963322069156801     
         109          51  0.964685653132187     
         110          52  0.971522013301990     
         111          52  0.963094828917862     
         112          53  0.962078478184894     
         113          53  0.964175735530477     
         114          54  0.953873767766375     
         115          55  0.979065358074915     
         116          55  0.981685481128733     
         117          55  0.979483400932991     
         118          56  0.962316357761682     
         119          56  0.959914339435086     
         120          57  0.969586906995413     
         121          57  0.968348979732449     
         122          58  0.959568350964403     
         123          58  0.966494643613322     
         124          59  0.953806756508975     
         125          60  0.979846188144903     
         126          60  0.974051360030192     
         127          60  0.979393299666714     
         128          61  0.963822436644134     
         129          61  0.956094287256833     
         130          62  0.965737242272377     
         131          62  0.969532780305289     
         132          63  0.967797726557452     
         133          63  0.960752640008878     
         134          64  0.961036180271692     
         135          65  0.979566359193217     
         136          65  0.983585421942824     
         137          65  0.975993454282772     
         138          66  0.983727997123237     
         139          66  0.980887976292811     
         140          66  0.981417196765277     
