  0.339086076278410     
  1.155541999113296E-002
 -4.740037829222121E-002
 -3.989104966123058E-002
 -3.029438028147524E-002
 -0.171364649312212     
  3.136462999585188E-002
 -2.389559768538874E-002
 -2.733598230233181E-002
  2.855377002212744E-002
 -8.639448302975250E-002
 -2.581946849659467E-002
 -8.023211495895310E-002
  0.200066608115821     
 -0.254591597822178     
 -0.160861161376163     
 -0.212468451017223     
  2.647648748346620E-002
 -2.273954213449159E-002
 -4.651196663041723E-002
 -6.742618789973065E-003
 -6.379407457876329E-002
  0.135379724984650     
 -0.254296721460113     
 -8.791037911699018E-002
 -0.162921343608733     
  2.363209258090304E-003
 -2.498741730784637E-002
 -3.042587601034263E-003
  5.118112313133594E-002
 -0.104052724804379     
 -5.290950808547201E-002
 -9.120832377255450E-002
 -0.217711567840386     
  3.376733660461406E-002
  1.130110537609363E-002
 -5.264275231356930E-002
  4.793478401887086E-002
 -5.395099782262669E-002
  0.145768849811399     
 -0.246201017124978     
 -7.718272154578454E-002
  0.242908602672463     
 -0.247310880094143     
 -0.157651500166320     
  1.137493024963243E-002
  5.821098879997599E-002
 -6.838274960601787E-002
 -2.731624257163201E-002
 -9.391193724009295E-002
 -5.518002132371702E-002
 -5.335859662253295E-002
 -6.202208241597251E-002
 -1.333753927745374E-002
 -0.110915190010929     
 -9.168734105900622E-002
 -6.947224794981643E-002
 -7.537495010138606E-002
 -2.687410263864454E-002
 -0.103401771249791     
 -7.127246166890622E-002
 -5.478301347285086E-002
 -5.141021337363050E-002
 -3.334425863372648E-002
 -0.110564920619607     
 -0.115930527052098     
  5.970227909194603E-002
  5.250290970073412E-002
  4.085806884608623E-002
  5.476954933760336E-002
  4.449892650100518E-002
  4.014658963882900E-002
  4.545736437152437E-002
  3.717775333117856E-002
  4.066237443161724E-002
  5.505599549642104E-002
  3.520988564564076E-002
  3.630538063504385E-002
  4.660103010310601E-002
  5.693131871493129E-002
  4.927692582936916E-002
  5.015256062740281E-002
  4.332258381362752E-002
  5.103214345694607E-002
  5.203983251590827E-002
  6.860845510235947E-002
  4.524026753458266E-002
  3.185803061693093E-002
  3.207427754200054E-002
  4.185840694789278E-002
  3.909601469389457E-002
  3.490375961844527E-002
  3.240695120460113E-002
  3.961487572919209E-002
  5.096818971385209E-002
  5.468597177714707E-002
  6.010224271773046E-002
  4.327670266819916E-002
  6.258602584738215E-002
  4.998916204235515E-002
  6.001773872358840E-002
  5.690658772936574E-002
  6.887320103411254E-002
  4.084382283863419E-002
  4.025332353440436E-002
  4.293264462177182E-002
  3.948353472298938E-002
  3.608324715537714E-002
  3.976901797909738E-002
  3.370686190971461E-002
  3.189068493498459E-002
  3.469493747824237E-002
  2.809923062211539E-002
  3.544645957402170E-002
  2.888205892456031E-002
  3.664698143297063E-002
  2.813284925941983E-002
  4.150552930941720E-002
  2.735769141064015E-002
  4.038934913568804E-002
  3.744240071457638E-002
  2.556918617617066E-002
  3.419629530846047E-002
  3.114063826959024E-002
  2.909758816524743E-002
  3.594859665905858E-002
  3.954372508012760E-002
  3.487857123326732E-002
  3.385226277786357E-002
  3.088973426476715E-002
  3.794511722180482E-002
  3.972167666799964E-002
  4.103336739424135E-002
  4.083398090272938E-002
  3.623464889652406E-002
  3.104759606607066E-002
  2.988050882515125E-002
  2.966154801644294E-002
  2.722450925664555E-002
  2.853396905487404E-002
