 excitation energies, transition moments and TDA amplitudes
 state    eV      nm       fL        Rv(corr)
    1    2.240   553.4     0.5598     0.0302     0.78( 141-> 142)  0.42( 140-> 142) -0.32( 140-> 144)
    2    2.351   527.4     0.2817    -4.8543    -0.73( 140-> 142)  0.40( 141-> 142) -0.39( 141-> 144)
    3    2.918   424.9     0.0227   -12.7210     0.83( 141-> 145) -0.42( 141-> 144)  0.25( 141-> 143)
    4    3.310   374.5     0.0445    74.7030    -0.82( 140-> 145)  0.44( 140-> 144) -0.28( 139-> 142)
    5    3.381   366.7     0.0032   -36.1857     0.78( 139-> 142) -0.34( 140-> 143) -0.30( 141-> 143)
    6    3.517   352.5     0.0487    14.5047     0.67( 141-> 143)  0.47( 141-> 144)  0.41( 139-> 142)
    7    3.615   342.9     0.0847   -10.4854     0.51( 141-> 143)  0.46( 138-> 142) -0.38( 141-> 145)
    8    3.910   317.1     0.0349    -3.5399    -0.42( 136-> 142)  0.36( 134-> 142) -0.35( 133-> 142)
    9    3.932   315.3     0.1707    -7.0053     0.53( 141-> 146)  0.43( 136-> 142)  0.37( 138-> 142)
