           6           1  0.369340148945923     
           7           2   1.39282942828315     
           7           6   1.24348078688016     
           8           7  0.897388446211878     
           9           8  0.942159571519327     
          10           3   1.36212841939168     
          10           6   1.29465964596120     
          10           9  0.926602105604083     
          11           9  0.977016620296579     
          12           8  0.973827907216204     
          13          12  0.968846043943919     
          14          13  0.893817848564759     
          15          14   1.84984631243441     
          16          14   1.08502982843324     
          17           1  0.527232272083539     
          18           3   1.33044181585417     
          18          17   1.16946568222225     
          19          18   1.11968691549997     
          20          19   1.44476811216525     
          21           4   1.29583308767680     
          21          17   1.17617901622404     
          21          20   1.07348201811674     
          22          19  0.994460560964047     
          23          20   1.04152432139244     
          24          23   1.78036231003489     
          25          23  0.976447144883224     
          26           1  0.438724950531117     
          27           4   1.43634096556205     
          27          26   1.22061501157232     
          28          27  0.902092539647323     
          29          28  0.955492240267038     
          30           5   1.40106966619346     
          30          26   1.22681067552815     
          30          29  0.951080239583352     
          31          28  0.968070770029664     
          32          29  0.940323292123109     
          33          32  0.998441468859835     
          34           1  0.442186054694857     
          35           5   1.33031712316457     
          35          34   1.12977108686229     
          36          35   1.15114019952753     
          37          36   1.39734187558687     
          38           2   1.27626094671293     
          38          34   1.26959929155581     
          38          37   1.05554271393309     
          39          36  0.982517427678096     
          40          37   1.11849609918428     
          41          40   1.78536724036353     
          42           2  0.938323107440236     
          42          40  0.852916184748320     
          43          42  0.875820172696274     
          44          43   1.86281753896384     
          45          43   1.08821997457071     
          46          45  0.967254240549301     
          47          16  0.932257163564684     
          48          47   1.00574899129449     
          49          48   1.88111301019003     
          50          49  0.982325364909767     
          51          49  0.968836022118945     
          52          51  0.983050152367906     
          53          52  0.972151890719829     
          54          53  0.976312392030316     
          55          54  0.993265513564085     
          56          54  0.967485299652108     
          57          56  0.969214909831624     
          58          57  0.972544125663543     
          59          58  0.994219043599643     
          60          59  0.980659706250045     
          61          59  0.956700072482039     
          62          61  0.975130927403710     
          63          62   1.01717980502641     
          64          63  0.954388392597835     
          65          64  0.994289770511502     
          66          64  0.988055157973184     
          67           3  0.932915782338373     
          68           4  0.928255804227328     
          69           5  0.932437469290445     
          70           8  0.935779589155264     
          71           9  0.945155599536291     
          72          11  0.974020292959422     
          73          11  0.969874569891445     
          74          11  0.980204906494080     
          75          12  0.959586002531121     
          76          12  0.958546509015182     
          77          13  0.966785094375256     
          78          13  0.958548705935045     
          79          22  0.976790193310507     
          80          22  0.963231350032977     
          81          22  0.960567474610633     
          82          25  0.958558351756196     
          83          25  0.970048772478878     
          84          25  0.955131475877508     
          85          28  0.941817028784623     
          86          29  0.928175618857958     
          87          31  0.974499812321076     
          88          31  0.977381924524874     
          89          31  0.979787802888234     
          90          32  0.963112298026023     
          91          32  0.966539519493731     
          92          33  0.981980267346513     
          93          33  0.983527285039030     
          94          33  0.984941030218448     
          95          39  0.979408893801955     
          96          39  0.971820189978203     
          97          39  0.962618027094664     
          98          42  0.935010800562539     
          99          46  0.978420999090368     
         100          46  0.986020301485156     
         101          46  0.988336332936834     
         102          47  0.966964022791411     
         103          47  0.952930575376943     
         104          48  0.939045381245001     
         105          50  0.971261041267705     
         106          50  0.971656897357545     
         107          50  0.976430298238735     
         108          51  0.961597944767234     
         109          51  0.955128969548071     
         110          52  0.965166291755664     
         111          52  0.968978336360251     
         112          53  0.962840949556859     
         113          53  0.966091666335760     
         114          54  0.949522291103239     
         115          55  0.974695476124047     
         116          55  0.976175666388695     
         117          55  0.980311066968321     
         118          56  0.956696602171760     
         119          56  0.961428728083737     
         120          57  0.969621125245899     
         121          57  0.969141999578302     
         122          58  0.963523780711849     
         123          58  0.962144586315232     
         124          59  0.949472822847717     
         125          60  0.981195793128871     
         126          60  0.982392992744016     
         127          60  0.974518119609267     
         128          61  0.962727051284320     
         129          61  0.968751689875075     
         130          62  0.963936096293443     
         131          62  0.955605995493950     
         132          63  0.954356692126272     
         133          63  0.958026033563976     
         134          64  0.953587699847284     
         135          65  0.976579779919108     
         136          65  0.978747546349651     
         137          65  0.982116784535030     
         138          66  0.978332037731849     
         139          66  0.977683216587563     
         140          66  0.981850262712914     
