  0.313846117711934     
  1.409197003913709E-002
 -4.713034369043623E-002
 -3.407488941904369E-002
 -3.203757080809666E-002
 -0.151663656332413     
  2.125870775538719E-002
 -2.613625580745982E-002
 -2.010182626610391E-002
  4.344880353871794E-002
 -0.104058984578917     
 -5.412103014367098E-002
 -5.294508132229048E-002
  0.222879076180215     
 -0.252716200588064     
 -0.160626633804685     
 -0.218973445249213     
  1.086101637652437E-002
 -3.030387661765666E-002
 -9.693699760855168E-002
  3.438076377906230E-002
 -6.168998667539505E-002
  0.165925237694841     
 -0.232413249088935     
 -0.114359621819617     
 -0.156898008422036     
  3.888733144053358E-002
 -1.894968741793068E-002
 -4.317404830817839E-002
  4.202567225063225E-002
 -8.471628433550560E-002
 -5.080872616141985E-002
 -9.179646423583332E-002
 -0.203047358324414     
  3.520866547831369E-002
  1.176229226454373E-002
 -4.883996496115817E-002
  1.402433791877344E-002
 -7.689223169242076E-002
  0.157232263131299     
 -0.212983608875211     
 -3.090619650245774E-002
  0.225306105383449     
 -0.263428998518519     
 -0.174263426051623     
  1.005354075744469E-002
  4.208630417523862E-002
 -8.395335178364505E-002
 -2.361868358728092E-002
 -8.493437226860401E-002
 -6.021386900202419E-002
 -5.502846790207538E-002
 -8.755235335415001E-002
 -5.420821127447351E-002
 -9.648754546884852E-002
 -7.145230523975066E-002
 -5.601899688492740E-002
 -4.606525256459459E-002
 -2.405167175128664E-002
 -0.102701642199103     
 -7.769325343587052E-002
 -6.103107256376550E-002
 -8.536969704713204E-002
 -1.890602947203757E-002
 -9.198194481278765E-002
 -0.107454751289102     
  4.503084744305019E-002
  5.903517227467980E-002
  6.157703648615054E-002
  4.907297675775468E-002
  4.738984980622996E-002
  3.044349274552771E-002
  4.262485001602678E-002
  3.292146377244176E-002
  3.516786175069597E-002
  5.006470785279782E-002
  5.482698704204092E-002
  4.525454299577714E-002
  5.810259856554745E-002
  5.049966774215087E-002
  5.568689368036417E-002
  5.814422448049461E-002
  5.513211288024766E-002
  4.159729951757951E-002
  5.311724721272770E-002
  4.341218903809263E-002
  3.962225700828748E-002
  3.508108606232929E-002
  4.384151635462885E-002
  4.351730031900292E-002
  3.653913776056494E-002
  3.365746956029936E-002
  3.916806275846718E-002
  2.939626951277141E-002
  4.780525401234303E-002
  4.372607230393977E-002
  4.546346545676894E-002
  7.101707478691954E-002
  5.025167245064432E-002
  5.954505158283030E-002
  5.266581989467467E-002
  5.458197898167227E-002
  6.463163182623866E-002
  3.147259820307313E-002
  4.926889028069870E-002
  4.289462811504441E-002
  4.253449351511618E-002
  3.788383582236854E-002
  3.517092450641657E-002
  3.857846918627317E-002
  2.923735962803131E-002
  2.279418965581070E-002
  3.644433611838693E-002
  2.386088727842883E-002
  3.824967516330557E-002
  3.707086043672914E-002
  3.888849851882592E-002
  3.844999837640395E-002
  3.516269128893912E-002
  4.263845302111480E-002
  3.412392627577387E-002
  3.614403430649205E-002
  3.460495607032632E-002
  3.311124961402512E-002
  3.161067587580357E-002
  3.065063939920609E-002
  3.092979635492943E-002
  2.290027489115876E-002
  3.181785572544282E-002
  2.574105565246099E-002
  3.409390297682602E-002
  4.207470702877036E-002
  1.742640683977292E-002
  3.078949995011759E-002
  4.262130070057191E-002
  4.037873324181562E-002
  3.465705394776175E-002
  3.060575599709281E-002
  3.250191273428027E-002
  3.544225026232328E-002
