 excitation energies, transition moments and TDA amplitudes
 state    eV      nm       fL        Rv(corr)
    1    2.226   556.9     0.7325     8.9892     0.86( 144-> 145)  0.38( 143-> 147) -0.19( 143-> 145)
    2    2.367   523.7     0.2103     0.9019     0.83( 143-> 145) -0.40( 144-> 147) -0.21( 142-> 145)
    3    2.996   413.8     0.0287     0.5154    -0.94( 142-> 145) -0.16( 143-> 145)  0.15( 144-> 147)
    4    3.687   336.3     0.0008    -1.2047     0.79( 141-> 145)  0.36( 140-> 145)  0.24( 144-> 146)
    5    3.738   331.7     0.0260     8.5699     0.71( 144-> 146)  0.63( 144-> 148) -0.21( 141-> 145)
    6    3.949   314.0     0.1152    10.6179     0.56( 144-> 147)  0.48( 144-> 148) -0.35( 144-> 146)
    7    4.027   307.9     0.0577    51.8070    -0.67( 143-> 146) -0.45( 143-> 148)  0.28( 140-> 145)
    8    4.086   303.4     0.1203     0.6403    -0.52( 139-> 145)  0.37( 138-> 145) -0.35( 140-> 145)
    9    4.154   298.5     0.0346    -0.6580    -0.59( 140-> 145) -0.40( 143-> 148)  0.32( 139-> 145)
