           6           1  0.393618413222660     
           7           2   1.43606665613310     
           7           6   1.20920187149870     
           8           7  0.918429023038093     
           9           8  0.934613835584412     
          10           3   1.47833856910253     
          10           6   1.22199155944723     
          10           9  0.941934169366701     
          11           9  0.960662897707161     
          12           8  0.955450608758614     
          13          12  0.983792601236473     
          14          13  0.929526979837819     
          15          14   1.86748320926924     
          16          14   1.04010981554593     
          17           1  0.564781170211387     
          18           3   1.20692468780501     
          18          17   1.13788871883189     
          19          18   1.22748118874358     
          20          19   1.37038015376434     
          21           4   1.25425784349496     
          21          17   1.22465906188030     
          21          20   1.10238848744720     
          22          19   1.01832971609136     
          23          20  0.996802247532881     
          24          23   1.85100197290235     
          25          23  0.947423356533548     
          26           1  0.386102791148854     
          27           4   1.43576655450345     
          27          26   1.25400315918800     
          28          27  0.917449506326600     
          29          28  0.958270420883701     
          30           5   1.44263588647471     
          30          26   1.23055956844527     
          30          29  0.940636934258030     
          31          28  0.965633008279018     
          32          29  0.947382763619475     
          33          32   1.00244549383832     
          34           1  0.475983209641323     
          35           5   1.25321691827947     
          35          34   1.16335301376790     
          36          35   1.20020968919926     
          37          36   1.43682966837825     
          38           2   1.20604029389782     
          38          34   1.21225754586233     
          38          37   1.13114547105000     
          39          36  0.976606075114260     
          40          37   1.02851793714982     
          41          40   1.87241883944504     
          42           2  0.978269326186463     
          42          40  0.823304999086431     
          43          42  0.919708003603946     
          44          43   1.82339722452615     
          45          43   1.06879693141451     
          46          45  0.967877002800618     
          47          16  0.952158818118500     
          48          47  0.981050005557953     
          49          48   1.92735539901475     
          50          49  0.974928619678005     
          51          49  0.940921016166649     
          52          51  0.972146386079077     
          53          52  0.991624724502501     
          54          53  0.948891939885548     
          55          54  0.972118469643547     
          56          54  0.978017031289013     
          57          56  0.962953394885174     
          58          57   1.01099290849880     
          59          58  0.954900281315650     
          60          59  0.994141367767066     
          61          59  0.955943469891695     
          62          61  0.974311627859173     
          63          62  0.994006268109580     
          64          63  0.951446159547236     
          65          64   1.00043878704242     
          66          64  0.985698169892439     
          67           3  0.933815542734395     
          68           4  0.930420436618254     
          69           5  0.934882192619320     
          70           8  0.942732115856706     
          71           9  0.946938414166440     
          72          11  0.980822471508880     
          73          11  0.975818358106704     
          74          11  0.978965638305634     
          75          12  0.967057089616057     
          76          12  0.955241472244045     
          77          13  0.944303802889313     
          78          13  0.960323945967401     
          79          22  0.952084447743549     
          80          22  0.969898041215210     
          81          22  0.957244242178410     
          82          25  0.958297917992061     
          83          25  0.963093083001547     
          84          25  0.965973673543073     
          85          28  0.943298077030416     
          86          29  0.935455164373939     
          87          31  0.976356560687909     
          88          31  0.981359714453993     
          89          31  0.978409240038677     
          90          32  0.963180877159816     
          91          32  0.967362460364452     
          92          33  0.981812712585658     
          93          33  0.980899271044384     
          94          33  0.986081030895045     
          95          39  0.978760349091814     
          96          39  0.975441918857649     
          97          39  0.968378942910556     
          98          42  0.923175371503888     
          99          46  0.989818175384202     
         100          46  0.978471173197491     
         101          46  0.988642858647531     
         102          47  0.969412740220644     
         103          47  0.956316500390855     
         104          48  0.933773794151907     
         105          50  0.973504209253544     
         106          50  0.974076062482464     
         107          50  0.976116953831614     
         108          51  0.958694451764423     
         109          51  0.966452232148984     
         110          52  0.963588990194871     
         111          52  0.972366397567956     
         112          53  0.971691846340804     
         113          53  0.959368689499644     
         114          54  0.953992373499116     
         115          55  0.980889207813392     
         116          55  0.982393315782913     
         117          55  0.983625364042176     
         118          56  0.963588258539927     
         119          56  0.963061591527657     
         120          57  0.953180812284756     
         121          57  0.968051744570943     
         122          58  0.963796288780835     
         123          58  0.957642469742637     
         124          59  0.954254328491370     
         125          60  0.977910994674943     
         126          60  0.978478480467053     
         127          60  0.981666143862251     
         128          61  0.969675328333265     
         129          61  0.961424727254804     
         130          62  0.966532939306129     
         131          62  0.966807741767205     
         132          63  0.954575309220632     
         133          63  0.963446053799463     
         134          64  0.959448332006250     
         135          65  0.978385654048582     
         136          65  0.974596575946955     
         137          65  0.977427506534636     
         138          66  0.975949583935803     
         139          66  0.979470975473091     
         140          66  0.980630909722182     
