  0.299966521858827     
  2.978168078037635E-002
 -3.121605284663609E-002
 -2.532381999351152E-002
 -3.570592084000168E-002
 -0.152465268027620     
  4.417395135721147E-002
 -3.276606780534763E-002
 -2.303903605802127E-002
  6.180689627615399E-002
 -8.650633077997405E-002
 -4.603466984109783E-002
 -5.424629697498951E-002
  0.196886150476301     
 -0.284776265986871     
 -0.139203781716427     
 -0.230932341860762     
  2.637824233948471E-002
 -2.623166223820039E-002
 -5.854403688644272E-002
  3.448766588292873E-002
 -8.301960207543679E-002
  0.163730782143113     
 -0.249428771866550     
 -8.898951283803669E-002
 -0.177337389916725     
  2.319666139620002E-002
 -7.350265145868562E-003
 -3.323415511155403E-002
  4.515828562243618E-002
 -7.831844725618264E-002
 -5.389067089481969E-002
 -9.640486975040918E-002
 -0.236927892624770     
  3.531680274913152E-002
  1.111188149264919E-003
 -6.128888196549998E-002
  4.644845759616745E-002
 -5.818683506820932E-002
  0.143974492704577     
 -0.220130979853798     
 -6.656836883849770E-002
  0.229471113919542     
 -0.292292658903784     
 -0.159635423452834     
  2.233275468616380E-002
  5.664900724538580E-002
 -7.887783927885561E-002
 -3.811979515553698E-002
 -8.573085829512195E-002
 -5.724720318341081E-002
 -6.845702698693223E-002
 -6.079513410005877E-002
 -3.336096106303188E-002
 -0.112409539591129     
 -8.242796670884545E-002
 -5.854140503310745E-002
 -8.934658951739127E-002
 -2.377195988298553E-002
 -0.103114827820168     
 -5.924399239546752E-002
 -5.762609671987828E-002
 -8.300047834309598E-002
 -8.587112063838553E-003
 -0.109938828442775     
 -0.108396995452499     
  5.421516772178825E-002
  7.073429524701147E-002
  6.134050732741958E-002
  4.306335457884458E-002
  4.011347080539807E-002
  3.802110214947874E-002
  4.459242685809839E-002
  3.748680254093295E-002
  4.255671206391820E-002
  4.653991787152445E-002
  4.942133278951477E-002
  4.105633891933225E-002
  5.100548209578692E-002
  4.255591815703741E-002
  4.372580015208383E-002
  4.900410075700723E-002
  4.719772129046662E-002
  4.744901786087474E-002
  4.394397416968010E-002
  5.018829880997921E-002
  4.297334356925964E-002
  4.009086670818207E-002
  3.459506116639421E-002
  3.649897325600793E-002
  3.847543599810799E-002
  3.592083041933769E-002
  4.270164528203635E-002
  1.945086657149708E-002
  4.955549908449686E-002
  5.646805011766742E-002
  5.240796853932783E-002
  4.355401090829691E-002
  5.037842438618179E-002
  6.491085699116916E-002
  6.117375224881894E-002
  6.165477221050020E-002
  6.019675913570621E-002
  3.675858135369903E-002
  4.887721196679318E-002
  3.801467870621389E-002
  4.954947146353406E-002
  4.343190690899712E-002
  3.932192898191444E-002
  3.065674449864408E-002
  3.708653295763331E-002
  3.920212504686782E-002
  3.833687098030536E-002
  2.679441246621306E-002
  2.234810846281465E-002
  3.608435480836292E-002
  3.649007340434507E-002
  2.841917815857864E-002
  2.690066460764395E-002
  3.459614825098400E-002
  3.664155725962681E-002
  3.716968249143393E-002
  3.658574754038912E-002
  3.476075959135128E-002
  2.580710796054131E-002
  4.088683184468278E-002
  2.762441916600200E-002
  4.559923693218348E-002
  3.987200956137149E-002
  3.496433808936894E-002
  4.318503803018447E-002
  3.302916939140399E-002
  3.057624008954962E-002
  4.369482277925341E-002
  3.234452069179894E-002
  2.988234790218447E-002
  3.551524401037964E-002
  3.400157514616087E-002
  3.168254837789442E-002
  2.620918363129210E-002
