 excitation energies, transition moments and TDA amplitudes
 state    eV      nm       fL        Rv(corr)
    1    2.241   553.3     0.7388    -2.4097    -0.87( 143-> 144)  0.38( 142-> 146)  0.19( 142-> 145)
    2    2.363   524.7     0.1073     1.7188     0.85( 142-> 144)  0.31( 143-> 146)  0.26( 143-> 145)
    3    3.103   399.6     0.0154     8.2748    -0.95( 141-> 144) -0.15( 142-> 145) -0.11( 140-> 145)
    4    3.380   366.8     0.0109    -1.8732     0.84( 140-> 144) -0.35( 143-> 146) -0.22( 143-> 145)
    5    3.765   329.3     0.0101    11.2728     0.53( 143-> 146) -0.46( 138-> 144) -0.40( 143-> 145)
    6    3.890   318.8     0.0408     2.8634     0.64( 143-> 147)  0.57( 143-> 149)  0.41( 143-> 145)
    7    3.899   318.0     0.0203     4.7718    -0.51( 137-> 144)  0.41( 138-> 144) -0.39( 143-> 145)
    8    3.934   315.2     0.2295     6.2411    -0.56( 142-> 145)  0.43( 143-> 145)  0.43( 142-> 146)
    9    4.107   301.8     0.1310   -62.9280     0.48( 135-> 144) -0.37( 134-> 144)  0.30( 134-> 145)
