           6           1  0.382269914766982     
           7           2   1.40257894738721     
           7           6   1.21114137097296     
           8           7  0.934217853514117     
           9           8  0.967867330689357     
          10           3   1.43061057325627     
          10           6   1.28859720432365     
          10           9  0.918844695981166     
          11           9  0.978502191345869     
          12           8  0.933019800835977     
          13          12  0.964568884254378     
          14          13  0.930943206795842     
          15          14   1.80044316796859     
          16          14   1.11444872875530     
          17           1  0.538565620519230     
          18           3   1.24392243069901     
          18          17   1.19068729481218     
          19          18   1.19910981096225     
          20          19   1.37159595528059     
          21           4   1.28933660398140     
          21          17   1.09776758599471     
          21          20   1.23533850643300     
          22          19  0.997927992961469     
          23          20  0.940150139986445     
          24          23   1.84095307735494     
          25          23  0.997885308139891     
          26           1  0.482325367365185     
          27           4   1.40096078285992     
          27          26   1.19441181904704     
          28          27  0.929675736361513     
          29          28  0.947226366661658     
          30           5   1.38981470996923     
          30          26   1.23544831885128     
          30          29  0.950438296683946     
          31          28  0.991392289468103     
          32          29  0.916132415036712     
          33          32   1.00798416942399     
          34           1  0.427768904692257     
          35           5   1.29194767615120     
          35          34   1.14271942180546     
          36          35   1.21669468103502     
          37          36   1.31924576242675     
          38           2   1.25608798089664     
          38          34   1.23687222149572     
          38          37   1.13645142292588     
          39          36   1.01044460051096     
          40          37   1.09823422388927     
          41          40   1.83917686675307     
          42           2  0.938344052005884     
          42          40  0.795743595869454     
          43          42  0.933296737932392     
          44          43   1.79240793085395     
          45          43   1.11445519556287     
          46          45  0.950438605561820     
          47          16  0.949143661009329     
          48          47  0.988593975193261     
          49          48   1.87093383918089     
          50          49  0.984017519776195     
          51          49  0.976375820504330     
          52          51  0.955818720351622     
          53          52  0.994134095696494     
          54          53  0.957413800260424     
          55          54  0.962721284784570     
          56          54  0.971305281765083     
          57          56  0.978237543168589     
          58          57  0.981364345623564     
          59          58  0.969939497283473     
          60          59  0.983433259409385     
          61          59  0.968858129436184     
          62          61  0.996314636432498     
          63          62  0.980837821855684     
          64          63  0.961813869207205     
          65          64  0.997035355875140     
          66          64  0.995850368359224     
          67           3  0.937056808616074     
          68           4  0.926706474173909     
          69           5  0.937717426836480     
          70           8  0.937584327232712     
          71           9  0.939905818606572     
          72          11  0.972306362736871     
          73          11  0.977364766111422     
          74          11  0.973614304766804     
          75          12  0.967414538470207     
          76          12  0.966573910314875     
          77          13  0.954991689469180     
          78          13  0.963279450061551     
          79          22  0.973164136723416     
          80          22  0.960571693227179     
          81          22  0.968036875128253     
          82          25  0.955814681010672     
          83          25  0.966748482707512     
          84          25  0.944547704032256     
          85          28  0.935374540432481     
          86          29  0.936542341956104     
          87          31  0.975131544265507     
          88          31  0.970365255898619     
          89          31  0.970229730532532     
          90          32  0.966567269407827     
          91          32  0.967679023125391     
          92          33  0.979582548774697     
          93          33  0.978546143632344     
          94          33  0.980365263854206     
          95          39  0.964249174272473     
          96          39  0.976197222759607     
          97          39  0.956054759378256     
          98          42  0.936154748653647     
          99          46  0.991376464707539     
         100          46  0.980971268170573     
         101          46  0.984559594869258     
         102          47  0.961030584405836     
         103          47  0.954600171154169     
         104          48  0.945407826252099     
         105          50  0.973927577970273     
         106          50  0.979957316223789     
         107          50  0.967229488879388     
         108          51  0.956431663655139     
         109          51  0.963910377003155     
         110          52  0.965600075915184     
         111          52  0.961765150204495     
         112          53  0.963578346060167     
         113          53  0.959649947400751     
         114          54  0.958493584553485     
         115          55  0.986147769652155     
         116          55  0.979105345268162     
         117          55  0.981694179180700     
         118          56  0.954574303275132     
         119          56  0.967435728918283     
         120          57  0.973328292250647     
         121          57  0.963900814084417     
         122          58  0.947442907315251     
         123          58  0.957921332819500     
         124          59  0.948288572390117     
         125          60  0.983305439644006     
         126          60  0.974871900117250     
         127          60  0.976997102945370     
         128          61  0.950692386788362     
         129          61  0.961906656366002     
         130          62  0.969294473109477     
         131          62  0.953869456413026     
         132          63  0.958445124606481     
         133          63  0.965199837551829     
         134          64  0.947329882976151     
         135          65  0.977511723607785     
         136          65  0.972119642681459     
         137          65  0.970600764355706     
         138          66  0.977730164089322     
         139          66  0.974881263241412     
         140          66  0.974717520621472     
