  0.286263088438012     
  1.645378326561842E-002
 -4.445872746773549E-002
 -1.590058124862015E-002
 -4.186081772250105E-002
 -0.174574704544182     
  1.002586107767023E-002
 -1.178685635919496E-002
 -3.959341818058437E-002
  6.231193969432525E-002
 -8.251147296253691E-002
 -5.270854079848153E-002
 -5.916483100430803E-002
  0.221532793429337     
 -0.297879808878616     
 -0.126033116098559     
 -0.211350242524114     
  3.726261829140265E-002
 -1.888533275229598E-002
 -5.380829689498068E-002
  2.656596233365205E-002
 -7.648565395971296E-002
  0.150388712847299     
 -0.224286482500630     
 -0.105202475413801     
 -0.166014906541718     
  4.270672049211743E-002
 -1.873578749921201E-002
 -4.424319589651482E-002
  6.718590669712921E-002
 -8.373209501969914E-002
 -5.328905492857672E-002
 -8.702348446835106E-002
 -0.210546863148750     
  2.039195385863790E-002
 -5.294943711932731E-003
 -5.496875896903486E-002
  2.798057740145721E-002
 -6.429193020044988E-002
  0.188692403798545     
 -0.220648521823184     
 -5.936646080089147E-002
  0.243338590165405     
 -0.264749606786068     
 -0.155931292670549     
  1.124068010317458E-002
  6.841758872401416E-002
 -7.900238495100886E-002
 -3.607218364745446E-002
 -9.365212714712001E-002
 -6.055348004146666E-002
 -6.116634265996268E-002
 -8.140205114911581E-002
 -5.682480424782632E-002
 -0.113672377586640     
 -6.287905916040604E-002
 -7.649031815802410E-002
 -6.142931201200863E-002
 -2.706750654220613E-002
 -0.103273905813339     
 -8.070468168146050E-002
 -6.066916360678221E-002
 -7.987784065167602E-002
 -1.704574686582472E-002
 -9.363140261214298E-002
 -0.102919466332925     
  4.908933955890027E-002
  6.222098983579238E-002
  4.652702229308625E-002
  4.808011082398733E-002
  5.014156826723903E-002
  4.153890133442140E-002
  3.752284769335945E-002
  4.429146894978964E-002
  2.962046556226705E-002
  4.225378463030760E-002
  4.647607468568205E-002
  3.833798577409819E-002
  5.144602704838463E-002
  4.255036252396205E-002
  5.252053871066886E-002
  4.601791055848359E-002
  4.438816713200688E-002
  4.018298277095123E-002
  4.361124122345583E-002
  4.777160878644848E-002
  3.494915451892577E-002
  3.461322460646055E-002
  3.768020104206538E-002
  3.631309473111310E-002
  3.568199246790615E-002
  3.548348585393712E-002
  3.482398150812049E-002
  3.572780914487783E-002
  5.195008586915195E-002
  4.293195848096221E-002
  5.143105147363614E-002
  4.441489762797468E-002
  5.169337100471771E-002
  5.724451681298504E-002
  5.882134015758722E-002
  5.627591759641981E-002
  7.508247523767864E-002
  3.014587582123618E-002
  4.050867290272220E-002
  4.443458442346115E-002
  3.638309043251220E-002
  4.557007757137188E-002
  4.314792345527751E-002
  3.577836943988477E-002
  3.511309354370706E-002
  3.070943977237839E-002
  2.987899019393925E-002
  3.465564564219181E-002
  4.029182420766941E-002
  4.051072340213469E-002
  4.960649956720831E-002
  4.685925592030971E-002
  3.810349612459585E-002
  2.582667974307051E-002
  3.993958871269854E-002
  3.023154274108042E-002
  4.059731462274918E-002
  3.387337447856653E-002
  3.727557679288940E-002
  3.254363525184367E-002
  3.943022338663449E-002
  2.858670901784144E-002
  3.325612162740244E-002
  2.720384987667690E-002
  2.823765783415710E-002
  2.046176662786059E-002
  3.762538457129250E-002
  2.803712160269978E-002
  3.513704033414822E-002
  3.616911161561243E-002
  3.587102697867661E-002
  3.956864355305645E-002
  3.198995699661544E-002
  2.963539094139311E-002
