 excitation energies, transition moments and TDA amplitudes
 state    eV      nm       fL        Rv(corr)
    1    2.229   556.2     0.7176     2.4412     0.84( 141-> 142) -0.40( 140-> 144) -0.23( 140-> 142)
    2    2.376   521.9     0.1238    -4.7684    -0.82( 140-> 142) -0.41( 141-> 144) -0.24( 141-> 142)
    3    3.295   376.2     0.0005    -7.8102     0.95( 139-> 142) -0.11( 138-> 143) -0.11( 140-> 144)
    4    3.635   341.1     0.0761     1.6354    -0.65( 138-> 142)  0.53( 141-> 144) -0.42( 141-> 143)
    5    3.695   335.5     0.0485     9.9660    -0.84( 141-> 143) -0.38( 141-> 144)  0.18( 138-> 142)
    6    3.870   320.4     0.1191     3.4753    -0.82( 141-> 145)  0.51( 141-> 147) -0.13( 141-> 146)
    7    3.990   310.7     0.0057    -9.5685    -0.48( 137-> 142) -0.45( 134-> 142) -0.38( 133-> 142)
    8    4.036   307.2     0.1463   -18.6109     0.46( 135-> 142) -0.35( 140-> 143) -0.31( 141-> 144)
    9    4.067   304.8     0.0640   -22.5362     0.82( 140-> 143)  0.20( 140-> 145) -0.20( 137-> 142)
