           6           1  0.410162960201594     
           7           2   1.36958871760645     
           7           6   1.14812965294783     
           8           7  0.965487962618737     
           9           8  0.946742306376017     
          10           3   1.39145600289041     
          10           6   1.31513502420940     
          10           9  0.921056047984744     
          11           9  0.961867364670461     
          12           8  0.956701474342381     
          13          12  0.970121701598706     
          14          13  0.955309518663674     
          15          14   1.77940161244714     
          16          14   1.11977170375191     
          17           1  0.540778390840269     
          18           3   1.27509350741609     
          18          17   1.17156676973197     
          19          18   1.18685696930178     
          20          19   1.41113510934324     
          21           4   1.29773556669351     
          21          17   1.14391517645883     
          21          20   1.12539096971817     
          22          19  0.989190122328192     
          23          20  0.998854687441955     
          24          23   1.85564202601069     
          25          23  0.929375221714366     
          26           1  0.371386121148710     
          27           4   1.43042166598844     
          27          26   1.23307534450858     
          28          27  0.913800882165819     
          29          28  0.939538808712967     
          30           5   1.48094425274991     
          30          26   1.25171329192249     
          30          29  0.940046662148943     
          31          28  0.993203253761317     
          32          29  0.938442761784111     
          33          32   1.00703251988345     
          34           1  0.510564409568868     
          35           5   1.22486636963686     
          35          34   1.21083805896284     
          36          35   1.14283073647722     
          37          36   1.39855833217672     
          38           2   1.32538303844197     
          38          34   1.14388699229464     
          38          37   1.14239435115913     
          39          36   1.01023830249448     
          40          37   1.05685559443388     
          41          40   1.84054952697390     
          42           2  0.935217239705218     
          42          40  0.863916770211506     
          43          42  0.893124987000150     
          44          43   1.84022834939799     
          45          43   1.09449230935153     
          46          45  0.961825200589033     
          47          16  0.957421880152405     
          48          47  0.983025019428642     
          49          48   1.91496259314252     
          50          49  0.987637234900715     
          51          49  0.941645293767117     
          52          51  0.978199782145580     
          53          52  0.998298757483133     
          54          53  0.967769936692735     
          55          54  0.970802629254369     
          56          54  0.972400208831846     
          57          56  0.970958852576951     
          58          57  0.978644942494223     
          59          58  0.985507309911191     
          60          59  0.985201105199006     
          61          59  0.959713386115448     
          62          61  0.983906829907429     
          63          62  0.993052925612536     
          64          63  0.961197509661645     
          65          64  0.987304233146351     
          66          64  0.984147157554518     
          67           3  0.935574770561438     
          68           4  0.924672054829476     
          69           5  0.935786932694419     
          70           8  0.927238587186706     
          71           9  0.939435182423016     
          72          11  0.978831925256399     
          73          11  0.981951201534507     
          74          11  0.979293386037646     
          75          12  0.966008874197160     
          76          12  0.955178488069612     
          77          13  0.950626378677185     
          78          13  0.963035438971305     
          79          22  0.973740702167685     
          80          22  0.968536475270794     
          81          22  0.963158790701815     
          82          25  0.970891632428781     
          83          25  0.959954888601462     
          84          25  0.973527698508920     
          85          28  0.948312037944584     
          86          29  0.938953283996225     
          87          31  0.977588650250746     
          88          31  0.972250325577993     
          89          31  0.974451559872856     
          90          32  0.968706806425370     
          91          32  0.968855824018077     
          92          33  0.970724264267321     
          93          33  0.981040737748569     
          94          33  0.985198618785786     
          95          39  0.958851954742724     
          96          39  0.974338919260624     
          97          39  0.966199375653565     
          98          42  0.931627739522578     
          99          46  0.981561499359544     
         100          46  0.985078089497845     
         101          46  0.985816567816678     
         102          47  0.960983033279047     
         103          47  0.949986907976225     
         104          48  0.934926419513896     
         105          50  0.972623517489016     
         106          50  0.970126359779627     
         107          50  0.975209774694914     
         108          51  0.960763849224546     
         109          51  0.965269039989534     
         110          52  0.958852687098848     
         111          52  0.963973709717238     
         112          53  0.960760182152675     
         113          53  0.954499548610603     
         114          54  0.950269526736580     
         115          55  0.980652865000998     
         116          55  0.983910450033979     
         117          55  0.978719008013890     
         118          56  0.961969985421936     
         119          56  0.964251071276736     
         120          57  0.972231404776781     
         121          57  0.965107181329151     
         122          58  0.962026365006234     
         123          58  0.960565426541971     
         124          59  0.950000343764405     
         125          60  0.981401855676853     
         126          60  0.980310278128916     
         127          60  0.977407116301880     
         128          61  0.961950233383020     
         129          61  0.958275073413080     
         130          62  0.969829231378515     
         131          62  0.964721687102207     
         132          63  0.961393655850382     
         133          63  0.963220881447362     
         134          64  0.960995699844325     
         135          65  0.977462701301819     
         136          65  0.976066907469634     
         137          65  0.981905637457480     
         138          66  0.979942502529069     
         139          66  0.976099416106938     
         140          66  0.977812169901617     
