 excitation energies, transition moments and TDA amplitudes
 state    eV      nm       fL        Rv(corr)
    1    2.310   536.8     0.5365    -2.8711    -0.83( 141-> 142) -0.32( 140-> 144) -0.31( 140-> 142)
    2    2.469   502.1     0.2203    12.9965    -0.78( 140-> 142)  0.35( 141-> 144)  0.31( 141-> 143)
    3    3.224   384.6     0.0246    15.6762     0.92( 139-> 142)  0.17( 141-> 143) -0.12( 138-> 142)
    4    3.585   345.8     0.0971    19.3785    -0.65( 141-> 144)  0.37( 138-> 142)  0.36( 140-> 143)
    5    3.635   341.1     0.2482   -13.0110     0.72( 141-> 143) -0.50( 138-> 142) -0.18( 139-> 142)
    6    3.816   324.9     0.0135    -1.7138    -0.75( 141-> 146)  0.52( 141-> 145)  0.21( 140-> 143)
    7    3.942   314.5     0.1520    15.8446    -0.49( 138-> 142)  0.43( 140-> 143)  0.33( 135-> 142)
    8    4.019   308.5     0.0149   -29.4608    -0.46( 133-> 142) -0.38( 134-> 142)  0.35( 135-> 142)
    9    4.112   301.5     0.2076    13.3068    -0.54( 140-> 143) -0.37( 141-> 144)  0.34( 140-> 144)
