           6           1  0.368977868340267     
           7           2   1.46550323400910     
           7           6   1.19470981928412     
           8           7  0.944860629195026     
           9           8  0.947020329223018     
          10           3   1.30990042532886     
          10           6   1.31391896938276     
          10           9  0.951648284040087     
          11           9  0.955188206894825     
          12           8  0.935360058028975     
          13          12  0.970968658100095     
          14          13  0.915698538392466     
          15          14   1.79118069074760     
          16          14   1.14657668068625     
          17           1  0.502546971083406     
          18           3   1.36999645566766     
          18          17   1.12214502042739     
          19          18   1.12152559822544     
          20          19   1.49249944454890     
          21           4   1.31798209190280     
          21          17   1.21184173401603     
          21          20   1.06218027459709     
          22          19   1.00685480979550     
          23          20  0.954743186087839     
          24          23   1.86087259469215     
          25          23  0.946158429113884     
          26           1  0.427540302307966     
          27           4   1.43054666232451     
          27          26   1.25655817185165     
          28          27  0.935844728922071     
          29          28  0.938419651487737     
          30           5   1.41271898472143     
          30          26   1.20078109329145     
          30          29  0.932143698098213     
          31          28  0.943481153465075     
          32          29  0.987651732027212     
          33          32  0.989140716476618     
          34           1  0.520975804386814     
          35           5   1.29641755579338     
          35          34   1.13893150622646     
          36          35   1.16157681422967     
          37          36   1.31916226098241     
          38           2   1.14946451997978     
          38          34   1.24752844764454     
          38          37   1.15965484831915     
          39          36   1.01888938829352     
          40          37   1.15519950181810     
          41          40   1.75047396315987     
          42           2  0.981421169380622     
          42          40  0.849707921622088     
          43          42  0.882274646894842     
          44          43   1.77373047636368     
          45          43   1.15725534225321     
          46          45  0.950737368640029     
          47          16  0.938980706413902     
          48          47   1.00011896123377     
          49          48   1.89342021410872     
          50          49  0.997962138729333     
          51          49  0.948751132572749     
          52          51  0.991405446514620     
          53          52  0.985461369089447     
          54          53  0.963858479748134     
          55          54  0.981092521197721     
          56          54  0.979526335303672     
          57          56  0.964110688724531     
          58          57  0.992838653213714     
          59          58  0.963317670686821     
          60          59  0.993521851841012     
          61          59  0.966062095910579     
          62          61  0.985016444474360     
          63          62  0.982821794279032     
          64          63  0.973781559223035     
          65          64  0.984171898823462     
          66          64  0.984329943362737     
          67           3  0.935622248090131     
          68           4  0.923392192945009     
          69           5  0.937749658540630     
          70           8  0.934933970132070     
          71           9  0.943186020765646     
          72          11  0.976957901320534     
          73          11  0.977795266584396     
          74          11  0.982591836228014     
          75          12  0.966293631626066     
          76          12  0.964878427141487     
          77          13  0.941525895230147     
          78          13  0.959429477316812     
          79          22  0.958613831224440     
          80          22  0.961650567400857     
          81          22  0.971761548463122     
          82          25  0.968215796234266     
          83          25  0.953439533030793     
          84          25  0.966738841668759     
          85          28  0.950688375147008     
          86          29  0.930642399358697     
          87          31  0.980117969684946     
          88          31  0.980334260544537     
          89          31  0.984279182278691     
          90          32  0.964142849304632     
          91          32  0.958527989191303     
          92          33  0.987182024135775     
          93          33  0.974893984716768     
          94          33  0.984360909579900     
          95          39  0.953975947567461     
          96          39  0.972140654864772     
          97          39  0.962240682730070     
          98          42  0.930235345842294     
          99          46  0.983845713482324     
         100          46  0.991127047701387     
         101          46  0.983429181224064     
         102          47  0.947622588901882     
         103          47  0.958370727133301     
         104          48  0.938137947393898     
         105          50  0.967465057030017     
         106          50  0.970130072697594     
         107          50  0.971910523483054     
         108          51  0.957427803986124     
         109          51  0.960558374837055     
         110          52  0.964097347290502     
         111          52  0.964507367457275     
         112          53  0.956769663420265     
         113          53  0.969495244322779     
         114          54  0.949136345686257     
         115          55  0.978839693021680     
         116          55  0.978881476311596     
         117          55  0.983010876868931     
         118          56  0.968641992149941     
         119          56  0.961651357438920     
         120          57  0.956033527544490     
         121          57  0.974486834850138     
         122          58  0.964785639603552     
         123          58  0.957345640804827     
         124          59  0.953180095795037     
         125          60  0.978144128151496     
         126          60  0.973534838217832     
         127          60  0.979589068249869     
         128          61  0.956695690611305     
         129          61  0.970908854913618     
         130          62  0.968102781788704     
         131          62  0.964647545572281     
         132          63  0.972719757235539     
         133          63  0.957544375032638     
         134          64  0.959365086814491     
         135          65  0.985703174692435     
         136          65  0.980677168125979     
         137          65  0.977319059568827     
         138          66  0.982946451912445     
         139          66  0.981728145087151     
         140          66  0.976673859399009     
