  0.300017128747101     
  2.004632152415642E-003
 -3.787774515474585E-002
 -4.960868249630934E-003
 -1.650937655111751E-002
 -0.155596689310660     
  1.995130181450833E-002
 -4.730315520642847E-003
 -1.004244057866810E-002
  2.028788446809138E-002
 -9.820417785957058E-002
 -4.571527826098176E-002
 -7.879980993010172E-002
  0.227305996872962     
 -0.280168961978870     
 -0.134557066705146     
 -0.218365543723051     
  3.695116149659761E-002
 -2.470940223554940E-002
 -3.418873602563455E-002
  3.732591280082298E-002
 -8.953668903281464E-002
  0.144978266887146     
 -0.273291567568575     
 -9.372455377290123E-002
 -0.145668112338073     
  4.874424562645663E-002
 -1.360633496936359E-002
 -2.051027140068129E-002
  1.214520282963205E-002
 -0.108926139748697     
 -4.067019958547213E-002
 -8.931348409023876E-002
 -0.220125692398382     
  2.700898205179847E-002
 -1.569949628779987E-002
 -6.831408194676847E-002
  1.832057331793813E-002
 -7.270708852108765E-002
  0.152673061594726     
 -0.204499473312232     
 -3.933793084977211E-002
  0.222968795795467     
 -0.248852637894383     
 -0.158601370568496     
  1.661371339502660E-002
  5.847655803563789E-002
 -8.978171649782585E-002
 -1.506972501519499E-002
 -0.100127069381824     
 -6.846360264968698E-002
 -4.911454375113244E-002
 -6.363497793819040E-002
 -1.454090312403267E-002
 -0.124533819997728     
 -5.092027728543513E-002
 -7.688919779400827E-002
 -5.368159222676550E-002
 -1.347906864548598E-002
 -0.118800151285126     
 -5.826645413218401E-002
 -7.211254079704243E-002
 -7.322647614318978E-002
 -1.229835283022940E-002
 -9.745357765516349E-002
 -0.110565538531907     
  5.054607343758588E-002
  5.669836491095115E-002
  5.410700701784388E-002
  5.484056491305001E-002
  4.801233570433205E-002
  4.229166191062406E-002
  4.132820101413326E-002
  3.445070649870752E-002
  4.743607985848752E-002
  4.853512749513256E-002
  3.294678518801519E-002
  4.687294516081220E-002
  4.694744615172941E-002
  4.489509108720557E-002
  4.851189387868193E-002
  4.562110791540697E-002
  4.556132063652207E-002
  4.756122572750510E-002
  4.639772030713962E-002
  5.317617446742440E-002
  4.195913515181326E-002
  3.051192311809447E-002
  3.334072585517767E-002
  4.134277544332965E-002
  3.170671786395918E-002
  2.837205167694545E-002
  4.508207677543374E-002
  4.769928511780464E-002
  4.839139638843504E-002
  4.349687959196125E-002
  4.993600296186573E-002
  6.043449593202255E-002
  5.445230531807466E-002
  4.797367209465253E-002
  4.956561020650563E-002
  6.357479508002373E-002
  6.815257061637847E-002
  3.381875569783532E-002
  4.428825753984300E-002
  3.805057157321567E-002
  3.923523841464371E-002
  4.579911944861792E-002
  2.857865081847666E-002
  3.766761396843354E-002
  4.339485500341378E-002
  3.297974251374969E-002
  3.437357241570471E-002
  3.793324207674231E-002
  2.810458589796150E-002
  2.974336899630281E-002
  2.777214526789584E-002
  4.648429228617434E-002
  2.976885158001474E-002
  2.588848668607246E-002
  2.512918807148301E-002
  3.066180670785779E-002
  3.695162925451778E-002
  3.144881056348570E-002
  2.899303060222591E-002
  3.400733447649484E-002
  1.988744629773564E-002
  3.961763698332643E-002
  2.845040477888805E-002
  3.669515532295908E-002
  2.767907367168798E-002
  3.467006768815417E-002
  3.580724982814809E-002
  3.835313025819642E-002
  3.071347886893105E-002
  3.315101333920367E-002
  3.119523722180562E-002
  3.448997556172106E-002
  3.205161003924772E-002
  2.843282197091046E-002
