  0.328850276150856     
  6.841589945793647E-003
 -5.392173272770062E-002
 -3.911757929436632E-002
 -2.257596561457209E-002
 -0.171198306117468     
  4.506689197481029E-002
 -6.205845426618950E-003
 -2.194196816209804E-002
  4.554589484293148E-002
 -9.465487574333498E-002
 -5.223655817373629E-002
 -6.537240078485596E-002
  0.203053495933661     
 -0.264676832289182     
 -0.125942357483352     
 -0.228023089494561     
  2.176458557403116E-002
 -5.973971684485502E-002
 -6.639052046746929E-002
  3.767062960266188E-002
 -7.268688003892088E-002
  0.175504451315797     
 -0.234257519714392     
 -0.102521823176520     
 -0.182491044859277     
  5.878469445320000E-002
 -2.375453909557645E-002
 -4.224853420573904E-002
  7.967185316267544E-002
 -9.308397708953464E-002
 -7.555051872261132E-002
 -8.585000039983992E-002
 -0.175128122058759     
  1.885330276531683E-002
 -8.311371827079306E-003
 -4.281084976933691E-002
  2.058553141797059E-002
 -7.000778655493889E-002
  0.164200393152149     
 -0.196170429748203     
 -2.995483043541469E-002
  0.213978287867388     
 -0.293953171471801     
 -0.169839936133061     
  9.512955805705658E-003
  6.992966673460987E-002
 -9.016822610735176E-002
 -3.007084397805393E-002
 -0.106818077054350     
 -4.622819728781824E-002
 -5.960520546622483E-002
 -7.748108584083191E-002
 -4.528671561316688E-002
 -0.104157983225029     
 -8.069292231550396E-002
 -7.146025254473276E-002
 -6.929798385103236E-002
 -3.884589554504281E-002
 -0.109466680454962     
 -7.425761837748635E-002
 -4.815986889945645E-002
 -7.075405528605572E-002
 -2.578155361519308E-002
 -9.673182058249274E-002
 -9.548571859416466E-002
  4.396129659783787E-002
  6.200733919853696E-002
  5.637120124064443E-002
  5.085434728396510E-002
  5.015731829838554E-002
  3.654834289396591E-002
  3.362040695509105E-002
  3.969244118783810E-002
  3.620815379946607E-002
  4.850362134068253E-002
  4.343261499307083E-002
  3.846844839142749E-002
  4.718751835182167E-002
  5.645110853965729E-002
  4.748917029411026E-002
  4.587962156741243E-002
  4.889919604863568E-002
  4.298806617346218E-002
  5.111659017662662E-002
  4.178426352642095E-002
  4.090535776744408E-002
  3.934083627715712E-002
  3.482677207667206E-002
  3.239191812638043E-002
  3.779877378884366E-002
  3.590907772516905E-002
  3.263244985907754E-002
  3.695923284737779E-002
  4.306780964064894E-002
  4.818785804302106E-002
  5.110135413914274E-002
  5.883685647138825E-002
  5.674669092689022E-002
  6.480725969876533E-002
  4.271753306050285E-002
  8.048427852245010E-002
  6.319027227641483E-002
  2.793304936809926E-002
  3.442774400188942E-002
  4.015758088957444E-002
  3.289684411386484E-002
  4.675784048258114E-002
  3.676793312871007E-002
  3.850488496227356E-002
  3.624678592538799E-002
  2.140269465554034E-002
  3.233451621528849E-002
  3.255032168949290E-002
  3.020657064794674E-002
  3.585122010679587E-002
  3.402849587468915E-002
  3.946742252017788E-002
  3.515358797497703E-002
  3.397032419051627E-002
  4.562131202227060E-002
  3.881381600875999E-002
  4.132067745614598E-002
  3.723883793002780E-002
  3.566344517224529E-002
  3.980248826557065E-002
  2.749862374897838E-002
  2.798004304663504E-002
  4.405359221172223E-002
  3.312665316289398E-002
  3.744906866563491E-002
  3.447774389811975E-002
  3.733166159329437E-002
  2.325235334623654E-002
  4.265492176826224E-002
  2.874874874385425E-002
  2.604362573503327E-002
  2.932928121453071E-002
  3.527983038418236E-002
  3.568534863593453E-002
