           6           1  0.317140372925888     
           7           2   1.53103556866318     
           7           6   1.15793084644837     
           8           7  0.950580600345608     
           9           8  0.954569792328925     
          10           3   1.42289436228488     
          10           6   1.32002557227248     
          10           9  0.908738248853409     
          11           9  0.972629776999536     
          12           8  0.942621775377231     
          13          12  0.974180629349099     
          14          13  0.905018934956748     
          15          14   1.81258101584039     
          16          14   1.11886384132167     
          17           1  0.540373023243328     
          18           3   1.20046048211431     
          18          17   1.20777052324280     
          19          18   1.18492872261264     
          20          19   1.40732577719578     
          21           4   1.18798641744682     
          21          17   1.20566370356360     
          21          20   1.16266083382746     
          22          19  0.982051715551489     
          23          20  0.985538021036442     
          24          23   1.85242300585120     
          25          23  0.963230828704928     
          26           1  0.315187399270672     
          27           4   1.44418072611693     
          27          26   1.26556796608763     
          28          27  0.950442538045416     
          29          28  0.952120170391780     
          30           5   1.59263902043099     
          30          26   1.20706644160835     
          30          29  0.916114366943965     
          31          28  0.960104276799676     
          32          29  0.950032330898884     
          33          32  0.996958994926936     
          34           1  0.593862002490973     
          35           5   1.14156226453735     
          35          34   1.16266299517942     
          36          35   1.22661577233856     
          37          36   1.35389458852306     
          38           2   1.10442491077951     
          38          34   1.15535342041311     
          38          37   1.26687920023836     
          39          36  0.976709651619358     
          40          37  0.999744546113144     
          41          40   1.90091288512901     
          42           2  0.920386214274237     
          42          40  0.806370795451687     
          43          42   1.00846716841668     
          44          43   1.77042978087689     
          45          43   1.05815182347717     
          46          45  0.966441614318112     
          47          16  0.958261522572898     
          48          47  0.975406357750188     
          49          48   1.89671163135554     
          50          49  0.970672198574920     
          51          49  0.994945708632574     
          52          51  0.966757445089786     
          53          52  0.982640286642245     
          54          53  0.981050066297892     
          55          54  0.976476459283802     
          56          54  0.955463622514310     
          57          56  0.979726307159820     
          58          57  0.974782196369083     
          59          58  0.978653709465516     
          60          59  0.996081423816732     
          61          59  0.951077664492747     
          62          61  0.982842861140941     
          63          62   1.00513121959279     
          64          63  0.948312798319954     
          65          64   1.01239673311074     
          66          64  0.990442133966604     
          67           3  0.939151075727529     
          68           4  0.934438720050180     
          69           5  0.929503802560247     
          70           8  0.932852018960637     
          71           9  0.942535076853715     
          72          11  0.980581763450780     
          73          11  0.976096709368333     
          74          11  0.973303489653687     
          75          12  0.965257473205798     
          76          12  0.958615244926527     
          77          13  0.956497941627865     
          78          13  0.959246807133620     
          79          22  0.965469788919155     
          80          22  0.974695618359867     
          81          22  0.967404574213269     
          82          25  0.953998679962394     
          83          25  0.957403031372649     
          84          25  0.971113053422034     
          85          28  0.933320717899630     
          86          29  0.940251413295255     
          87          31  0.978141873366435     
          88          31  0.978755955932428     
          89          31  0.984617985384180     
          90          32  0.965376275898018     
          91          32  0.962599957275910     
          92          33  0.982945196762546     
          93          33  0.983247514224403     
          94          33  0.986638221424350     
          95          39  0.977748573096528     
          96          39  0.968995304648072     
          97          39  0.977985095050810     
          98          42  0.921572881586953     
          99          46  0.979650175404209     
         100          46  0.981693593775044     
         101          46  0.991707598538281     
         102          47  0.953483519873194     
         103          47  0.963856717736083     
         104          48  0.939777742509317     
         105          50  0.974230895555365     
         106          50  0.974521407044144     
         107          50  0.979357047464610     
         108          51  0.955562085248653     
         109          51  0.951886203205804     
         110          52  0.967943715430173     
         111          52  0.966884920778702     
         112          53  0.964735619182252     
         113          53  0.965408404477160     
         114          54  0.951689777423799     
         115          55  0.984368743990505     
         116          55  0.980257886316125     
         117          55  0.979754953895435     
         118          56  0.960965463977481     
         119          56  0.967945858004339     
         120          57  0.968552551322443     
         121          57  0.960201869000881     
         122          58  0.955950161125191     
         123          58  0.957372336103370     
         124          59  0.949672760933632     
         125          60  0.977628087511372     
         126          60  0.975036186450481     
         127          60  0.981937634301774     
         128          61  0.964460961510801     
         129          61  0.960884615749643     
         130          62  0.960323731401911     
         131          62  0.966867231148273     
         132          63  0.965855555864658     
         133          63  0.961515641478592     
         134          64  0.955155003641277     
         135          65  0.971310854212551     
         136          65  0.978313498812344     
         137          65  0.973363724848251     
         138          66  0.981842536262997     
         139          66  0.981413208843896     
         140          66  0.978842653882582     
