  0.305650226468051     
  6.448249070469370E-003
 -3.431124627262694E-002
 -2.961289104584797E-002
 -3.899104071604498E-002
 -0.137903592753665     
  3.086686746429113E-002
 -3.379980713158925E-002
 -1.776182677026306E-002
  3.794527869693010E-002
 -9.113406354225351E-002
 -5.995077142191452E-002
 -5.655707401831567E-002
  0.221625417746881     
 -0.267533680273830     
 -0.136586519054076     
 -0.210960654010034     
  3.904395164503027E-002
 -4.679496708641562E-002
 -6.193415249577328E-002
  3.675665131980610E-002
 -7.821203983134772E-002
  0.135478515267997     
 -0.243739094371786     
 -8.061394133308664E-002
 -0.188831360314582     
  6.232641977994646E-002
 -2.801409691200174E-002
 -2.660156687737292E-002
  3.677635959030923E-002
 -8.072881560880063E-002
 -5.804608400748901E-002
 -8.529048233031400E-002
 -0.218760890911518     
  2.290741274708186E-003
  2.015607119533414E-003
 -5.093263015186444E-002
  5.395738909690140E-002
 -6.432910396291369E-002
  0.154818746121244     
 -0.192713863579004     
 -2.485922668329987E-002
  0.202407633802606     
 -0.292060327262510     
 -0.165942181544670     
  1.198758338223493E-002
  4.696330370106372E-002
 -8.098194234047096E-002
 -3.107524160063591E-002
 -9.103037188563068E-002
 -5.141015632412227E-002
 -4.773697982299563E-002
 -6.423148713597815E-002
 -1.651932652120625E-002
 -0.110567607638361     
 -6.507487305160087E-002
 -7.642835887138144E-002
 -7.660591102630399E-002
 -2.987860625288441E-002
 -0.107824041010314     
 -6.295921338345778E-002
 -6.476587321575789E-002
 -6.008741530326311E-002
 -2.244899575446446E-002
 -0.108549306928967     
 -0.107518900968114     
  5.330526847936279E-002
  5.702222237872590E-002
  5.621630837555924E-002
  4.682130228919057E-002
  5.428368422677932E-002
  3.187024508393232E-002
  4.358641968047650E-002
  3.427070186571946E-002
  3.164312656887958E-002
  3.321240009123538E-002
  3.790064507090329E-002
  4.090074217802508E-002
  4.527588653033643E-002
  4.604081212699451E-002
  5.296996135301291E-002
  5.682940182910079E-002
  4.409703676537247E-002
  5.078732494723137E-002
  4.399955793233512E-002
  5.927388642442111E-002
  4.692032552908132E-002
  3.959554929740383E-002
  4.162141283222764E-002
  3.024370010577548E-002
  3.510955615799694E-002
  3.522512058169669E-002
  4.190281465809065E-002
  4.738826960993681E-002
  4.636694215149917E-002
  4.977932375289829E-002
  4.847372879343870E-002
  5.681758872674636E-002
  6.540742814613099E-002
  4.334606186248946E-002
  5.235900513131286E-002
  5.715666823043986E-002
  5.402187322197327E-002
  2.847471002415392E-002
  3.391484458565042E-002
  4.746419394970902E-002
  5.368238941286940E-002
  4.471043739700431E-002
  2.561741114699834E-002
  4.231537985090184E-002
  3.483031630457534E-002
  3.532232217082776E-002
  3.259897144107848E-002
  3.987071911992512E-002
  2.887275480756990E-002
  2.552780089803486E-002
  4.249868083691899E-002
  4.124554304521100E-002
  4.023242330110155E-002
  2.825543707843725E-002
  2.905331609270356E-002
  2.121695929759004E-002
  3.710047293412955E-002
  2.964435605640425E-002
  3.117478810177587E-002
  2.825471009399971E-002
  3.300701652822280E-002
  4.489467933649882E-002
  2.852680329267909E-002
  3.255983156083098E-002
  2.852149885288846E-002
  3.882820680342203E-002
  3.634288272277175E-002
  3.819747955481789E-002
  3.727047689002216E-002
  3.042991325610378E-002
  3.495743423930520E-002
  3.390628122017225E-002
  2.757053412898958E-002
  3.290938044212821E-002
