           6           1  0.361107473248383     
           7           2   1.40806973574619     
           7           6   1.25060754890539     
           8           7  0.916116426477008     
           9           8  0.957599078681242     
          10           3   1.44097505495193     
          10           6   1.23754585451442     
          10           9  0.931440952953135     
          11           9  0.970068259873348     
          12           8  0.944273479916963     
          13          12  0.976577106137138     
          14          13  0.911894441098071     
          15          14   1.82179066536678     
          16          14   1.11578048764174     
          17           1  0.513323395101070     
          18           3   1.25441388960288     
          18          17   1.22077236417287     
          19          18   1.14842283407614     
          20          19   1.39658288274423     
          21           4   1.25816072479029     
          21          17   1.17449065776002     
          21          20   1.12471898123873     
          22          19  0.990288223497507     
          23          20   1.01307739095222     
          24          23   1.80858226254928     
          25          23  0.967268067216785     
          26           1  0.419134910136193     
          27           4   1.40911915449795     
          27          26   1.24481615582418     
          28          27  0.954990045123502     
          29          28  0.944895062417985     
          30           5   1.45192703595353     
          30          26   1.22121302004477     
          30          29  0.936189267826835     
          31          28  0.950519203551359     
          32          29  0.968449516071715     
          33          32  0.984603318557155     
          34           1  0.504896820141859     
          35           5   1.24619996077015     
          35          34   1.06602469231011     
          36          35   1.25109377504815     
          37          36   1.38026056110992     
          38           2   1.23125815086442     
          38          34   1.24012210666966     
          38          37   1.19182504903326     
          39          36  0.982431426561205     
          40          37  0.975249435406781     
          41          40   1.90189567762192     
          42           2  0.916959968900311     
          42          40  0.820243229049301     
          43          42  0.997907077195713     
          44          43   1.75825016979177     
          45          43   1.06447270167128     
          46          45  0.965249438944499     
          47          16  0.955846088767773     
          48          47  0.977120039619336     
          49          48   1.90176639831521     
          50          49  0.980849116958348     
          51          49  0.948931384861236     
          52          51  0.987209996777206     
          53          52  0.979542639563082     
          54          53  0.977782171949883     
          55          54  0.969779469204268     
          56          54  0.983123983934732     
          57          56  0.973122090808397     
          58          57  0.983516908679958     
          59          58  0.954485543518157     
          60          59  0.988534428989796     
          61          59  0.966518882198917     
          62          61  0.979519574711915     
          63          62  0.994964846350503     
          64          63  0.947115069407165     
          65          64  0.992328138121101     
          66          64  0.988121992160470     
          67           3  0.936502084162842     
          68           4  0.932276282977681     
          69           5  0.934057191662964     
          70           8  0.940686484322721     
          71           9  0.941221895068962     
          72          11  0.979913786941447     
          73          11  0.974020522142797     
          74          11  0.976617171899407     
          75          12  0.968741067065127     
          76          12  0.965768234776264     
          77          13  0.963943393341400     
          78          13  0.963185828176060     
          79          22  0.967248180643469     
          80          22  0.966218555423199     
          81          22  0.972669833894568     
          82          25  0.961077726945124     
          83          25  0.972026721751132     
          84          25  0.960441850798146     
          85          28  0.943573834137712     
          86          29  0.932132096109388     
          87          31  0.982044281407254     
          88          31  0.980109315391926     
          89          31  0.977767881468679     
          90          32  0.968353939029859     
          91          32  0.965570946076240     
          92          33  0.989396682108913     
          93          33  0.986717202778017     
          94          33  0.969933618349778     
          95          39  0.980321522965661     
          96          39  0.971590915954985     
          97          39  0.968420198786445     
          98          42  0.931184851283030     
          99          46  0.979297975132315     
         100          46  0.988912633972919     
         101          46  0.989100953753558     
         102          47  0.955010612708452     
         103          47  0.962033229364545     
         104          48  0.941250949388328     
         105          50  0.973713453125127     
         106          50  0.965664723279367     
         107          50  0.973893537472286     
         108          51  0.948958358709144     
         109          51  0.964898077463653     
         110          52  0.963108285988306     
         111          52  0.966739626860900     
         112          53  0.963434447921497     
         113          53  0.959550798755372     
         114          54  0.945245934351922     
         115          55  0.978913622575759     
         116          55  0.984273394411331     
         117          55  0.979120430420642     
         118          56  0.960148345831563     
         119          56  0.962384585321597     
         120          57  0.971036068938998     
         121          57  0.968361914894916     
         122          58  0.974578028767855     
         123          58  0.962233490160546     
         124          59  0.955189360545415     
         125          60  0.980839972263823     
         126          60  0.977395943685455     
         127          60  0.976939234749432     
         128          61  0.957426422200687     
         129          61  0.966118100221336     
         130          62  0.961685424068428     
         131          62  0.964234272103450     
         132          63  0.966322151168024     
         133          63  0.964557177544098     
         134          64  0.959767400721001     
         135          65  0.979578116526327     
         136          65  0.974126334383324     
         137          65  0.975899657983557     
         138          66  0.980892999511881     
         139          66  0.980005072342994     
         140          66  0.974116669000651     
