  0.316461920883058     
  7.451518278173364E-003
 -2.861865104818850E-002
 -3.355149694544135E-002
 -5.647809863990449E-002
 -0.119675172652522     
  2.451394657008743E-002
 -8.968780048969727E-003
 -2.508337831668594E-002
  4.463292341883784E-002
 -8.696994431879546E-002
 -5.360399937463622E-002
 -6.355386504662874E-002
  0.220748339680574     
 -0.297193832242726     
 -0.144906638721668     
 -0.223576616985559     
  5.107912275189141E-002
  2.436084654965143E-003
 -4.606940263531634E-002
  6.532513324238787E-002
 -9.393648597559423E-002
  0.153067778881544     
 -0.261408206621099     
 -0.111499874800211     
 -0.198757243318054     
  5.283561025403793E-002
  2.576984049545761E-003
 -2.313141736690305E-002
  2.209330666396703E-002
 -9.631907941986384E-002
 -6.205929319815606E-002
 -9.569022110539294E-002
 -0.221205303733412     
  1.002229901209839E-002
 -8.429917888781446E-003
 -6.044328093029439E-002
  2.518848538191332E-002
 -5.998608063595157E-002
  0.158467118904620     
 -0.215422849611426     
 -3.769166646329314E-002
  0.199388221889669     
 -0.266034792555280     
 -0.135683762730067     
  1.623151836735870E-002
  6.501837517287479E-002
 -6.415772592004032E-002
 -1.653845542035093E-002
 -8.643332924430780E-002
 -6.734285151701336E-002
 -6.395556633039146E-002
 -6.935722032552771E-002
 -4.470018359491057E-002
 -0.101694905982049     
 -7.631507111164026E-002
 -5.521317670699677E-002
 -5.629574160583140E-002
 -3.002945537701684E-002
 -9.557155842306564E-002
 -7.237754871657920E-002
 -5.980151503980835E-002
 -7.216097295240598E-002
 -2.964447392920100E-002
 -0.104681789423540     
 -0.101616350209315     
  4.755013633263261E-002
  5.533422509889685E-002
  5.513957316960494E-002
  5.463791906459126E-002
  4.459997630490342E-002
  4.655028576503983E-002
  4.021539104404925E-002
  3.661119969135262E-002
  2.922269098897201E-002
  5.352959321888340E-002
  4.861103347118056E-002
  2.884298496139148E-002
  5.303397465834636E-002
  5.488824940988102E-002
  4.288313749388672E-002
  3.325300551937771E-002
  3.957017906321758E-002
  4.409157707982314E-002
  6.343151078470366E-002
  5.683183039039397E-002
  3.974867598801768E-002
  3.431995610539029E-002
  3.439059956437385E-002
  4.167967139830153E-002
  3.575703094517979E-002
  3.928023897566046E-002
  3.684139244539675E-002
  3.024237696523446E-002
  5.361723068097968E-002
  4.170863485366660E-002
  5.487329117320228E-002
  6.137288163521837E-002
  5.035542057138032E-002
  3.811134618818490E-002
  5.994807991884610E-002
  6.311827442684981E-002
  6.225371799317292E-002
  3.310367626437238E-002
  3.955783515760836E-002
  4.094769404966181E-002
  4.841197287001298E-002
  3.527317667779584E-002
  3.702501132973290E-002
  3.653590078245650E-002
  3.121976389326209E-002
  3.881957245202838E-002
  3.298052637152804E-002
  2.154021996155631E-002
  2.601479385891969E-002
  4.120046184153514E-002
  3.987648288981505E-002
  1.465707513262426E-002
  4.520355109203023E-002
  3.312989411074163E-002
  3.728558222978773E-002
  3.646264572976987E-002
  4.023354149936997E-002
  2.395498681428321E-002
  2.401174187734234E-002
  3.746472663770795E-002
  3.883346291500112E-002
  3.339011734264574E-002
  2.452869493351051E-002
  3.639007281637363E-002
  2.556286850161249E-002
  4.474051152318104E-002
  2.064002656189823E-002
  2.564630763982523E-002
  3.121016535300303E-002
  3.832142559635199E-002
  3.414044851764086E-002
  4.045171689223692E-002
  2.912930104960820E-002
  4.195531059620983E-002
