 excitation energies, transition moments and TDA amplitudes
 state    eV      nm       fL        Rv(corr)
    1    2.258   549.1     0.7283     3.7237    -0.87( 142-> 143)  0.34( 141-> 145) -0.17( 141-> 143)
    2    2.456   504.9     0.2967    -1.3339    -0.87( 141-> 143) -0.35( 142-> 145)  0.17( 142-> 143)
    3    3.153   393.3     0.0351    -4.5720     0.94( 140-> 143) -0.18( 136-> 143)  0.10( 142-> 143)
    4    3.515   352.7     0.0035    -4.7333     0.67( 136-> 143) -0.64( 138-> 143) -0.21( 139-> 143)
    5    3.712   334.0     0.0115    16.1313     0.71( 139-> 143) -0.43( 142-> 145) -0.25( 138-> 143)
    6    3.793   326.9     0.0050    20.9923     0.56( 142-> 146) -0.56( 142-> 147) -0.37( 139-> 143)
    7    3.962   312.9     0.0866    -3.8731    -0.78( 142-> 144) -0.35( 142-> 146) -0.33( 141-> 144)
    8    4.083   303.6     0.0900    41.9929     0.58( 141-> 144) -0.40( 141-> 146) -0.36( 142-> 144)
    9    4.084   303.6     0.0835    55.8821     0.48( 134-> 143) -0.47( 135-> 143)  0.30( 134-> 144)
