           6           1  0.400824562455260     
           7           2   1.52261408072200     
           7           6   1.17930262998394     
           8           7  0.915486378015590     
           9           8  0.967197950078295     
          10           3   1.43279521063660     
          10           6   1.26231909656521     
          10           9  0.934307148276109     
          11           9  0.951272168365955     
          12           8  0.949971086122718     
          13          12  0.960764956450404     
          14          13  0.943916169710396     
          15          14   1.77720425722826     
          16          14   1.13328222863859     
          17           1  0.483022716762098     
          18           3   1.19605832543491     
          18          17   1.15190935864538     
          19          18   1.29003594110031     
          20          19   1.37811114666448     
          21           4   1.26927432332066     
          21          17   1.22136470894754     
          21          20   1.11803288551585     
          22          19  0.971543295481014     
          23          20   1.02688749299709     
          24          23   1.81540666722370     
          25          23  0.951630505997553     
          26           1  0.457238442904882     
          27           4   1.41210092782179     
          27          26   1.22638036681441     
          28          27  0.948821233260523     
          29          28  0.948906877691436     
          30           5   1.40733380388981     
          30          26   1.22946661486076     
          30          29  0.927498084492579     
          31          28  0.974739934313488     
          32          29  0.953338145709271     
          33          32  0.986771538821724     
          34           1  0.464870725019477     
          35           5   1.26096214595299     
          35          34   1.16884349789830     
          36          35   1.15885327759990     
          37          36   1.40825504943852     
          38           2   1.14576120285059     
          38          34   1.25159827268638     
          38          37   1.19002327891455     
          39          36   1.02037322115672     
          40          37  0.994338881571506     
          41          40   1.87084601281522     
          42           2  0.922646123332946     
          42          40  0.865945201638720     
          43          42  0.927270699669894     
          44          43   1.79124584505486     
          45          43   1.09368401428524     
          46          45  0.972001593612549     
          47          16  0.927593517315573     
          48          47   1.01512714467903     
          49          48   1.87417082391649     
          50          49  0.996590564913934     
          51          49  0.960447513931400     
          52          51  0.965844952195616     
          53          52  0.981775720816150     
          54          53  0.960373005668998     
          55          54  0.974518922752572     
          56          54  0.965406351689912     
          57          56  0.973874550273540     
          58          57   1.00496184140627     
          59          58  0.967338176934804     
          60          59  0.986306438942780     
          61          59  0.950435019882006     
          62          61  0.991958930307115     
          63          62  0.979400293537797     
          64          63  0.967541011880438     
          65          64  0.986220057296156     
          66          64  0.983290014282865     
          67           3  0.941984408083093     
          68           4  0.935977894885886     
          69           5  0.942381981510834     
          70           8  0.937462239269965     
          71           9  0.942748964539638     
          72          11  0.978955869942822     
          73          11  0.983072352075043     
          74          11  0.981246323100519     
          75          12  0.967347420635754     
          76          12  0.954172939482041     
          77          13  0.955735083766975     
          78          13  0.964546270133475     
          79          22  0.971506919408393     
          80          22  0.970280121246401     
          81          22  0.969104168319447     
          82          25  0.967132580616382     
          83          25  0.957036508845609     
          84          25  0.969620426892072     
          85          28  0.937147311650226     
          86          29  0.934338233652362     
          87          31  0.971061004794834     
          88          31  0.978366847921096     
          89          31  0.971893370753500     
          90          32  0.965064461810339     
          91          32  0.970194376796768     
          92          33  0.984519910983006     
          93          33  0.983030649943626     
          94          33  0.989497481605735     
          95          39  0.967227086920396     
          96          39  0.972966656947350     
          97          39  0.951236245907631     
          98          42  0.930410881371079     
          99          46  0.984064937616160     
         100          46  0.990244125114662     
         101          46  0.976689228689973     
         102          47  0.955047494413757     
         103          47  0.954386050874744     
         104          48  0.936727827388310     
         105          50  0.970180458828801     
         106          50  0.969386089847079     
         107          50  0.965852114990280     
         108          51  0.962772817588388     
         109          51  0.962262336850870     
         110          52  0.964134230867093     
         111          52  0.966034499331582     
         112          53  0.964450245955980     
         113          53  0.962820108532616     
         114          54  0.957478628596999     
         115          55  0.982953791303498     
         116          55  0.981687549998759     
         117          55  0.978036562801707     
         118          56  0.974654852541576     
         119          56  0.956470249415558     
         120          57  0.965767387689594     
         121          57  0.962797200110258     
         122          58  0.952606715894036     
         123          58  0.962581384586122     
         124          59  0.955650743832455     
         125          60  0.984167278940546     
         126          60  0.977950550825526     
         127          60  0.977670122770156     
         128          61  0.960956194341457     
         129          61  0.971661811876894     
         130          62  0.966704606633163     
         131          62  0.968184782242570     
         132          63  0.962037256807184     
         133          63  0.967992432847196     
         134          64  0.961236656787389     
         135          65  0.982641831148716     
         136          65  0.975577343990902     
         137          65  0.977948936173639     
         138          66  0.977862235974963     
         139          66  0.978435297858491     
         140          66  0.981103928848075     
