  0.320990923233883     
  1.190212701230697E-002
 -4.992642603938791E-002
 -3.938609571870177E-002
 -3.831895440949573E-002
 -0.162007936845029     
  3.232504818605886E-002
 -4.866093581149666E-002
 -1.294519452216036E-002
  5.334694295249243E-002
 -8.666406392831583E-002
 -4.694061746298317E-002
 -5.015177722086683E-002
  0.215063342661156     
 -0.281660247710712     
 -0.165621433200317     
 -0.226980067661003     
  2.837028261697494E-002
 -3.155979507760520E-002
 -4.628517535392351E-002
  4.602876746258433E-002
 -7.135896195222902E-002
  0.126986425314132     
 -0.268742522881783     
 -8.380997676561197E-002
 -0.160624675886416     
  5.226554509548320E-002
 -1.320810503413217E-002
 -9.070085923795546E-003
  2.733820063319747E-002
 -8.528708050985401E-002
 -5.059885823238197E-002
 -8.370323185267470E-002
 -0.194796612225224     
  1.592558439206826E-002
 -1.039793737888584E-002
 -4.694028817602636E-002
  2.784176150703788E-002
 -7.627702242970713E-002
  0.161367985334967     
 -0.249713303527167     
 -2.785793763049771E-002
  0.213154133683893     
 -0.278300011697898     
 -0.164823709455632     
  4.639041862146254E-003
  4.429883122453093E-002
 -8.201888843617056E-002
 -1.145124624506622E-002
 -8.719345270729040E-002
 -6.388514292786507E-002
 -5.253489272975642E-002
 -5.496363926407799E-002
 -3.295628962375297E-002
 -0.104347455611450     
 -8.499460366304223E-002
 -6.841622471152320E-002
 -6.506897237438114E-002
 -2.633156846082230E-002
 -0.106191244176962     
 -5.843318262251085E-002
 -7.746119267584550E-002
 -8.065640519995654E-002
 -2.281899932152953E-002
 -0.104480034917109     
 -0.115526475464019     
  5.392051645886053E-002
  5.888845496328110E-002
  5.425224917317639E-002
  5.136012214651664E-002
  5.077404207911818E-002
  3.936676212462253E-002
  4.333320379428041E-002
  3.387468353143774E-002
  3.738490618570878E-002
  4.524671049917817E-002
  5.453190000615482E-002
  4.510777485430928E-002
  5.402245683937401E-002
  5.055319548598702E-002
  4.987163397591754E-002
  5.087467272631940E-002
  4.747708231388259E-002
  4.840922830580408E-002
  5.023953271866211E-002
  5.957341526372373E-002
  3.594998838464525E-002
  3.321791435588306E-002
  4.777396295048342E-002
  3.481494171318045E-002
  3.705263311146378E-002
  4.318589396122996E-002
  3.793092152920929E-002
  3.271941579024418E-002
  4.821727592341030E-002
  4.970637381596399E-002
  5.124040554522724E-002
  6.146998180301910E-002
  5.773514366550725E-002
  5.157449078492338E-002
  4.988176636746600E-002
  5.406199378493426E-002
  5.861061365754194E-002
  3.944007928822835E-002
  4.242746901935079E-002
  4.489790133867366E-002
  4.606169236984536E-002
  3.690324444327020E-002
  3.902129051314440E-002
  3.634648620253433E-002
  3.377830953792293E-002
  4.024807167692002E-002
  2.833886219247672E-002
  3.205938717712442E-002
  3.551487768112760E-002
  3.007748559387391E-002
  3.312929491249372E-002
  3.289189052496289E-002
  4.228615249573497E-002
  2.927027893757539E-002
  4.154547141191711E-002
  4.413835531590282E-002
  2.866538594017476E-002
  2.931257191541958E-002
  3.161620376484175E-002
  3.706974794486106E-002
  3.403949585397137E-002
  3.466683571401563E-002
  3.973491464035606E-002
  2.902376664347739E-002
  2.408188596820771E-002
  3.855038843066061E-002
  2.578919871379148E-002
  4.582527775079070E-002
  3.617942286157805E-002
  3.961255750828618E-002
  4.033398396360854E-002
  3.300923673398659E-002
  2.603873048831062E-002
  3.437154442201606E-002
