 excitation energies, transition moments and TDA amplitudes
 state    eV      nm       fL        Rv(corr)
    1    2.184   567.8     0.5720     2.4833     0.80( 142-> 143)  0.42( 141-> 145)  0.33( 141-> 143)
    2    2.269   546.3     0.2003    -5.0196     0.80( 141-> 143) -0.39( 142-> 145) -0.34( 142-> 143)
    3    3.202   387.3     0.0164   -10.6320     0.89( 140-> 143)  0.26( 142-> 145) -0.23( 139-> 143)
    4    3.639   340.7     0.1188    -0.4617    -0.55( 139-> 143)  0.47( 142-> 145) -0.36( 142-> 146)
    5    3.737   331.8     0.0037     7.3253     0.83( 142-> 144) -0.28( 141-> 144)  0.27( 139-> 143)
    6    3.798   326.5     0.1411   -21.9724    -0.58( 141-> 144) -0.51( 142-> 146) -0.28( 142-> 144)
    7    3.850   322.0     0.0281   -30.6142     0.62( 142-> 146) -0.45( 141-> 144) -0.41( 139-> 143)
    8    3.887   319.0     0.4572    65.1889    -0.73( 141-> 146)  0.37( 141-> 144)  0.37( 141-> 145)
    9    3.978   311.7     0.0604    11.5393    -0.58( 136-> 143) -0.43( 138-> 143) -0.27( 142-> 145)
