           6           1  0.326426790229256     
           7           2   1.42740403094749     
           7           6   1.20537782622941     
           8           7  0.924469659578394     
           9           8  0.933789834064165     
          10           3   1.38662411191023     
          10           6   1.31890072102025     
          10           9  0.930290246689130     
          11           9  0.974640556992154     
          12           8  0.940902884900234     
          13          12  0.981974480318119     
          14          13  0.944614567342090     
          15          14   1.80167816081952     
          16          14   1.08906218696041     
          17           1  0.545099580423674     
          18           3   1.24697107836959     
          18          17   1.17407534240450     
          19          18   1.18863450662971     
          20          19   1.43780382865743     
          21           4   1.34097899671421     
          21          17   1.17740848782169     
          21          20   1.07232108230369     
          22          19  0.977342822586265     
          23          20   1.03341126595768     
          24          23   1.77573811461378     
          25          23  0.981575601455267     
          26           1  0.323940033961379     
          27           4   1.26970427190788     
          27          26   1.43213913761872     
          28          27  0.869901417046696     
          29          28  0.972703366403331     
          30           5   1.49435484031899     
          30          26   1.15866535644843     
          30          29  0.936771178491387     
          31          28  0.973212432888486     
          32          29  0.941914427016275     
          33          32   1.00092182455004     
          34           1  0.575355651411345     
          35           5   1.22439003959574     
          35          34   1.11120116320594     
          36          35   1.24647393673269     
          37          36   1.31597890906703     
          38           2   1.23773048489979     
          38          34   1.20572650119354     
          38          37   1.13425597279696     
          39          36  0.976683548573828     
          40          37   1.16873041275258     
          41          40   1.75935950239207     
          42           2  0.922337954914680     
          42          40  0.819993312845391     
          43          42  0.978727032736157     
          44          43   1.79172810873638     
          45          43   1.05164935412720     
          46          45  0.970725493539621     
          47          16  0.933747558601911     
          48          47  0.994907694952254     
          49          48   1.88809836804436     
          50          49  0.978506042619065     
          51          49  0.958963805551637     
          52          51  0.965568522803467     
          53          52  0.992369804857492     
          54          53  0.971081598831582     
          55          54  0.995734699931845     
          56          54  0.939048261645359     
          57          56  0.996301753271881     
          58          57  0.986668506979162     
          59          58  0.958136632024624     
          60          59  0.984519788088354     
          61          59  0.982002251265171     
          62          61  0.970208656126719     
          63          62  0.993435420337297     
          64          63  0.959771111207394     
          65          64  0.994902248302775     
          66          64  0.977973265677208     
          67           3  0.937333443678136     
          68           4  0.937533065545375     
          69           5  0.934941727536102     
          70           8  0.935763131789165     
          71           9  0.944091794167855     
          72          11  0.979340912890499     
          73          11  0.974542523001210     
          74          11  0.977152195257166     
          75          12  0.966630805609146     
          76          12  0.962134955740050     
          77          13  0.939394422087571     
          78          13  0.962514771139349     
          79          22  0.975288034666084     
          80          22  0.966130814221864     
          81          22  0.969972183737332     
          82          25  0.954643081342053     
          83          25  0.955987955233561     
          84          25  0.971040642373819     
          85          28  0.948948016705290     
          86          29  0.931175973567397     
          87          31  0.981761654750157     
          88          31  0.977111982513915     
          89          31  0.977928492553224     
          90          32  0.967074205495454     
          91          32  0.968204558143747     
          92          33  0.978854070439064     
          93          33  0.980318149527155     
          94          33  0.986585405820816     
          95          39  0.969402182384340     
          96          39  0.977773058597548     
          97          39  0.967968100658343     
          98          42  0.924111605428415     
          99          46  0.983383187492802     
         100          46  0.980192630604158     
         101          46  0.988806801368886     
         102          47  0.963961817110135     
         103          47  0.963050854732283     
         104          48  0.936572083098592     
         105          50  0.977720019444101     
         106          50  0.966003144597923     
         107          50  0.972605234176214     
         108          51  0.965909972356068     
         109          51  0.952765343978982     
         110          52  0.965118959846432     
         111          52  0.966901665883961     
         112          53  0.955774700280299     
         113          53  0.966368583130726     
         114          54  0.954595780560598     
         115          55  0.975559432488881     
         116          55  0.976022391808701     
         117          55  0.977308263622345     
         118          56  0.965466520286874     
         119          56  0.962160855325832     
         120          57  0.962061451212926     
         121          57  0.957006166408610     
         122          58  0.958581471113075     
         123          58  0.970067295774488     
         124          59  0.954751549036424     
         125          60  0.979913838491141     
         126          60  0.974733443374156     
         127          60  0.982366071022110     
         128          61  0.962258427554438     
         129          61  0.962993178138323     
         130          62  0.970961339100707     
         131          62  0.969177558472150     
         132          63  0.961887873694035     
         133          63  0.969170927272761     
         134          64  0.953941862548680     
         135          65  0.977609895751011     
         136          65  0.976598933706264     
         137          65  0.980224816204901     
         138          66  0.981655577477362     
         139          66  0.981044212156930     
         140          66  0.979443000782180     
