  0.291867622362021     
  1.715409557049785E-002
 -3.995934363390763E-002
 -2.704084743292867E-002
 -7.393356518755390E-003
 -0.159354839168862     
  4.712332883190484E-002
 -3.406768767596979E-002
 -2.333438628117879E-002
  1.526943020260063E-002
 -9.291174907749777E-002
 -5.168129406888511E-002
 -6.293510508038835E-002
  0.216167027181356     
 -0.282537569308754     
 -0.150036221069025     
 -0.228401744016050     
 -4.907394092032114E-003
 -3.429625454645091E-002
 -6.729763263510158E-002
  2.617056054898415E-002
 -6.770963233406047E-002
  0.136796072438743     
 -0.225948508097249     
 -8.018808178146664E-002
 -0.149353875792249     
  5.199855656147800E-002
 -1.014542257273465E-002
 -2.097141818603543E-002
  3.382277355481778E-002
 -8.233008988354484E-002
 -5.914223039738697E-002
 -9.262301049727917E-002
 -0.221895444097940     
  2.979194367179527E-002
  2.542431670154199E-002
 -5.822047602379588E-002
  1.498396116119372E-002
 -6.600897430771724E-002
  0.146886218417857     
 -0.220796404988061     
 -3.639827760250025E-002
  0.233706557104393     
 -0.243181678175946     
 -0.183819561995292     
  6.029664173284655E-003
  5.894858310910545E-002
 -7.870490909263594E-002
 -1.693532118314689E-002
 -0.108113746676245     
 -4.897952233770297E-002
 -5.609430455560460E-002
 -8.702963128053298E-002
 -3.004199143741459E-002
 -0.109576250259794     
 -5.219696839901378E-002
 -5.406870972935973E-002
 -7.529305046430324E-002
 -1.745620613087784E-002
 -0.100567549921148     
 -7.907054839733618E-002
 -5.897308441951665E-002
 -4.887190244263451E-002
 -2.716770813805525E-002
 -0.100126791550289     
 -0.130846749099710     
  5.444976555412595E-002
  5.465561246592621E-002
  4.398646344671719E-002
  5.205772909012130E-002
  4.807157098001202E-002
  3.876735403325393E-002
  3.737674964433324E-002
  4.512847155245270E-002
  3.557492837116560E-002
  5.277314003278433E-002
  3.650937570007018E-002
  4.664230198265118E-002
  5.024870394882119E-002
  5.128716995715765E-002
  5.095471568492371E-002
  5.747699784036076E-002
  4.692530102269010E-002
  5.362674267088552E-002
  5.498319352677727E-002
  4.889105905617419E-002
  3.854574525552856E-002
  3.431573216394845E-002
  4.430888266629074E-002
  3.805039871282434E-002
  3.268257729887558E-002
  3.419575517638751E-002
  3.572135951336353E-002
  3.529833490853262E-002
  4.188372555822584E-002
  4.953581186795819E-002
  5.361834221557438E-002
  6.004739282516336E-002
  5.165383778386157E-002
  5.595196350930232E-002
  4.648703779972851E-002
  6.429935010906107E-002
  6.503712671600526E-002
  3.397717250208365E-002
  4.296798789868272E-002
  4.214489362502671E-002
  3.344253647854867E-002
  4.199155805478016E-002
  4.783518161245570E-002
  4.199629595177556E-002
  3.451761665842656E-002
  2.921922240666597E-002
  3.488146530757252E-002
  3.828026339563950E-002
  3.426815873906419E-002
  3.172428929548377E-002
  2.856297406046737E-002
  4.186494440717514E-002
  3.615084490918807E-002
  3.267734838832059E-002
  3.542156076224379E-002
  2.805121845590675E-002
  3.857980423781393E-002
  3.089774241250143E-002
  3.805336265718962E-002
  3.277428919283698E-002
  3.400644636890426E-002
  2.722361242686533E-002
  2.620555768017874E-002
  2.965004665731641E-002
  3.554738755122433E-002
  3.860106719897816E-002
  3.545975282018821E-002
  3.073278832586301E-002
  4.391328200016742E-002
  3.019958215208796E-002
  2.865569110622457E-002
  3.287510885102540E-002
  2.677887044022720E-002
  2.071209963173515E-002
