 excitation energies, transition moments and TDA amplitudes
 state    eV      nm       fL        Rv(corr)
    1    2.269   546.4     0.1381    -0.4874     0.82( 141-> 143) -0.27( 142-> 145)  0.24( 142-> 144)
    2    2.361   525.2     0.5583    -3.0519    -0.83( 142-> 143) -0.33( 141-> 145)  0.30( 141-> 144)
    3    3.040   407.8     0.0131    -4.1667    -0.92( 140-> 143)  0.16( 141-> 143) -0.13( 141-> 144)
    4    3.515   352.7     0.0209     3.0021    -0.77( 139-> 143) -0.36( 142-> 144)  0.26( 138-> 143)
    5    3.736   331.8     0.0085   -37.4420     0.68( 141-> 144)  0.53( 141-> 145) -0.18( 140-> 143)
    6    3.746   331.0     0.1011     0.6757    -0.52( 142-> 147)  0.51( 142-> 145)  0.48( 142-> 146)
    7    3.895   318.3     0.3537     9.2685    -0.66( 142-> 144)  0.34( 141-> 147)  0.33( 142-> 146)
    8    4.020   308.4     0.0663     1.2066    -0.53( 141-> 146)  0.49( 141-> 147)  0.41( 142-> 145)
    9    4.068   304.8     0.1090    12.6903     0.53( 136-> 143) -0.40( 141-> 146)  0.29( 138-> 143)
