  0.302747241487645     
  3.077620180750529E-003
 -2.839948354895050E-002
 -3.904725907944506E-002
 -2.239774667809957E-002
 -0.151334400500899     
  5.676315427218759E-002
 -2.790813796326663E-002
 -2.704206587649782E-002
  9.245004307191884E-003
 -9.472591784513451E-002
 -5.557735752898640E-002
 -3.916484122144315E-002
  0.213668573265693     
 -0.276811790291710     
 -0.176082398869255     
 -0.210128002667608     
 -7.495817322441312E-003
 -1.177005461738467E-002
 -6.658547261891812E-002
  3.312296821599547E-002
 -7.386840541092798E-002
  0.172115719236154     
 -0.208514912004480     
 -0.108841665855097     
 -0.169607959288560     
  6.219464065712410E-002
 -1.575076887307159E-002
 -1.960660174228046E-002
  3.448646764076368E-002
 -8.867457106049681E-002
 -4.625488627752361E-002
 -9.892342590342373E-002
 -0.217077013713271     
  3.494176260851178E-002
  1.498082811022794E-002
 -5.430325358524257E-002
  3.543595850558168E-002
 -6.165430910959024E-002
  0.113429491184482     
 -0.248728065574810     
 -2.154311480725823E-002
  0.231596412458182     
 -0.280766279865150     
 -0.149292794333486     
  1.822271629601069E-002
  5.437711017465041E-002
 -6.450341379534397E-002
 -1.210688841360152E-002
 -0.113574021142615     
 -6.671877151597805E-002
 -6.151430304386007E-002
 -6.958847900908971E-002
 -2.289039544625560E-002
 -0.109775256497664     
 -7.022838923508523E-002
 -6.209577814904499E-002
 -7.247078052638400E-002
 -6.048525971928953E-003
 -0.106847387733244     
 -6.967126308839688E-002
 -7.485612906706773E-002
 -6.474551302611786E-002
 -1.909951746125760E-002
 -0.102308780685503     
 -8.906420620334377E-002
  5.198631902866635E-002
  5.079295864849187E-002
  5.733240803998252E-002
  6.087125522750225E-002
  4.500931114613482E-002
  3.786921923670250E-002
  3.678481583474846E-002
  3.664921112702002E-002
  3.107055446058049E-002
  5.429581796901017E-002
  5.392705633986006E-002
  4.721901807632711E-002
  5.321775660962591E-002
  5.039314482365120E-002
  4.690943660778779E-002
  4.636515434267119E-002
  4.159851854060015E-002
  4.111733371713044E-002
  5.091814405250927E-002
  5.212568130442741E-002
  3.950033219415261E-002
  3.934833284494632E-002
  3.668485602999161E-002
  3.831906660376583E-002
  3.265201308308230E-002
  2.857423201987352E-002
  2.678801488693372E-002
  4.343702663273508E-002
  4.999486390824226E-002
  4.974907442371235E-002
  5.329512351963051E-002
  5.483036901704108E-002
  5.548484480014515E-002
  5.907643693834841E-002
  4.443323748911909E-002
  6.060524127390821E-002
  6.196011851556271E-002
  3.824739073622330E-002
  3.551212434081219E-002
  4.448835259433415E-002
  3.359248250809987E-002
  3.959625872086869E-002
  3.819323611144132E-002
  3.267119251636497E-002
  3.165814446046267E-002
  4.322426594796380E-002
  2.850236254387162E-002
  3.766232174234729E-002
  3.816710935260004E-002
  2.681023750852962E-002
  3.408856402122218E-002
  2.940442848183855E-002
  3.831766593040842E-002
  3.455963169065956E-002
  3.427119865994821E-002
  4.013930476761518E-002
  2.999104262845875E-002
  3.752132192454882E-002
  2.962332239624266E-002
  3.743552728987309E-002
  2.377676841870835E-002
  2.825123777853056E-002
  3.558839123414903E-002
  3.183966761481283E-002
  1.832919266431576E-002
  3.432303352992605E-002
  2.869271169245680E-002
  2.518363109737309E-002
  2.877150186714938E-002
  4.005336602857457E-002
  2.892460316358703E-002
  2.257487599199515E-002
  4.264813841162995E-002
  4.175999976281008E-002
