 excitation energies, transition moments and TDA amplitudes
 state    eV      nm       fL        Rv(corr)
    1    2.229   556.1     0.4293     1.0385    -0.68( 143-> 144) -0.56( 142-> 144)  0.33( 142-> 146)
    2    2.350   527.5     0.3995     5.0306     0.67( 142-> 144) -0.54( 143-> 144)  0.32( 143-> 146)
    3    3.203   387.1     0.0030     9.9635    -0.92( 141-> 144) -0.20( 142-> 145)  0.19( 139-> 144)
    4    3.601   344.3     0.0366    -1.1560    -0.57( 139-> 144)  0.54( 143-> 146) -0.37( 142-> 145)
    5    3.696   335.4     0.1770    10.4077    -0.90( 143-> 145) -0.20( 140-> 144) -0.17( 143-> 147)
    6    3.783   327.8     0.0805    -7.7976    -0.67( 142-> 145) -0.47( 140-> 144)  0.27( 141-> 144)
    7    4.015   308.8     0.0576     2.0423    -0.73( 143-> 148) -0.52( 143-> 147)  0.24( 139-> 144)
    8    4.068   304.8     0.1142    -5.2993    -0.60( 140-> 144) -0.43( 138-> 144)  0.34( 142-> 145)
    9    4.139   299.6     0.1152    -0.5947    -0.48( 142-> 147)  0.39( 138-> 144)  0.35( 143-> 148)
