           6           1  0.313764214340292     
           7           2   1.37262979346903     
           7           6   1.37197715291240     
           8           7  0.867909834517999     
           9           8  0.969981373240175     
          10           3   1.40370951360115     
          10           6   1.21601875659104     
          10           9  0.901751841142154     
          11           9  0.957114526767230     
          12           8  0.950462031632239     
          13          12  0.950607656219010     
          14          13  0.959896178376122     
          15          14   1.82101750416956     
          16          14   1.06814913916386     
          17           1  0.605646990272947     
          18           3   1.31379741052330     
          18          17   1.08180958550787     
          19          18   1.18600088075226     
          20          19   1.43780490292563     
          21           4   1.32247288728125     
          21          17   1.17484997873615     
          21          20   1.10944331719301     
          22          19  0.996974602042029     
          23          20  0.956012678150675     
          24          23   1.89485097852837     
          25          23  0.932356696323929     
          26           1  0.371109066830777     
          27           4   1.36041212582248     
          27          26   1.36471082453130     
          28          27  0.907047363579674     
          29          28  0.964980694751446     
          30           5   1.48380742938062     
          30          26   1.14752580312627     
          30          29  0.924017893323382     
          31          28  0.971571171262252     
          32          29  0.952870245277797     
          33          32   1.00095519233786     
          34           1  0.524827510339889     
          35           5   1.26167150127758     
          35          34   1.11713817035936     
          36          35   1.21557619860060     
          37          36   1.30221866382155     
          38           2   1.20025454929487     
          38          34   1.25205485733568     
          38          37   1.14307534582443     
          39          36   1.04083381785820     
          40          37   1.13205148533315     
          41          40   1.75071512924442     
          42           2  0.962047738101755     
          42          40  0.837327960590431     
          43          42  0.954885506440679     
          44          43   1.78468284998734     
          45          43   1.08417741886425     
          46          45  0.964875436672799     
          47          16  0.934943378762937     
          48          47   1.00584484420597     
          49          48   1.90272371424382     
          50          49  0.968113571840633     
          51          49  0.954269569598425     
          52          51  0.965769510582301     
          53          52  0.991823436782138     
          54          53  0.962777198458297     
          55          54  0.983893134701770     
          56          54  0.974706352345134     
          57          56  0.979520524708496     
          58          57  0.978437704768655     
          59          58  0.958546960790220     
          60          59   1.00552995226252     
          61          59  0.961521453969293     
          62          61  0.985887507567423     
          63          62  0.979335116378872     
          64          63  0.974207266794964     
          65          64  0.969672949336269     
          66          64  0.993773502066773     
          67           3  0.932074773285828     
          68           4  0.930458305331419     
          69           5  0.930982287207533     
          70           8  0.940195810847414     
          71           9  0.947831355096143     
          72          11  0.981735176663713     
          73          11  0.978824938492685     
          74          11  0.981093415892658     
          75          12  0.968483579498040     
          76          12  0.957982522047750     
          77          13  0.960140860926223     
          78          13  0.958986946990143     
          79          22  0.961194552669332     
          80          22  0.969154370767927     
          81          22  0.969549829578694     
          82          25  0.964449863885504     
          83          25  0.966994431705959     
          84          25  0.973089723499427     
          85          28  0.945096610718388     
          86          29  0.938837740010822     
          87          31  0.976645931516543     
          88          31  0.974744584144079     
          89          31  0.979195136641107     
          90          32  0.965755931714920     
          91          32  0.969276090552180     
          92          33  0.981300175444116     
          93          33  0.986118200691457     
          94          33  0.979766292295797     
          95          39  0.955809982398057     
          96          39  0.948931288567306     
          97          39  0.968196782335261     
          98          42  0.925022783313568     
          99          46  0.985000291050488     
         100          46  0.981743967575840     
         101          46  0.990950174427319     
         102          47  0.961579635630362     
         103          47  0.963014474574290     
         104          48  0.930543698173992     
         105          50  0.974415264830966     
         106          50  0.973310650971446     
         107          50  0.968246480209943     
         108          51  0.961793258705016     
         109          51  0.963527623695363     
         110          52  0.965681570769397     
         111          52  0.966312182930956     
         112          53  0.957181144505588     
         113          53  0.961588586158061     
         114          54  0.951012246082383     
         115          55  0.981053463523858     
         116          55  0.980531309783603     
         117          55  0.975526246599767     
         118          56  0.963821601215667     
         119          56  0.960769917952717     
         120          57  0.972830153675131     
         121          57  0.968154705223626     
         122          58  0.961555740608593     
         123          58  0.968831306328988     
         124          59  0.950671990579661     
         125          60  0.972838566949990     
         126          60  0.971462071046069     
         127          60  0.976351185881481     
         128          61  0.967083519260156     
         129          61  0.959282715005482     
         130          62  0.965889939048044     
         131          62  0.970538458190039     
         132          63  0.961870700097229     
         133          63  0.968105478214163     
         134          64  0.959415360590119     
         135          65  0.982509262314002     
         136          65  0.982493728269042     
         137          65  0.980478338100416     
         138          66  0.983264897881425     
         139          66  0.978541310440614     
         140          66  0.975001439887528     
