 excitation energies, transition moments and TDA amplitudes
 state    eV      nm       fL        Rv(corr)
    1    2.275   545.0     0.5516    -6.7810     0.84( 143-> 144)  0.39( 142-> 146)  0.26( 142-> 144)
    2    2.381   520.7     0.2254     6.0667    -0.80( 142-> 144)  0.44( 143-> 146)  0.27( 143-> 144)
    3    3.192   388.4     0.0070     3.0845     0.92( 141-> 144) -0.21( 139-> 144) -0.18( 143-> 146)
    4    3.665   338.3     0.1333    20.5021     0.85( 143-> 145)  0.25( 143-> 147) -0.25( 139-> 144)
    5    3.742   331.4     0.0106    -1.2167     0.68( 139-> 144) -0.40( 138-> 144)  0.36( 143-> 146)
    6    3.972   312.1     0.0304   -13.4318    -0.48( 136-> 144) -0.47( 137-> 144)  0.38( 138-> 144)
    7    4.041   306.8     0.1356   -14.4689    -0.61( 142-> 145) -0.32( 143-> 148) -0.30( 143-> 146)
    8    4.054   305.8     0.3766    11.8512    -0.68( 143-> 148)  0.44( 143-> 146)  0.26( 142-> 144)
    9    4.110   301.7     0.1956    21.9716    -0.53( 142-> 145)  0.44( 143-> 148)  0.25( 143-> 146)
