           6           1  0.392352587868977     
           7           2   1.49929633393917     
           7           6   1.18958027418388     
           8           7  0.896789599494760     
           9           8  0.963967806843633     
          10           3   1.34776912111470     
          10           6   1.26823351149015     
          10           9  0.937932784804467     
          11           9  0.958053053964666     
          12           8  0.941344477977203     
          13          12   1.00654680424522     
          14          13  0.908407211542574     
          15          14   1.80775330887572     
          16          14   1.11138081835866     
          17           1  0.548216839314757     
          18           3   1.33832433870470     
          18          17   1.15364530464683     
          19          18   1.15887683996228     
          20          19   1.45482205723074     
          21           4   1.34662480989269     
          21          17   1.13646446167293     
          21          20   1.08436308676448     
          22          19  0.976292882424742     
          23          20  0.997076634694366     
          24          23   1.86893824024750     
          25          23  0.916274357659657     
          26           1  0.365680959566432     
          27           4   1.34756997559489     
          27          26   1.34092287722253     
          28          27  0.907852192528700     
          29          28  0.952229832214231     
          30           5   1.50961315026895     
          30          26   1.18719210826084     
          30          29  0.910827582682381     
          31          28  0.972697226409929     
          32          29  0.971687757987398     
          33          32  0.998056794354573     
          34           1  0.549184113934363     
          35           5   1.22286189038333     
          35          34   1.14225648862357     
          36          35   1.24386295500565     
          37          36   1.31308105460940     
          38           2   1.16229313222701     
          38          34   1.18295703460597     
          38          37   1.20391791520125     
          39          36   1.00223431100530     
          40          37   1.07437601497813     
          41          40   1.87370297824075     
          42           2  0.963978734764805     
          42          40  0.743212630395141     
          43          42  0.993018529156369     
          44          43   1.77975922544966     
          45          43   1.05825679518459     
          46          45  0.968872925809324     
          47          16  0.926489668108797     
          48          47   1.00200133091663     
          49          48   1.84706059444742     
          50          49  0.985488970649420     
          51          49  0.994544585999989     
          52          51  0.992744216276285     
          53          52  0.956200431278083     
          54          53  0.959489702925281     
          55          54  0.999177003465320     
          56          54  0.963579335713003     
          57          56  0.972339121799621     
          58          57  0.992520323152550     
          59          58  0.979770968828829     
          60          59  0.976367703251659     
          61          59  0.954939754211382     
          62          61  0.977862693034067     
          63          62  0.996398395809807     
          64          63  0.951357783396094     
          65          64   1.01895362964793     
          66          64  0.974217268795836     
          67           3  0.933666478009391     
          68           4  0.931821215474654     
          69           5  0.933940458061848     
          70           8  0.932231311088328     
          71           9  0.942081839905045     
          72          11  0.981213151835197     
          73          11  0.977523010873678     
          74          11  0.979572883312564     
          75          12  0.960365810712431     
          76          12  0.963524274155453     
          77          13  0.950453951938151     
          78          13  0.951962368769688     
          79          22  0.966509687230586     
          80          22  0.976059340996830     
          81          22  0.971084407282807     
          82          25  0.968402073970110     
          83          25  0.967990390591131     
          84          25  0.975764288088588     
          85          28  0.945426392541640     
          86          29  0.936965024897962     
          87          31  0.976058817872464     
          88          31  0.979747659763683     
          89          31  0.980424101874775     
          90          32  0.964605873045842     
          91          32  0.959185513759481     
          92          33  0.979272600886898     
          93          33  0.983910430789990     
          94          33  0.984078398876900     
          95          39  0.972860844546488     
          96          39  0.967590595264760     
          97          39  0.957532858519325     
          98          42  0.920366111344504     
          99          46  0.983570880189218     
         100          46  0.984902811754665     
         101          46  0.989569047903278     
         102          47  0.964280057584509     
         103          47  0.967942558377952     
         104          48  0.945238240510815     
         105          50  0.975913272969643     
         106          50  0.973862382702077     
         107          50  0.968211771941132     
         108          51  0.946627571881032     
         109          51  0.946445489437243     
         110          52  0.961451715633615     
         111          52  0.964919536725266     
         112          53  0.960194869212101     
         113          53  0.972996220873983     
         114          54  0.954821572785338     
         115          55  0.974049282367196     
         116          55  0.968054705285666     
         117          55  0.978582005319861     
         118          56  0.965838264178724     
         119          56  0.966478552748186     
         120          57  0.969516290802551     
         121          57  0.971416745838067     
         122          58  0.960184865538714     
         123          58  0.958636700203154     
         124          59  0.956672723957356     
         125          60  0.980359911935279     
         126          60  0.980887453466599     
         127          60  0.980672910373035     
         128          61  0.961287122617907     
         129          61  0.964308423362525     
         130          62  0.969914748409579     
         131          62  0.961763042648413     
         132          63  0.959312886012048     
         133          63  0.967489645546065     
         134          64  0.956063557890815     
         135          65  0.973167875082654     
         136          65  0.965426131953619     
         137          65  0.976680464142632     
         138          66  0.978451253637366     
         139          66  0.982536723313082     
         140          66  0.983685031429917     
