  0.292252538508054     
  5.542548361301858E-003
 -1.708320840903177E-002
 -4.370362454299759E-002
 -3.169015021650168E-002
 -0.145247436849363     
  2.690595621317238E-002
 -2.866745022999062E-002
 -2.731276791940562E-002
  4.497788426281213E-002
 -8.836473017632951E-002
 -4.915409480098276E-002
 -5.936876779977851E-002
  0.221232305195530     
 -0.223022813939348     
 -0.176253126915684     
 -0.213368115367986     
  4.363683215313641E-002
 -2.415942770356061E-003
 -4.789034744610632E-002
  4.215178279876319E-002
 -7.959905122567879E-002
  0.133103930848471     
 -0.258939996021364     
 -9.146917600557636E-002
 -0.180650256548192     
  6.432889530929842E-002
 -1.819472183334447E-002
 -2.979701963978076E-002
  2.350970819192977E-002
 -9.218660017383673E-002
 -5.689176836683885E-002
 -8.706932178534554E-002
 -0.218836604281197     
  2.695768687965661E-002
 -1.668837818433300E-002
 -5.860393582335277E-002
  5.217606537668473E-002
 -6.781340592380580E-002
  0.133333517155641     
 -0.241579266044432     
 -2.204749981526799E-002
  0.233834464600590     
 -0.267319014034927     
 -0.150129990100306     
  1.167375584262142E-002
  4.433151295232474E-002
 -7.875594972927047E-002
 -2.554452050022427E-002
 -7.867361576469367E-002
 -6.710637698997690E-002
 -5.346078791068809E-002
 -6.378688609581307E-002
 -3.525726694184428E-002
 -0.104492559624095     
 -6.602797232146429E-002
 -6.147878601792023E-002
 -5.846293418228488E-002
 -4.006770365369317E-002
 -9.745656557166793E-002
 -6.642757409805267E-002
 -4.768268517652618E-002
 -4.542690202427035E-002
 -2.562197288010548E-002
 -0.118727144003520     
 -0.118201682737070     
  5.622651551378222E-002
  5.143898922634627E-002
  5.545797049939916E-002
  4.789140535345604E-002
  4.604128883648440E-002
  3.579911540676650E-002
  3.850491958533808E-002
  4.358216512664537E-002
  4.922108954157045E-002
  3.541755330624063E-002
  3.558316668812245E-002
  5.641829095126849E-002
  5.265630991480830E-002
  4.023481860181843E-002
  4.461220637542018E-002
  4.336518621430796E-002
  4.729884690817987E-002
  4.887207614229794E-002
  5.881219491086176E-002
  5.215179748976528E-002
  3.739635914409656E-002
  3.978283453359965E-002
  3.536155697805243E-002
  3.260836375790743E-002
  4.462574733539115E-002
  3.072668783662258E-002
  4.153274460197298E-002
  3.604272628271854E-002
  3.905361720449596E-002
  5.161093053781374E-002
  4.980092695346316E-002
  6.132423697877176E-002
  3.918885745166434E-002
  5.759444613009246E-002
  5.293504308599262E-002
  6.199279734293417E-002
  3.899380261113206E-002
  3.479719225075073E-002
  4.596311835356670E-002
  4.083505219784311E-002
  5.086145331338432E-002
  3.690240807256062E-002
  3.539059844505710E-002
  2.932984310293729E-002
  3.421802942100438E-002
  2.992160673367927E-002
  4.480173010113131E-002
  3.261095310767892E-002
  3.866606103994430E-002
  2.925900890358990E-002
  2.931575721344781E-002
  4.205616699036019E-002
  3.581724181328760E-002
  2.661717544515307E-002
  3.808377739099023E-002
  1.780289458657258E-002
  3.914261083553261E-002
  2.731327582958054E-002
  4.315122978824171E-002
  3.625460628805255E-002
  2.338400028958965E-002
  3.459966320275132E-002
  2.829770007397514E-002
  3.539784892736852E-002
  2.757367643249486E-002
  3.073542303065080E-002
  4.951858948224652E-002
  3.503672541491321E-002
  3.172466878301394E-002
  1.590546048792629E-002
  3.686446941992105E-002
  2.768461237421904E-002
  3.022514405121102E-002
  2.785172621043475E-002
