 excitation energies, transition moments and TDA amplitudes
 state    eV      nm       fL        Rv(corr)
    1    2.229   556.1     0.7093   -27.6630     0.85( 142-> 143) -0.36( 141-> 145)  0.27( 141-> 143)
    2    2.428   510.6     0.2233     1.5837    -0.81( 141-> 143) -0.41( 142-> 145)  0.27( 142-> 143)
    3    3.224   384.6     0.0183    16.3584     0.90( 139-> 143)  0.22( 136-> 143) -0.16( 137-> 143)
    4    3.511   353.1     0.0023     1.0879     0.60( 136-> 143) -0.57( 137-> 143) -0.36( 138-> 143)
    5    3.690   336.0     0.0412     3.5442     0.86( 142-> 144)  0.29( 142-> 145)  0.21( 138-> 143)
    6    3.765   329.3     0.0376    -1.9580    -0.73( 138-> 143)  0.39( 137-> 143) -0.31( 142-> 145)
    7    3.885   319.1     0.0864    18.5101     0.37( 141-> 144)  0.37( 142-> 145) -0.36( 135-> 143)
    8    4.004   309.7     0.2226    12.1038    -0.62( 142-> 147)  0.57( 142-> 146)  0.23( 142-> 144)
    9    4.092   303.0     0.1135   -36.9878    -0.51( 141-> 144) -0.41( 134-> 143) -0.33( 135-> 143)
