  0.303582858548922     
  2.317664885174198E-002
 -1.792149555255129E-002
 -3.056092128011922E-002
 -4.233920956168724E-002
 -0.130736137986865     
  5.086288434072017E-002
 -2.489602634052090E-002
 -2.760718370857873E-002
  3.112544630316405E-002
 -9.666736881547511E-002
 -6.258810980271701E-002
 -7.619001703821127E-002
  0.208122382901287     
 -0.249953609156936     
 -0.140241041074144     
 -0.219965120644505     
  5.102799827448967E-002
 -3.220241996305173E-002
 -6.541744903762226E-002
  4.533511047895500E-002
 -8.882487387419324E-002
  0.169332080531416     
 -0.230917459817229     
 -9.930034831401446E-002
 -0.191631747675282     
  2.613594551146514E-002
 -5.299659881250918E-003
 -2.541912086188525E-002
  5.367889904848866E-002
 -8.348551743702970E-002
 -7.448924946319302E-002
 -8.991031643099046E-002
 -0.210108453899860     
  2.508397412013474E-002
 -2.079446871579194E-002
 -4.546381312909720E-002
  1.132137840064162E-002
 -5.595921874449239E-002
  0.125049254134505     
 -0.224618643829896     
 -3.226928179124045E-002
  0.241455313408661     
 -0.296660168860238     
 -0.147576442685065     
  1.953972768130008E-002
  4.485041232878650E-002
 -7.514413677260556E-002
 -4.058720187805775E-002
 -9.959601032952126E-002
 -6.236303112350061E-002
 -6.430026815325984E-002
 -6.138551859653241E-002
 -4.851813775800018E-003
 -9.622407744812733E-002
 -8.339847701560466E-002
 -5.718724070867598E-002
 -8.210010135058177E-002
 -2.763462519274462E-002
 -0.119496456324874     
 -6.745798770801681E-002
 -7.297912853463284E-002
 -6.444322706136685E-002
 -2.145857123408224E-002
 -0.100548661530393     
 -0.121617770300780     
  5.240413902676877E-002
  5.653164495021479E-002
  6.167800469091400E-002
  5.689413590590553E-002
  4.877595949302527E-002
  4.677178074531863E-002
  3.411112719139531E-002
  3.555004457451938E-002
  3.495213328382818E-002
  4.250737314265707E-002
  3.766112784533360E-002
  4.140818369032073E-002
  5.012822399602912E-002
  4.539673071059969E-002
  3.876311941600963E-002
  4.198573384987903E-002
  5.369057922782716E-002
  4.209498667611633E-002
  5.733826190117430E-002
  5.438168470917781E-002
  4.460837267238627E-002
  3.323733875682422E-002
  3.776341302447705E-002
  3.660984089426267E-002
  2.882405591208859E-002
  3.270420364684112E-002
  2.920163651197882E-002
  3.812416763764648E-002
  5.699888467330905E-002
  5.316915768293218E-002
  5.162798903047527E-002
  5.787642311943741E-002
  5.592202283192893E-002
  5.080092630331290E-002
  5.587626947773994E-002
  5.837771136765757E-002
  6.180986250887099E-002
  3.807250366144721E-002
  4.164173178728969E-002
  3.494204389303990E-002
  4.424092582229688E-002
  3.409314491274629E-002
  4.804122849292414E-002
  3.594959008520093E-002
  4.300227613028940E-002
  3.916523320569465E-002
  3.582102563440315E-002
  3.570603683230922E-002
  3.242116669004180E-002
  3.398628431528683E-002
  2.989307236895433E-002
  4.049693840426949E-002
  2.899960959954206E-002
  4.562425076952281E-002
  4.826315896944300E-002
  2.224102133084582E-002
  2.518319701072502E-002
  3.123524088823448E-002
  3.290398549223050E-002
  3.807075191938902E-002
  1.905802863919281E-002
  3.289341150357439E-002
  3.664771204233686E-002
  4.400267819145620E-002
  3.669099335469150E-002
  3.548492296141914E-002
  4.364238544088761E-002
  3.805067195589795E-002
  3.623669401622598E-002
  3.652300528566144E-002
  2.934546554843021E-002
  3.050968690063049E-002
  3.169947304525689E-002
  2.577208736728509E-002
