 excitation energies, transition moments and TDA amplitudes
 state    eV      nm       fL        Rv(corr)
    1    2.170   571.3     0.3775    -1.3033     0.63( 144-> 145) -0.61( 143-> 145)  0.27( 143-> 147)
    2    2.206   562.1     0.5413    -2.9628    -0.63( 143-> 145) -0.61( 144-> 145)  0.27( 144-> 147)
    3    3.019   410.7     0.0147   -22.1843     0.94( 142-> 145) -0.14( 144-> 147)  0.10( 143-> 145)
    4    3.464   357.9     0.0030     3.7269    -0.76( 141-> 145) -0.41( 144-> 147) -0.27( 144-> 146)
    5    3.580   346.3     0.0390    -7.8172    -0.53( 144-> 148)  0.50( 144-> 146) -0.40( 144-> 149)
    6    3.685   336.5     0.0126    26.8963    -0.66( 144-> 146) -0.49( 144-> 148) -0.28( 144-> 149)
    7    3.800   326.3     0.1597   -49.8228     0.49( 143-> 149) -0.46( 143-> 146)  0.41( 143-> 148)
    8    3.853   321.8     0.0300    11.8604    -0.64( 138-> 145) -0.51( 137-> 145)  0.29( 144-> 146)
    9    3.924   316.0     0.0227    25.8545    -0.68( 143-> 146) -0.33( 137-> 145)  0.30( 143-> 147)
