  0.333477752642222     
  2.743650843144341E-002
 -3.883568914300817E-002
 -2.211332697704815E-002
 -3.440502378232502E-002
 -0.152945914994428     
  1.907779800296394E-002
 -2.505592461165218E-002
 -3.515260445958290E-002
  5.890266788511989E-002
 -8.743137577150861E-002
 -5.017211472592997E-002
 -5.480693470224463E-002
  0.219311942043399     
 -0.264770571532575     
 -0.158476212863165     
 -0.225942754746853     
  2.561313966316581E-002
 -5.915175139000972E-003
 -6.011041605196343E-002
  3.610742711752746E-002
 -6.419643182332635E-002
  0.102314146734390     
 -0.261858089291469     
 -9.459165450069484E-002
 -0.161736526362494     
  1.519693704299740E-002
 -6.135977160840689E-003
 -3.040651993625776E-002
  2.753081511842259E-002
 -9.893995379028286E-002
 -5.961852333648388E-002
 -8.639469467122929E-002
 -0.220151203277783     
  2.855855071837743E-002
  1.466602421894425E-002
 -4.592759985350714E-002
  4.238123306392616E-002
 -6.337979843972974E-002
  0.150817439210795     
 -0.253330665754382     
 -4.843031543123999E-002
  0.245691015775371     
 -0.235079709847580     
 -0.162059895080028     
  1.128536602357233E-003
  3.815132108211472E-002
 -7.470703151061642E-002
 -1.939258278095757E-002
 -9.171092018249283E-002
 -6.701649966275092E-002
 -6.054659222696479E-002
 -7.629992806973362E-002
 -3.012385895165526E-002
 -8.680025062558450E-002
 -7.058343240649290E-002
 -6.756096325544103E-002
 -7.034729080919977E-002
 -2.082558076077667E-002
 -0.103246471416376     
 -7.118938185992274E-002
 -6.992731694373067E-002
 -5.802277386508603E-002
 -2.590777163222935E-002
 -0.109236638090342     
 -9.918233725921688E-002
  5.721818560214753E-002
  5.733371525281694E-002
  5.647751526538469E-002
  5.222694476949585E-002
  4.771475347240861E-002
  3.508422383551268E-002
  3.681818880587562E-002
  4.466994678162184E-002
  3.546356528623174E-002
  5.184069700739369E-002
  5.139962381444863E-002
  3.438496666462343E-002
  5.820252208520138E-002
  5.826707893253269E-002
  4.476219855948105E-002
  4.809483671603576E-002
  4.003346269817665E-002
  4.822666226780259E-002
  4.884139891837347E-002
  5.239444519838643E-002
  5.714092263352322E-002
  4.675560899947673E-002
  2.654996491847950E-002
  3.514473311038713E-002
  3.563134800135737E-002
  3.638521229394265E-002
  3.089004836733111E-002
  3.587961320141653E-002
  4.770586487542294E-002
  4.668659633075256E-002
  5.370329894613102E-002
  4.269194965983170E-002
  3.917435077706644E-002
  4.406962694821825E-002
  5.271143341619222E-002
  6.134034576416536E-002
  5.959830372917896E-002
  3.848844887970948E-002
  4.124468013312321E-002
  4.581332849423825E-002
  4.530848472531868E-002
  3.600541728887718E-002
  3.853402268692818E-002
  3.321220758057208E-002
  3.661023675502428E-002
  3.028433857936186E-002
  3.454724778732066E-002
  2.826892162761518E-002
  3.502387295300335E-002
  3.735015256712160E-002
  2.931640448729611E-002
  3.557827486764098E-002
  3.365607615316135E-002
  3.196720310924883E-002
  3.359058218845479E-002
  3.532334952805172E-002
  3.302097033054097E-002
  4.068607971777916E-002
  3.061682586753189E-002
  3.317500271000662E-002
  1.831123428426074E-002
  4.447329224056051E-002
  3.438640842246676E-002
  3.302320399252745E-002
  3.675577526148199E-002
  3.740266362336764E-002
  3.777768958468353E-002
  2.681081072944513E-002
  3.067016602945494E-002
  2.835750220667344E-002
  3.247486063011318E-002
  3.769605185842961E-002
  2.524210562358165E-002
  4.211791760282890E-002
