 excitation energies, transition moments and TDA amplitudes
 state    eV      nm       fL        Rv(corr)
    1    2.175   570.0     0.8285     0.0495     0.87( 144-> 145) -0.33( 143-> 146) -0.25( 143-> 147)
    2    2.229   556.3     0.1513    -4.2829     0.86( 143-> 145)  0.31( 144-> 146)  0.23( 144-> 147)
    3    2.904   426.9     0.0314     7.6348     0.95( 142-> 145)  0.12( 141-> 145) -0.11( 142-> 146)
    4    3.357   369.3     0.0872    -0.7379     0.63( 141-> 145) -0.56( 140-> 145) -0.31( 144-> 147)
    5    3.546   349.6     0.0839   -17.6543    -0.69( 144-> 148)  0.49( 141-> 145)  0.28( 144-> 147)
    6    3.579   346.5     0.0609    29.6433    -0.54( 140-> 145) -0.36( 144-> 148) -0.33( 141-> 145)
    7    3.698   335.3     0.1774    48.2487     0.64( 143-> 148) -0.55( 143-> 146)  0.31( 144-> 147)
    8    3.817   324.8     0.0551   -51.7611    -0.52( 143-> 147)  0.44( 143-> 148)  0.42( 144-> 146)
    9    3.936   315.0     0.0010     4.4813    -0.44( 138-> 145) -0.44( 137-> 145) -0.36( 136-> 145)
