           6           1  0.342150170719317     
           7           2   1.28308280875906     
           7           6   1.27473413462467     
           8           7  0.943444894965173     
           9           8  0.943210211372096     
          10           3   1.48067992443520     
          10           6   1.26097145092401     
          10           9  0.934898515865579     
          11           9  0.966724452841490     
          12           8  0.925255965036232     
          13          12  0.978360564083847     
          14          13  0.920295141974553     
          15          14   1.83223404424367     
          16          14   1.09056246235647     
          17           1  0.480238796746587     
          18           3   1.15022155675197     
          18          17   1.15855249257386     
          19          18   1.28957750291822     
          20          19   1.34186798989868     
          21           4   1.31001598945993     
          21          17   1.22356503957483     
          21          20   1.09754166268127     
          22          19  0.981350400642082     
          23          20   1.05212230148331     
          24          23   1.78978507840857     
          25          23  0.933811498330190     
          26           1  0.480666396210516     
          27           4   1.38339932659697     
          27          26   1.20130327340948     
          28          27  0.960889066577874     
          29          28  0.963531783085690     
          30           5   1.50758181985629     
          30          26   1.18093002047104     
          30          29  0.931542623446723     
          31          28  0.955338197782969     
          32          29  0.925297085786253     
          33          32   1.00804311792174     
          34           1  0.478130602105412     
          35           5   1.16113703402019     
          35          34   1.13937528068286     
          36          35   1.30803013833620     
          37          36   1.29669181526845     
          38           2   1.32008725287270     
          38          34   1.21109908096723     
          38          37   1.11143223603267     
          39          36  0.992901605164719     
          40          37   1.15592768410703     
          41          40   1.75690796445276     
          42           2  0.957344946310480     
          42          40  0.846629665060610     
          43          42  0.903209301528161     
          44          43   1.86959325074893     
          45          43   1.03162800520832     
          46          45  0.985834927256084     
          47          16  0.939971142858872     
          48          47  0.969389982879284     
          49          48   1.89253418674172     
          50          49  0.970706810973750     
          51          49  0.980061945897694     
          52          51  0.955633334990777     
          53          52  0.985946760775188     
          54          53  0.942227835830862     
          55          54   1.01145159608135     
          56          54  0.968657799646473     
          57          56  0.971093797119123     
          58          57  0.989917891437205     
          59          58  0.966164776601793     
          60          59   1.00715469957686     
          61          59  0.961168352271446     
          62          61  0.971933546172707     
          63          62  0.999403266601868     
          64          63  0.970615461468363     
          65          64  0.986742947965112     
          66          64  0.986936424050960     
          67           3  0.938907261371199     
          68           4  0.934428686261936     
          69           5  0.937377247330395     
          70           8  0.942687200302410     
          71           9  0.945779021559854     
          72          11  0.983188276881338     
          73          11  0.978612895089668     
          74          11  0.973712323975122     
          75          12  0.964932056522274     
          76          12  0.953987247681516     
          77          13  0.948623238149701     
          78          13  0.962311283621045     
          79          22  0.971436507085460     
          80          22  0.961335339803969     
          81          22  0.973222981328277     
          82          25  0.967498012129524     
          83          25  0.969224424702113     
          84          25  0.975708660506110     
          85          28  0.939346761511004     
          86          29  0.940539922490185     
          87          31  0.966871120807944     
          88          31  0.974427397729403     
          89          31  0.975903658532318     
          90          32  0.966383847537114     
          91          32  0.969802615803723     
          92          33  0.983354759445233     
          93          33  0.980921841132838     
          94          33  0.983054488464779     
          95          39  0.969266885923895     
          96          39  0.975541078498465     
          97          39  0.965713953540554     
          98          42  0.938177855387853     
          99          46  0.985090681506206     
         100          46  0.985389172240269     
         101          46  0.974937497346449     
         102          47  0.964946190531245     
         103          47  0.971597112335409     
         104          48  0.940342309486629     
         105          50  0.974922514662248     
         106          50  0.978424435666791     
         107          50  0.975179356295463     
         108          51  0.963755635314620     
         109          51  0.957520599162341     
         110          52  0.968476522818906     
         111          52  0.968060812670242     
         112          53  0.962162170424108     
         113          53  0.963368784135536     
         114          54  0.950530342652154     
         115          55  0.971536324800644     
         116          55  0.976949236651243     
         117          55  0.973667283091427     
         118          56  0.960914344567390     
         119          56  0.965483214958856     
         120          57  0.969759091237843     
         121          57  0.961031439026580     
         122          58  0.959140341950865     
         123          58  0.963043799251781     
         124          59  0.944506097772380     
         125          60  0.975436132801340     
         126          60  0.971635049552040     
         127          60  0.980072909758178     
         128          61  0.962362987267330     
         129          61  0.967665354266629     
         130          62  0.959730758122295     
         131          62  0.957061577174021     
         132          63  0.955073276409322     
         133          63  0.954553017011053     
         134          64  0.955757128674997     
         135          65  0.974119187234489     
         136          65  0.975125682425824     
         137          65  0.980783008257955     
         138          66  0.975550540108713     
         139          66  0.977838045476753     
         140          66  0.979561048494258     
