  0.318527419276478     
 -6.221979506626063E-003
 -3.991187287089026E-002
 -2.493967524773666E-002
 -7.415761812377575E-003
 -0.179997722037286     
  4.647563220967799E-002
 -1.684381836603688E-002
 -1.970691954431292E-002
  2.192948475159051E-002
 -9.569386610054220E-002
 -6.110702381249666E-002
 -5.208094748667946E-002
  0.194939811577236     
 -0.247194148986650     
 -0.158865228065185     
 -0.223791323651573     
  1.543730820745104E-002
 -4.164638663696341E-002
 -8.115368386073918E-002
  1.015232787146436E-002
 -7.830593664203978E-002
  0.181578012375635     
 -0.221023036428237     
 -8.712657744096397E-002
 -0.137026556487799     
  3.477147020006255E-002
 -6.884737200738122E-003
 -3.467090659479233E-002
  3.758553170855450E-002
 -8.168052969500206E-002
 -5.480348946513303E-002
 -9.087517311138438E-002
 -0.212515257736078     
  4.971792370658790E-002
  1.440137201122926E-002
 -4.820629997133352E-002
  1.962594148691732E-002
 -7.412801924627122E-002
  0.149862356434626     
 -0.230554362049222     
 -5.490602503634268E-002
  0.232342439407286     
 -0.248549845734295     
 -0.161040908169984     
  6.378659317623825E-003
  6.212457636768454E-002
 -7.153056208279995E-002
 -1.778884547148074E-002
 -8.901663886996314E-002
 -6.757663618961907E-002
 -8.431175077390485E-002
 -6.697448530150751E-002
 -2.766690644661729E-002
 -0.103995030006011     
 -6.220856249264006E-002
 -6.043678648040984E-002
 -8.552456456096902E-002
 -6.387855859125224E-002
 -0.105022664860651     
 -6.908633343020387E-002
 -5.829952025699647E-002
 -7.705044249802917E-002
 -2.520372387270964E-002
 -0.102699860185415     
 -0.106150496362457     
  5.368956277387327E-002
  5.705523434988313E-002
  5.077528195482162E-002
  5.151865103927844E-002
  5.261689983913675E-002
  4.129481200646901E-002
  3.920676615968721E-002
  3.555711610419665E-002
  3.223462147357947E-002
  4.059789774959799E-002
  4.025006087075611E-002
  5.005517999716835E-002
  4.049164209867717E-002
  4.534842106381609E-002
  5.542854486865556E-002
  5.420535299706097E-002
  5.604360627402949E-002
  3.980834712015813E-002
  5.177592212577931E-002
  5.474267751886552E-002
  4.049147205873094E-002
  3.804989914752943E-002
  3.923680312431788E-002
  2.153616440224060E-002
  3.737366110428852E-002
  3.663152986620943E-002
  3.715332256207271E-002
  2.965047312736913E-002
  4.887823073139030E-002
  4.553470114233138E-002
  5.163185463072639E-002
  5.240812490552582E-002
  5.226945846851339E-002
  5.445087102126867E-002
  6.587428510510562E-002
  6.139009603594148E-002
  5.476385834035169E-002
  3.567507736187470E-002
  3.882215302527758E-002
  3.942564746062405E-002
  4.020230162650940E-002
  4.152121631657701E-002
  3.673130476620545E-002
  2.613366892850899E-002
  3.483289458090411E-002
  3.850325181279257E-002
  3.697624290181034E-002
  3.332416611289757E-002
  3.736905721974637E-002
  3.647897798153121E-002
  2.586627761556148E-002
  3.145520717537476E-002
  4.779786962897803E-002
  3.144753040705628E-002
  3.761189011496813E-002
  3.061179126839664E-002
  3.114650734490876E-002
  2.923775631893455E-002
  3.246300852714867E-002
  3.796400711285719E-002
  3.883949071621562E-002
  3.429754022171227E-002
  4.162629638562321E-002
  3.686833951591506E-002
  4.154782063927775E-002
  3.080913054424639E-002
  3.707389540690020E-002
  3.924720761093725E-002
  3.327925081161665E-002
  3.460420530880326E-002
  3.292380923130933E-002
  3.236698445124531E-002
  3.703286650677406E-002
  3.530407369976873E-002
