 excitation energies, transition moments and TDA amplitudes
 state    eV      nm       fL        Rv(corr)
    1    2.199   563.9     0.1915     4.7584     0.75( 142-> 144)  0.42( 143-> 144) -0.27( 141-> 144)
    2    2.273   545.5     0.6471     0.3530    -0.76( 143-> 144)  0.40( 142-> 144)  0.29( 142-> 147)
    3    2.876   431.1     0.0277    18.8437     0.91( 141-> 144)  0.20( 142-> 144)  0.17( 143-> 147)
    4    2.983   415.7     0.0078    12.5279     0.70( 143-> 146) -0.65( 143-> 147) -0.17( 142-> 147)
    5    3.203   387.1     0.0061   -28.4436     0.72( 142-> 146) -0.60( 142-> 147) -0.21( 142-> 145)
    6    3.573   347.0     0.0008     3.2251     0.70( 140-> 144)  0.36( 139-> 144) -0.33( 143-> 147)
    7    3.758   329.9     0.1197    -3.0306    -0.60( 143-> 145) -0.47( 142-> 145) -0.40( 143-> 146)
    8    3.891   318.6     0.1401     0.9493    -0.53( 142-> 145)  0.53( 143-> 145) -0.33( 139-> 144)
    9    4.071   304.5     0.0595     3.7259    -0.63( 136-> 144) -0.62( 137-> 144)  0.20( 135-> 145)
