  0.295554639620676     
  9.945119942691871E-003
 -2.831364030640771E-002
 -2.279451284041123E-002
 -1.254330272982340E-002
 -0.137266951982943     
  3.867109163660398E-002
 -1.813374531746792E-002
 -2.060445338565930E-002
  1.889067894661123E-002
 -9.497337771916659E-002
 -4.583789970683849E-002
 -7.130697049336732E-002
  0.210223820574904     
 -0.274229366161792     
 -0.175210878191202     
 -0.220900711274674     
  2.546092899987462E-002
 -4.986107310357824E-002
 -5.036298428841501E-002
  5.159319302498133E-002
 -8.404526626104758E-002
  0.134319449673565     
 -0.262901507355505     
 -9.014157069091500E-002
 -0.163610521393467     
  3.619750767018193E-002
 -2.348627811642423E-002
 -1.695190784467204E-002
  4.962207646658756E-002
 -8.857779252956455E-002
 -5.592911642725351E-002
 -8.215828809376369E-002
 -0.221766658744087     
  2.783170701102877E-002
 -8.403124753245450E-003
 -6.872590730631956E-002
  5.225026031109392E-002
 -7.266663500539039E-002
  0.157633973703784     
 -0.215308640761572     
 -8.112192975154642E-003
  0.194481849661992     
 -0.256893156118347     
 -0.174026577543970     
  3.916887002133773E-003
  5.023502861287898E-002
 -4.721520534906354E-002
 -1.036915654060255E-002
 -0.103787173358974     
 -5.905216026248894E-002
 -6.454933829000886E-002
 -5.587677910242306E-002
 -1.753927330344407E-002
 -9.822268363168973E-002
 -9.043527879513302E-002
 -8.858145124342531E-002
 -7.223109802525229E-002
 -9.567104973790208E-003
 -8.725685932166893E-002
 -6.721347245954590E-002
 -7.312631524585811E-002
 -7.892861380241811E-002
 -3.209785701886236E-002
 -9.530436417843813E-002
 -0.106164293716843     
  6.596932155129787E-002
  6.587870083853320E-002
  6.053754932862965E-002
  5.737589308168689E-002
  4.545938459779519E-002
  3.608902696272520E-002
  4.134555344995394E-002
  3.603400193275652E-002
  3.965736207315607E-002
  5.160651695566099E-002
  4.361646536520669E-002
  3.894770078507803E-002
  4.415757343475635E-002
  4.750164250853162E-002
  5.263720840119501E-002
  3.780324579438088E-002
  4.755909446344897E-002
  5.089612046882674E-002
  4.905029251636672E-002
  5.472915394236844E-002
  3.604400812064446E-002
  3.776822762293297E-002
  3.641626918201701E-002
  3.442214506472319E-002
  3.481309756566942E-002
  3.369885418498375E-002
  3.873921411638981E-002
  3.663994867027676E-002
  4.499917260119179E-002
  5.242545820258437E-002
  4.549714831308282E-002
  6.862112124401010E-002
  6.012869494238271E-002
  4.418988956798997E-002
  6.004305580052849E-002
  4.918345835631532E-002
  6.659341370253324E-002
  3.336852574876636E-002
  4.263704456749484E-002
  3.699114029326944E-002
  3.540204407354197E-002
  4.586114841866074E-002
  3.884388303334041E-002
  3.347575107623024E-002
  3.549383381534599E-002
  2.303341208651744E-002
  4.850459110771654E-002
  3.320814782815096E-002
  3.428871911403175E-002
  3.752460544223468E-002
  2.841406462819418E-002
  3.542177607546082E-002
  1.757571731405749E-002
  2.406132140564998E-002
  1.990706436802558E-002
  2.939965187862281E-002
  4.354798720275088E-002
  4.791507823087848E-002
  3.368760814582139E-002
  3.483912835273817E-002
  3.850626250060429E-002
  2.699264258791190E-002
  4.446331108923596E-002
  3.667423623360166E-002
  2.045759152984861E-002
  3.770666800525813E-002
  3.282815069376932E-002
  2.838093177830381E-002
  3.162378653371689E-002
  3.923819567648534E-002
  3.756992966685258E-002
  3.183972613338593E-002
  3.713713538990437E-002
  3.283947744577220E-002
