 excitation energies, transition moments and TDA amplitudes
 state    eV      nm       fL        Rv(corr)
    1    2.194   565.1     0.7638     5.4766     0.88( 144-> 145) -0.40( 143-> 147) -0.11( 143-> 146)
    2    2.310   536.6     0.1027     2.7106     0.84( 143-> 145)  0.41( 144-> 147) -0.22( 141-> 145)
    3    2.952   419.9     0.0179     8.4361     0.95( 142-> 145)  0.11( 144-> 147) -0.10( 141-> 145)
    4    3.349   370.3     0.0201    -2.8748     0.89( 141-> 145)  0.33( 144-> 147) -0.14( 139-> 145)
    5    3.747   330.9     0.0097     3.6418     0.75( 140-> 145) -0.55( 139-> 145) -0.14( 144-> 147)
    6    3.820   324.6     0.0248    -3.2904     0.86( 144-> 146) -0.28( 144-> 147) -0.19( 144-> 149)
    7    3.889   318.8     0.1900    -0.0700     0.59( 144-> 148) -0.54( 144-> 149) -0.34( 144-> 146)
    8    4.006   309.5     0.0152     7.1493     0.86( 143-> 146) -0.20( 143-> 147)  0.15( 140-> 148)
    9    4.110   301.7     0.1063    32.9965     0.38( 139-> 145)  0.36( 137-> 145)  0.33( 136-> 145)
