           6           1  0.400556053327580     
           7           2   1.34034086093573     
           7           6   1.30977523751992     
           8           7  0.900368801729410     
           9           8  0.951811515118515     
          10           3   1.47134244002259     
          10           6   1.17090794916130     
          10           9  0.935576303151611     
          11           9  0.954420324924637     
          12           8  0.960223611844225     
          13          12  0.964431323424739     
          14          13  0.909559194557851     
          15          14   1.83239243935889     
          16          14   1.09302236128083     
          17           1  0.509240494808308     
          18           3   1.24085910197086     
          18          17   1.16713627993479     
          19          18   1.18206656982625     
          20          19   1.38551859647678     
          21           4   1.25541797101357     
          21          17   1.19849244910576     
          21          20   1.14859686197918     
          22          19  0.996903467790305     
          23          20   1.02870206259017     
          24          23   1.79135689891360     
          25          23  0.974116462194506     
          26           1  0.402803190115469     
          27           4   1.41960699281680     
          27          26   1.27651406754284     
          28          27  0.901028553871416     
          29          28  0.948669265724478     
          30           5   1.45616362605382     
          30          26   1.17603459413295     
          30          29  0.958696376646253     
          31          28  0.997622939853103     
          32          29  0.951161147764297     
          33          32   1.00583571570756     
          34           1  0.513289858188965     
          35           5   1.29881279126157     
          35          34   1.06792487767620     
          36          35   1.24525095146615     
          37          36   1.33838753495071     
          38           2   1.26214935349912     
          38          34   1.23824556228820     
          38          37   1.17050376967725     
          39          36  0.979479882446460     
          40          37   1.00848062714964     
          41          40   1.85309765915668     
          42           2  0.925863788584773     
          42          40  0.867966423499633     
          43          42  0.958631588953725     
          44          43   1.81390722400186     
          45          43   1.03537981469671     
          46          45  0.968492926154028     
          47          16  0.925549730933682     
          48          47   1.00707449217796     
          49          48   1.91086659060651     
          50          49  0.968971272462574     
          51          49  0.959002974317969     
          52          51  0.953469130804535     
          53          52  0.989044588756724     
          54          53  0.967530231433964     
          55          54  0.990393025963103     
          56          54  0.947870235506236     
          57          56  0.987388283397227     
          58          57  0.962834305360509     
          59          58  0.970469868731813     
          60          59  0.995756345814867     
          61          59  0.969051502696251     
          62          61  0.980417689175265     
          63          62  0.983964774660531     
          64          63  0.949795087335651     
          65          64  0.980454522446371     
          66          64  0.974127132762520     
          67           3  0.929863644620410     
          68           4  0.933368314325450     
          69           5  0.925146960139802     
          70           8  0.937955204744551     
          71           9  0.945782892602585     
          72          11  0.978885137376882     
          73          11  0.980393775309254     
          74          11  0.981103587237422     
          75          12  0.963202286985134     
          76          12  0.959045621375540     
          77          13  0.962681911734260     
          78          13  0.967249260594432     
          79          22  0.965698901086759     
          80          22  0.969731415593819     
          81          22  0.962264749313691     
          82          25  0.963135401914858     
          83          25  0.971539342305162     
          84          25  0.954485103623694     
          85          28  0.936362499741158     
          86          29  0.928712364027612     
          87          31  0.976828282945081     
          88          31  0.975302457124427     
          89          31  0.972631773073311     
          90          32  0.961869142937092     
          91          32  0.961717975739739     
          92          33  0.980083844724140     
          93          33  0.982364157453972     
          94          33  0.984122107081207     
          95          39  0.976875943355800     
          96          39  0.966613123023769     
          97          39  0.976783883302770     
          98          42  0.922628777681282     
          99          46  0.982051246725206     
         100          46  0.991422143096954     
         101          46  0.981887599292904     
         102          47  0.962978482425019     
         103          47  0.957465318499580     
         104          48  0.933812359194882     
         105          50  0.973439373966949     
         106          50  0.974111634422706     
         107          50  0.975722184708730     
         108          51  0.964321397871618     
         109          51  0.968177416015892     
         110          52  0.966465760674980     
         111          52  0.968661247618616     
         112          53  0.969381634405397     
         113          53  0.954186971414273     
         114          54  0.952506187697649     
         115          55  0.978069190730022     
         116          55  0.979011657470710     
         117          55  0.976171667856059     
         118          56  0.959421718098474     
         119          56  0.965927532723972     
         120          57  0.969410008785763     
         121          57  0.968842786082824     
         122          58  0.967598111300939     
         123          58  0.961915623243294     
         124          59  0.943881055745038     
         125          60  0.980812212294616     
         126          60  0.974352313440808     
         127          60  0.975746538467309     
         128          61  0.966413709611178     
         129          61  0.955906664897374     
         130          62  0.965051691333475     
         131          62  0.970353392682828     
         132          63  0.963848316283580     
         133          63  0.968675168793890     
         134          64  0.966604034089262     
         135          65  0.981157300092380     
         136          65  0.982614465373717     
         137          65  0.977430789643404     
         138          66  0.983321245840516     
         139          66  0.979721434876014     
         140          66  0.979378393446456     
