  0.319777047530931     
  1.519815136403269E-002
 -4.279268559621663E-002
 -3.640731234300887E-002
 -2.669128296888879E-002
 -0.166652238147971     
  1.571442092935538E-002
 -2.687804449755582E-002
 -2.741861925950584E-002
  5.499997040038318E-002
 -8.686519988640384E-002
 -4.767255892764677E-002
 -5.064965686948852E-002
  0.225769590021388     
 -0.296554957146759     
 -0.154865742335393     
 -0.211212903075955     
  3.100295416220433E-002
 -4.566946624553481E-003
 -5.419470616147759E-002
  6.380951958335768E-003
 -6.612101736387377E-002
  0.122472186998436     
 -0.254376093521789     
 -7.368581017094034E-002
 -0.152450507979050     
  1.303534834447495E-002
 -2.334877507397604E-002
 -2.096213900646227E-002
  4.412803402508159E-002
 -8.393314945518249E-002
 -6.086899872332552E-002
 -0.102694312121504     
 -0.210798983506635     
  2.211540658289035E-002
 -1.352348351408317E-002
 -3.787509156250035E-002
  1.409361911370155E-002
 -6.233749366581431E-002
  0.127186121794724     
 -0.210084898068198     
 -5.771662328906313E-002
  0.227912727982571     
 -0.251189977906944     
 -0.165391667526703     
  9.521721845720865E-003
  5.583594982815621E-002
 -8.137591054559579E-002
 -2.179895205749460E-002
 -0.113806854175936     
 -6.841450479233924E-002
 -5.963147646638056E-002
 -7.488059103378220E-002
 -1.748191433255464E-002
 -9.934001750812183E-002
 -6.072473399098577E-002
 -7.652987243731779E-002
 -6.739047360337658E-002
 -3.132313162059663E-002
 -0.101732891085270     
 -7.420432611347305E-002
 -6.665867045327367E-002
 -7.894101403809994E-002
 -2.285780538366478E-002
 -0.100806734078647     
 -0.106769313163040     
  5.598508870405450E-002
  6.228590872873740E-002
  5.675320976669562E-002
  5.703205412145274E-002
  5.099128239629658E-002
  3.573202591531888E-002
  4.170594459588084E-002
  4.783107380829066E-002
  5.446450967371141E-002
  3.806951802175396E-002
  5.539761209846683E-002
  4.591300290118672E-002
  5.288060311979326E-002
  4.243907248645440E-002
  5.245316774872566E-002
  4.436926188938461E-002
  5.185751492318835E-002
  5.732465862653002E-002
  4.607605887050004E-002
  5.255304252595017E-002
  4.623293657959582E-002
  4.000757364568563E-002
  3.965001570577209E-002
  4.104304265176983E-002
  3.587973325575633E-002
  3.756867032746181E-002
  3.193620944912301E-002
  3.180305345652601E-002
  5.888834826340839E-002
  4.978911161240873E-002
  5.182054682992521E-002
  5.284096055668552E-002
  4.583029882160805E-002
  5.379964464184139E-002
  5.305930198165643E-002
  6.341833996427293E-002
  6.191600201934944E-002
  2.858550856911213E-002
  4.587200775953304E-002
  4.276817027465296E-002
  3.534002755123922E-002
  4.850399573018693E-002
  3.272621186437319E-002
  3.880004982244456E-002
  3.782488888639335E-002
  3.206634385326645E-002
  3.040940018838512E-002
  3.352196349691394E-002
  3.839499792423917E-002
  3.270260691395310E-002
  2.546453403018867E-002
  3.886335342218983E-002
  3.618711914725525E-002
  3.608308965100127E-002
  3.295703513350379E-002
  4.642766098324436E-002
  4.133172257035156E-002
  4.309669087861978E-002
  4.194073860382885E-002
  3.213552551995325E-002
  2.926697728265804E-002
  3.045940464174401E-002
  3.956292738002587E-002
  2.751944279881924E-002
  4.010119437386395E-002
  2.209785862264479E-002
  3.120306496783487E-002
  2.627975898436241E-002
  4.292625753792556E-002
  2.837181291775825E-002
  3.784534853614174E-002
  3.134662433515401E-002
  3.372576412972839E-002
  2.999838032572888E-002
