 excitation energies, transition moments and TDA amplitudes
 state    eV      nm       fL        Rv(corr)
    1    2.189   566.5     0.7859    -3.5324    -0.88( 144-> 145) -0.36( 143-> 147)  0.14( 143-> 146)
    2    2.342   529.4     0.0888    -4.0655     0.83( 143-> 145) -0.42( 144-> 147)  0.23( 144-> 146)
    3    3.055   405.8     0.0533   -18.5745     0.79( 144-> 148)  0.50( 144-> 146) -0.22( 144-> 147)
    4    3.281   377.9     0.0023    16.9837     0.93( 142-> 145)  0.20( 140-> 145) -0.11( 138-> 145)
    5    3.471   357.2     0.0274     0.4226     0.68( 144-> 147)  0.45( 144-> 146) -0.39( 140-> 145)
    6    3.612   343.2     0.0267   -11.9617    -0.69( 140-> 145) -0.39( 144-> 146)  0.34( 144-> 148)
    7    3.632   341.4     0.0756    23.6330    -0.78( 143-> 148) -0.41( 143-> 146)  0.30( 143-> 147)
    8    3.909   317.2     0.1222   -31.3479    -0.38( 143-> 146) -0.34( 143-> 147)  0.29( 139-> 145)
    9    4.036   307.2     0.1454    -6.7386     0.39( 138-> 145) -0.36( 144-> 149)  0.33( 144-> 148)
