           6           1  0.393351599255250     
           7           2   1.46492289310848     
           7           6   1.16488980101117     
           8           7  0.922349318932611     
           9           8  0.946185785063023     
          10           3   1.34774152221203     
          10           6   1.32435310527948     
          10           9  0.949718374885622     
          11           9  0.964728325424356     
          12           8  0.959699320742649     
          13          12  0.969670846458995     
          14          13  0.975904798187763     
          15          14   1.80020338405113     
          16          14   1.06816025156894     
          17           1  0.486464753176550     
          18           3   1.29125204584800     
          18          17   1.16060538442596     
          19          18   1.17980334998890     
          20          19   1.45169668968963     
          21           4   1.28166085030218     
          21          17   1.20124626381887     
          21          20   1.09054355784615     
          22          19  0.982903549177205     
          23          20  0.973319680900212     
          24          23   1.82768441137095     
          25          23  0.974555768499276     
          26           1  0.431254813111165     
          27           4   1.46232804459283     
          27          26   1.19793060597868     
          28          27  0.914834397691938     
          29          28  0.962677680342375     
          30           5   1.44980906768135     
          30          26   1.22165390452677     
          30          29  0.935427991939683     
          31          28  0.966185557812743     
          32          29  0.945228388758557     
          33          32   1.00569060186720     
          34           1  0.510168608177669     
          35           5   1.27423532447925     
          35          34   1.18239651766663     
          36          35   1.14294018115359     
          37          36   1.37520697032564     
          38           2   1.18273817644965     
          38          34   1.16747593236819     
          38          37   1.19723150244680     
          39          36  0.986947063923718     
          40          37   1.07928498285171     
          41          40   1.84362733586827     
          42           2  0.978426979066730     
          42          40  0.797503020569943     
          43          42  0.902052643253603     
          44          43   1.84665417706049     
          45          43   1.06546555710589     
          46          45  0.972883135692557     
          47          16  0.940888664015507     
          48          47   1.00157310904434     
          49          48   1.89364800000691     
          50          49  0.967400061590510     
          51          49  0.967813090180224     
          52          51  0.962999388242477     
          53          52  0.978066101851246     
          54          53  0.967641727897225     
          55          54  0.989458098674027     
          56          54  0.960517548641608     
          57          56  0.998764441562598     
          58          57  0.972722596653915     
          59          58  0.973193972697960     
          60          59  0.983306171179890     
          61          59  0.970448749640729     
          62          61  0.977447122250998     
          63          62  0.980444783318142     
          64          63  0.976315674175355     
          65          64  0.994475450695586     
          66          64  0.977900894439192     
          67           3  0.938073010096991     
          68           4  0.921817244789310     
          69           5  0.933830332473972     
          70           8  0.935088275279591     
          71           9  0.939184267297736     
          72          11  0.981607185563358     
          73          11  0.976621058937067     
          74          11  0.971298111794519     
          75          12  0.962531836941359     
          76          12  0.966849372822202     
          77          13  0.940258453628038     
          78          13  0.945430362637561     
          79          22  0.965391208085932     
          80          22  0.975247956955613     
          81          22  0.973664990215306     
          82          25  0.962364192090696     
          83          25  0.955501745108109     
          84          25  0.970143866549942     
          85          28  0.943025099354446     
          86          29  0.932373413998617     
          87          31  0.978952034897302     
          88          31  0.983318612763641     
          89          31  0.981136387045446     
          90          32  0.965935463143984     
          91          32  0.969526826814763     
          92          33  0.975604346359060     
          93          33  0.983620451774581     
          94          33  0.979889616027748     
          95          39  0.965701276548405     
          96          39  0.979460010165013     
          97          39  0.968878834036388     
          98          42  0.928894335399145     
          99          46  0.989144645784999     
         100          46  0.977928135353899     
         101          46  0.987479981496632     
         102          47  0.966921003010630     
         103          47  0.958107364370668     
         104          48  0.932102687294175     
         105          50  0.974870269958783     
         106          50  0.975284561796156     
         107          50  0.967285277310961     
         108          51  0.957811879897526     
         109          51  0.962806396798209     
         110          52  0.972923492405617     
         111          52  0.972154546829824     
         112          53  0.964138640848875     
         113          53  0.968071193158456     
         114          54  0.950414359013332     
         115          55  0.975070646243469     
         116          55  0.978861063799255     
         117          55  0.983569242283446     
         118          56  0.959841706325377     
         119          56  0.963416795397057     
         120          57  0.964050960304971     
         121          57  0.958067080528146     
         122          58  0.960766166741692     
         123          58  0.967311149801027     
         124          59  0.947642224730009     
         125          60  0.974054261302041     
         126          60  0.979433172061915     
         127          60  0.983935735868165     
         128          61  0.965729648873808     
         129          61  0.965254722603094     
         130          62  0.975159232023543     
         131          62  0.963331093536922     
         132          63  0.963285508830016     
         133          63  0.963298107320993     
         134          64  0.959099582799253     
         135          65  0.972064134453299     
         136          65  0.978915710824214     
         137          65  0.980771307302563     
         138          66  0.979712737278412     
         139          66  0.976936752561300     
         140          66  0.982540097768389     
