           6           1  0.354528203449331     
           7           2   1.44060872175828     
           7           6   1.24365873689475     
           8           7  0.920506726628334     
           9           8  0.982434423273438     
          10           3   1.46423545881073     
          10           6   1.24957509930442     
          10           9  0.899313495910344     
          11           9  0.962590736366382     
          12           8  0.904804907820985     
          13          12   1.00909268347658     
          14          13  0.913311583854231     
          15          14   1.82080008019822     
          16          14   1.10582620599520     
          17           1  0.569218714265797     
          18           3   1.23089204362248     
          18          17   1.12497169221021     
          19          18   1.21411436904611     
          20          19   1.45695439621397     
          21           4   1.23760025012208     
          21          17   1.23271236515844     
          21          20   1.06077631078788     
          22          19  0.980572988142990     
          23          20  0.978615681276789     
          24          23   1.81983079205165     
          25          23  0.979042747325500     
          26           1  0.385473471991194     
          27           4   1.47714301240776     
          27          26   1.19169626655817     
          28          27  0.946423873737899     
          29          28  0.950198313069607     
          30           5   1.44275896345022     
          30          26   1.26695535482170     
          30          29  0.918229809778608     
          31          28  0.950306076731639     
          32          29  0.962511388319094     
          33          32  0.990336683858219     
          34           1  0.491598777423522     
          35           5   1.24069314093520     
          35          34   1.17299303277942     
          36          35   1.17633675424426     
          37          36   1.40066693774861     
          38           2   1.22140264090231     
          38          34   1.20841647546102     
          38          37   1.12921474244574     
          39          36  0.996780935660017     
          40          37   1.07562159625139     
          41          40   1.82586452683007     
          42           2  0.925410337499780     
          42          40  0.838375239481673     
          43          42  0.901326946188395     
          44          43   1.82997641789630     
          45          43   1.09131087423029     
          46          45  0.962321587843299     
          47          16  0.958961105723975     
          48          47  0.973593108950552     
          49          48   1.93473033403154     
          50          49  0.976383598927067     
          51          49  0.938080716659204     
          52          51  0.983074289011629     
          53          52  0.981856135666649     
          54          53  0.966798546537582     
          55          54  0.985197364411558     
          56          54  0.962156535222543     
          57          56  0.972503265319403     
          58          57  0.979364679056131     
          59          58  0.957663788610365     
          60          59   1.00280688730825     
          61          59  0.951986868848070     
          62          61  0.995480261225389     
          63          62  0.984274583636100     
          64          63  0.968958991233512     
          65          64  0.982941146136000     
          66          64  0.998101638715332     
          67           3  0.932860553572105     
          68           4  0.932770285012646     
          69           5  0.939334891858121     
          70           8  0.938660421540523     
          71           9  0.944980692039179     
          72          11  0.978916469496155     
          73          11  0.975539079879617     
          74          11  0.975598855237922     
          75          12  0.961790591163577     
          76          12  0.962941533590870     
          77          13  0.952167314747034     
          78          13  0.962945499518197     
          79          22  0.969690527368094     
          80          22  0.976973506578942     
          81          22  0.967281193298649     
          82          25  0.951069288225939     
          83          25  0.963466049798565     
          84          25  0.971005996865235     
          85          28  0.937172899331917     
          86          29  0.936335466515761     
          87          31  0.979863542933523     
          88          31  0.981069391966742     
          89          31  0.976469721307959     
          90          32  0.962020590719211     
          91          32  0.965063935336353     
          92          33  0.985192080379102     
          93          33  0.983477268286144     
          94          33  0.984736217105876     
          95          39  0.974712152087915     
          96          39  0.969561072111222     
          97          39  0.960808905682903     
          98          42  0.936386108811193     
          99          46  0.989742287456905     
         100          46  0.988478499208510     
         101          46  0.980059676286201     
         102          47  0.964432886017036     
         103          47  0.951210897290169     
         104          48  0.932367965036601     
         105          50  0.975644665491393     
         106          50  0.970137724400809     
         107          50  0.970727033465906     
         108          51  0.964190612759197     
         109          51  0.961807370508037     
         110          52  0.965657810153329     
         111          52  0.966550561242029     
         112          53  0.963539011008309     
         113          53  0.961775166099200     
         114          54  0.953774859986658     
         115          55  0.975365982405138     
         116          55  0.982644512423657     
         117          55  0.978819023132987     
         118          56  0.966336346821184     
         119          56  0.965951878947701     
         120          57  0.960501530364208     
         121          57  0.968161110663862     
         122          58  0.961233239883265     
         123          58  0.962403617773453     
         124          59  0.948212627442950     
         125          60  0.974016685827949     
         126          60  0.972900806970962     
         127          60  0.981804426854388     
         128          61  0.960827635385216     
         129          61  0.960006936582411     
         130          62  0.957467758109078     
         131          62  0.958830828915987     
         132          63  0.965129396619077     
         133          63  0.955675390477111     
         134          64  0.954835031705990     
         135          65  0.982040956718256     
         136          65  0.976100820144864     
         137          65  0.983072441749564     
         138          66  0.975123571059623     
         139          66  0.981682329212655     
         140          66  0.976728591203448     
