           6           1  0.370829891839764     
           7           2   1.41784158971740     
           7           6   1.22926827578296     
           8           7  0.925560232229161     
           9           8  0.939583868912224     
          10           3   1.37706884018801     
          10           6   1.27335817209821     
          10           9  0.932161878477400     
          11           9  0.961941486441734     
          12           8  0.952586171884975     
          13          12   1.00667846647882     
          14          13  0.933414416355101     
          15          14   1.81795751948194     
          16          14   1.07319384592998     
          17           1  0.475410893163283     
          18           3   1.25922517992846     
          18          17   1.19890280641214     
          19          18   1.13002224062744     
          20          19   1.42971149502991     
          21           4   1.27766723726284     
          21          17   1.23637316323919     
          21          20   1.06074961115451     
          22          19  0.997096794033166     
          23          20   1.04792810889093     
          24          23   1.78940278947532     
          25          23  0.968229194503293     
          26           1  0.378162207229247     
          27           4   1.41069064635667     
          27          26   1.26639129402231     
          28          27  0.891741456757909     
          29          28  0.959705209847895     
          30           5   1.39693087883549     
          30          26   1.26100716419684     
          30          29  0.922655001484492     
          31          28  0.985807680285843     
          32          29  0.939212151461781     
          33          32   1.00880842674038     
          34           1  0.544908826224603     
          35           5   1.32550496136447     
          35          34   1.08973534700425     
          36          35   1.21034128576108     
          37          36   1.37206966283568     
          38           2   1.22373680055700     
          38          34   1.22859406692110     
          38          37   1.15962910808270     
          39          36  0.989794641929879     
          40          37   1.02281220117224     
          41          40   1.86881521875044     
          42           2  0.966347982830438     
          42          40  0.855320353539208     
          43          42  0.895208927564655     
          44          43   1.81976300972469     
          45          43   1.09702168986619     
          46          45  0.971682223301554     
          47          16  0.953088111151622     
          48          47  0.986752781292983     
          49          48   1.91081944843314     
          50          49  0.981802224764758     
          51          49  0.934626466614067     
          52          51  0.986331222460334     
          53          52  0.969831646298512     
          54          53  0.976778648698465     
          55          54  0.965344396824531     
          56          54  0.987377414098717     
          57          56  0.958717983557104     
          58          57  0.974598675683543     
          59          58  0.999656490310329     
          60          59  0.958242172832200     
          61          59  0.959416016093321     
          62          61  0.971225105708499     
          63          62  0.994855315060866     
          64          63  0.956324235656024     
          65          64  0.992712720307982     
          66          64  0.995999987887547     
          67           3  0.942568388169199     
          68           4  0.932032207595929     
          69           5  0.928323035856021     
          70           8  0.935818403175798     
          71           9  0.948537764536341     
          72          11  0.980706576057760     
          73          11  0.976381709785424     
          74          11  0.976429801705014     
          75          12  0.957356015261665     
          76          12  0.959408778546320     
          77          13  0.937905190385739     
          78          13  0.954022161701807     
          79          22  0.965203744437409     
          80          22  0.971547034273223     
          81          22  0.962961292365990     
          82          25  0.967331225318951     
          83          25  0.964618872325629     
          84          25  0.953760101738564     
          85          28  0.945620197133203     
          86          29  0.935169120435003     
          87          31  0.978211282353738     
          88          31  0.976242917001509     
          89          31  0.973159918166240     
          90          32  0.964422101283619     
          91          32  0.967749175811376     
          92          33  0.985300787961291     
          93          33  0.979196905390163     
          94          33  0.976114285374077     
          95          39  0.969496595575550     
          96          39  0.960547959258852     
          97          39  0.976174156813319     
          98          42  0.916775463878735     
          99          46  0.987003475657548     
         100          46  0.982782464084303     
         101          46  0.983392912573345     
         102          47  0.965435451327637     
         103          47  0.951832556334106     
         104          48  0.938799092727771     
         105          50  0.971693130404732     
         106          50  0.973869415853847     
         107          50  0.974379791735266     
         108          51  0.968137692295816     
         109          51  0.966597517467910     
         110          52  0.969872103726672     
         111          52  0.969053033686625     
         112          53  0.958835266364902     
         113          53  0.968021863888379     
         114          54  0.947489744013164     
         115          55  0.982160520794025     
         116          55  0.981084860130092     
         117          55  0.978162035232911     
         118          56  0.963673285330603     
         119          56  0.963339921257647     
         120          57  0.969333459091137     
         121          57  0.971424601910601     
         122          58  0.958337535590889     
         123          58  0.956240166795022     
         124          59  0.948906662780916     
         125          60  0.979980380202012     
         126          60  0.982258329795887     
         127          60  0.984808642125495     
         128          61  0.965447799127826     
         129          61  0.964185140592977     
         130          62  0.970423866442203     
         131          62  0.970039341819981     
         132          63  0.962651115581953     
         133          63  0.969131588158027     
         134          64  0.957885802551072     
         135          65  0.978565515544356     
         136          65  0.976025836443393     
         137          65  0.981120608399285     
         138          66  0.980751519996217     
         139          66  0.976796344628492     
         140          66  0.976407819190627     
