 excitation energies, transition moments and TDA amplitudes
 state    eV      nm       fL        Rv(corr)
    1    2.166   572.5     0.7338   -11.3792     0.82( 144-> 145)  0.40( 143-> 147)  0.28( 143-> 145)
    2    2.234   555.0     0.1578     0.3683    -0.82( 143-> 145)  0.39( 144-> 147)  0.28( 144-> 145)
    3    3.033   408.8     0.0394    -0.5048    -0.93( 142-> 145)  0.19( 141-> 145)  0.16( 142-> 146)
    4    3.444   360.0     0.0779     4.4038     0.64( 141-> 145) -0.43( 144-> 147) -0.37( 144-> 146)
    5    3.552   349.0     0.1041    -2.9927    -0.66( 144-> 146)  0.45( 143-> 146) -0.33( 144-> 148)
    6    3.641   340.6     0.0064     0.4476    -0.79( 144-> 148)  0.42( 144-> 146) -0.34( 144-> 149)
    7    3.746   331.0     0.0750     7.4833     0.56( 143-> 146)  0.47( 141-> 145)  0.37( 144-> 146)
    8    3.909   317.2     0.0313   -28.9314     0.64( 138-> 145)  0.56( 137-> 145) -0.26( 136-> 146)
    9    3.956   313.4     0.1633    49.0614     0.72( 143-> 148)  0.43( 143-> 149)  0.32( 144-> 147)
