           6           1  0.361062568164488     
           7           2   1.34965443589585     
           7           6   1.33343210095507     
           8           7  0.893005287164003     
           9           8  0.964884823080250     
          10           3   1.45779955767333     
          10           6   1.17638500649888     
          10           9  0.920179618259824     
          11           9  0.974347952364895     
          12           8  0.972840344532220     
          13          12  0.958404583651649     
          14          13  0.902569619211022     
          15          14   1.85720929441178     
          16          14   1.07656270137046     
          17           1  0.568393239891171     
          18           3   1.19661256733030     
          18          17   1.20150905666292     
          19          18   1.22996144595669     
          20          19   1.34112219025947     
          21           4   1.38965394562525     
          21          17   1.08912780049495     
          21          20   1.14466400905304     
          22          19   1.00698880709347     
          23          20  0.980335555635729     
          24          23   1.83168640502272     
          25          23  0.977381992093046     
          26           1  0.397100638765020     
          27           4   1.33505762249841     
          27          26   1.27865697866828     
          28          27  0.951297145980012     
          29          28  0.952454072313227     
          30           5   1.47496171754606     
          30          26   1.19517363600961     
          30          29  0.917435953814874     
          31          28  0.956898418716379     
          32          29  0.948178855057990     
          33          32  0.999227938175983     
          34           1  0.464320404829965     
          35           5   1.25527160692788     
          35          34   1.17457698770003     
          36          35   1.16822009964685     
          37          36   1.33624983490164     
          38           2   1.27113471964356     
          38          34   1.22380598943479     
          38          37   1.09291388063145     
          39          36   1.02645405825535     
          40          37   1.15662693316275     
          41          40   1.75404470220541     
          42           2  0.956771026142691     
          42          40  0.833542537670004     
          43          42  0.927836254236255     
          44          43   1.79675873662048     
          45          43   1.07698998304013     
          46          45  0.982536878959228     
          47          16  0.967339014051749     
          48          47  0.969002455538078     
          49          48   1.90760974503624     
          50          49  0.953386771229283     
          51          49  0.973204035861279     
          52          51  0.960076087738463     
          53          52  0.990389013291334     
          54          53  0.965071459569827     
          55          54  0.973040385718289     
          56          54  0.986795131621144     
          57          56  0.958887481270540     
          58          57   1.00073146171482     
          59          58  0.962076715345620     
          60          59  0.981943467266323     
          61          59  0.969649657037906     
          62          61   1.00165567621694     
          63          62  0.995560749577726     
          64          63  0.972417319732831     
          65          64  0.977610388565109     
          66          64  0.981605628311411     
          67           3  0.935620459567082     
          68           4  0.923307137616956     
          69           5  0.934188670668216     
          70           8  0.933336045172810     
          71           9  0.942004934862403     
          72          11  0.974534643352245     
          73          11  0.980259820199072     
          74          11  0.978640031141165     
          75          12  0.955700389808210     
          76          12  0.961552142225058     
          77          13  0.953192923375340     
          78          13  0.970266736608527     
          79          22  0.970247221691717     
          80          22  0.961733928804280     
          81          22  0.962352342338515     
          82          25  0.959865905353683     
          83          25  0.969440006045172     
          84          25  0.958648073513939     
          85          28  0.936319615824648     
          86          29  0.939826736051750     
          87          31  0.979073288293099     
          88          31  0.978768427171465     
          89          31  0.983238387564892     
          90          32  0.965585544623064     
          91          32  0.966746675023904     
          92          33  0.983652191353783     
          93          33  0.987893984030148     
          94          33  0.978310870401821     
          95          39  0.952454245404077     
          96          39  0.965558810161190     
          97          39  0.963693162827981     
          98          42  0.930436629209843     
          99          46  0.977415670132292     
         100          46  0.984860836459725     
         101          46  0.988605612737182     
         102          47  0.966836898145347     
         103          47  0.957681855375336     
         104          48  0.939751118297783     
         105          50  0.973289115478057     
         106          50  0.982230939042568     
         107          50  0.975202387392346     
         108          51  0.958893235431970     
         109          51  0.950677097359107     
         110          52  0.964675360601599     
         111          52  0.968998632717897     
         112          53  0.959095943789033     
         113          53  0.957250126264285     
         114          54  0.950940397938526     
         115          55  0.981145916751830     
         116          55  0.983654528734645     
         117          55  0.977294226371954     
         118          56  0.951209208014577     
         119          56  0.956805905186778     
         120          57  0.963915827407329     
         121          57  0.966757647783603     
         122          58  0.962557290432376     
         123          58  0.954759297071817     
         124          59  0.943537362041238     
         125          60  0.974627508286736     
         126          60  0.982064570529974     
         127          60  0.979860913227642     
         128          61  0.956296290049160     
         129          61  0.957262067252779     
         130          62  0.952308371337490     
         131          62  0.954479367104787     
         132          63  0.955264339615057     
         133          63  0.949665219122048     
         134          64  0.958916120132015     
         135          65  0.982591870593881     
         136          65  0.980214806079556     
         137          65  0.981098664832472     
         138          66  0.982332060151735     
         139          66  0.979942632262433     
         140          66  0.976022771144104     
