  0.325797990887667     
  5.199730984511763E-003
 -1.238770138461387E-002
 -4.069440568638605E-002
 -7.182699159550054E-002
 -0.141194225105989     
  2.686981835421998E-002
 -2.790498530164065E-002
 -2.466320595996407E-002
  5.777442503134411E-002
 -8.136356439074000E-002
 -6.554890910516065E-002
 -5.280024348218948E-002
  0.222172299050968     
 -0.255811818058178     
 -0.158839063606473     
 -0.220359967560795     
  5.341121419094197E-002
  7.865405719971630E-003
 -4.953530288527475E-002
  5.366539366837131E-002
 -9.014453190462657E-002
  0.127081814239659     
 -0.258276599868073     
 -7.859398462137257E-002
 -0.195406051179851     
  7.560480256759750E-002
 -2.575072546280754E-002
 -2.252811183038173E-002
  2.061544972639329E-002
 -9.402845325653519E-002
 -6.399673786932070E-002
 -9.625388897208786E-002
 -0.212282276615878     
 -4.687383944899537E-003
 -1.112081410326837E-002
 -5.452694243835587E-002
  9.736377655836126E-003
 -5.734450743209329E-002
  0.141875853711312     
 -0.230273494268816     
 -5.262689814206123E-002
  0.229668188422648     
 -0.271934791016945     
 -0.113368338376500     
  2.334428091066698E-002
  5.731286503300526E-002
 -5.282950991342261E-002
 -4.351871559660658E-002
 -9.746116867974219E-002
 -6.607825876604689E-002
 -6.751280387785741E-002
 -7.597342903218784E-002
 -2.237936707352262E-002
 -0.101479999834083     
 -6.822581104015590E-002
 -7.574835790154033E-002
 -6.216049819026548E-002
 -1.622213517270410E-002
 -0.109029295655832     
 -8.866944515064024E-002
 -6.170258949741037E-002
 -5.128049411631519E-002
 -1.606781984667904E-002
 -0.106170274323238     
 -0.106613367766913     
  4.571021380458884E-002
  5.971242138504385E-002
  5.882074983080821E-002
  5.130067962495000E-002
  3.876655677417151E-002
  3.978122961973696E-002
  4.504423596098039E-002
  3.363272939322548E-002
  3.300375001742106E-002
  4.481643032897353E-002
  5.271656648215839E-002
  4.479240417922314E-002
  3.925051075420649E-002
  4.578891041348099E-002
  4.499867391872692E-002
  5.322971232357387E-002
  5.232171220614390E-002
  4.969670027479500E-002
  5.410933533242535E-002
  6.109746363632595E-002
  4.368043471268246E-002
  3.818412342753263E-002
  4.315233458434387E-002
  3.418017600552414E-002
  3.466566254832626E-002
  4.143811800804564E-002
  3.623200268092353E-002
  3.125090741203496E-002
  5.188252134716498E-002
  5.171370522188345E-002
  4.557026176457102E-002
  5.488650004568030E-002
  5.455703371360643E-002
  4.691557012808034E-002
  5.015449173984099E-002
  6.070793739357794E-002
  5.789898853362663E-002
  4.191892585911283E-002
  4.686645720028437E-002
  5.032792254759122E-002
  3.784582792924818E-002
  3.427809165472995E-002
  3.230000970053648E-002
  2.868366413254475E-002
  3.243099381384762E-002
  3.343830099849920E-002
  3.148777705860328E-002
  3.695596407560475E-002
  4.346561532111526E-002
  2.762095672951781E-002
  2.926842359559556E-002
  3.433766919305326E-002
  3.522756450297171E-002
  2.978896264369069E-002
  4.132417979057934E-002
  3.687686956975389E-002
  3.501157099558361E-002
  3.811957546367672E-002
  2.772945092959178E-002
  2.287938435830239E-002
  3.170930577708908E-002
  3.336821660968292E-002
  2.773141249337130E-002
  3.113906105693409E-002
  3.960528717788436E-002
  3.964227135623610E-002
  4.066310504429704E-002
  3.090992384361213E-002
  3.690563021341009E-002
  2.902626289491872E-002
  2.788098830006680E-002
  2.823916636954604E-002
  3.678519070751463E-002
  1.975061126980671E-002
