 excitation energies, transition moments and TDA amplitudes
 state    eV      nm       fL        Rv(corr)
    1    2.137   580.3     0.5387     5.9335     0.85( 141-> 142)  0.33( 140-> 143)  0.27( 140-> 144)
    2    2.330   532.0     0.1589     2.1846    -0.82( 140-> 142)  0.39( 141-> 143)  0.29( 141-> 144)
    3    3.237   383.0     0.0196    25.9517    -0.89( 139-> 142) -0.23( 141-> 143)  0.17( 136-> 142)
    4    3.339   371.3     0.1362     0.8297    -0.52( 141-> 145) -0.46( 141-> 143) -0.41( 141-> 146)
    5    3.557   348.6     0.1164     7.2297     0.66( 141-> 144) -0.52( 141-> 143) -0.30( 140-> 143)
    6    3.641   340.5     0.2788    40.5696     0.54( 140-> 143)  0.49( 138-> 142) -0.35( 137-> 142)
    7    3.762   329.6     0.1642   -10.5571    -0.49( 140-> 145) -0.38( 141-> 144)  0.38( 138-> 142)
    8    3.868   320.5     0.0281   -25.2668    -0.70( 140-> 144)  0.39( 140-> 143)  0.26( 141-> 144)
    9    4.030   307.6     0.3196   -20.8175    -0.53( 141-> 146) -0.41( 137-> 142)  0.32( 141-> 143)
