           7           2   1.44909767594996     
           7           6   1.20543276965714     
           8           7  0.946454834221869     
           9           8  0.947466628128385     
          10           3   1.32689228204326     
          10           6   1.36177120835762     
          10           9  0.934239009264954     
          11           9  0.977020359441727     
          12           8  0.940439085582017     
          13          12  0.962143514154585     
          14          13  0.946495699211387     
          15          14   1.84709938949706     
          16          14   1.05483197657363     
          17           1  0.469696555310131     
          18           3   1.32397380168849     
          18          17   1.16250447483139     
          19          18   1.16238968811558     
          20          19   1.47197912839198     
          21           4   1.28129114148439     
          21          17   1.19764051792566     
          21          20   1.08841730832099     
          22          19  0.986694018887077     
          23          20  0.990847210429871     
          24          23   1.81356035384830     
          25          23  0.973816834334250     
          26           1  0.407302832116075     
          27           4   1.42295377665759     
          27          26   1.29120208061870     
          28          27  0.912087131451278     
          29          28  0.959490660166094     
          30           5   1.43028923345278     
          30          26   1.19669269548884     
          30          29  0.931360290715800     
          31          28  0.962588693233038     
          32          29  0.929205072839866     
          33          32  0.985671823768821     
          34           1  0.604098113748810     
          35           5   1.22110091606527     
          35          34   1.11691117139210     
          36          35   1.22869844415620     
          37          36   1.34092489497794     
          38           2   1.18293303157196     
          38          34   1.19421935514048     
          38          37   1.17505596652062     
          39          36   1.01826482569400     
          40          37   1.07162918723499     
          41          40   1.82069033198573     
          42           2  0.950046103713163     
          42          40  0.834279842065970     
          43          42  0.903654044965188     
          44          43   1.78842402916757     
          45          43   1.13845320532250     
          46          45  0.963718151004932     
          47          16  0.957901968135614     
          48          47   1.01190014555813     
          49          48   1.90182202647003     
          50          49  0.949146733364579     
          51          49  0.963117821879572     
          52          51  0.972032404567571     
          53          52  0.968761360349791     
          54          53  0.954559624192528     
          55          54  0.985986879568753     
          56          54  0.983126658129585     
          57          56  0.974528629477945     
          58          57  0.978754721555545     
          59          58  0.980456900002257     
          60          59  0.988211641206156     
          61          59  0.971661765550567     
          62          61  0.964559851420516     
          63          62   1.00077640707257     
          64          63  0.948646697741909     
          65          64  0.979224968758101     
          66          64   1.01641539150880     
          67           3  0.940356743431284     
          68           4  0.928880846373381     
          69           5  0.940479890141224     
          70           8  0.934213918074493     
          71           9  0.939836346687964     
          72          11  0.980470728213609     
          73          11  0.976320274648054     
          74          11  0.978030899933756     
          75          12  0.964495008217770     
          76          12  0.960863993149176     
          77          13  0.953303363078796     
          78          13  0.960381041731313     
          79          22  0.966727107986289     
          80          22  0.965423689665977     
          81          22  0.975582128710983     
          82          25  0.962940542574560     
          83          25  0.955399128984691     
          84          25  0.970415764625898     
          85          28  0.946878598903375     
          86          29  0.938717805072084     
          87          31  0.979350834045081     
          88          31  0.975116580966506     
          89          31  0.974878054971604     
          90          32  0.969466224065692     
          91          32  0.971606280543289     
          92          33  0.983193468466348     
          93          33  0.985695436591318     
          94          33  0.975544468491698     
          95          39  0.954221449919655     
          96          39  0.968362400470665     
          97          39  0.969582132018883     
          98          42  0.925949334246005     
          99          46  0.981309287957062     
         100          46  0.985193279767802     
         101          46  0.989223563191453     
         102          47  0.954185931764640     
         103          47  0.942631439033915     
         104          48  0.931555974242794     
         105          50  0.977391891424470     
         106          50  0.977860074560629     
         107          50  0.981239163853068     
         108          51  0.965002109143385     
         109          51  0.964053535449410     
         110          52  0.966788111074790     
         111          52  0.970986801207281     
         112          53  0.964660195591437     
         113          53  0.964459429428884     
         114          54  0.950479257312183     
         115          55  0.974044305197039     
         116          55  0.982036220948677     
         117          55  0.980418848645448     
         118          56  0.962623148628416     
         119          56  0.958865118777885     
         120          57  0.968649338992518     
         121          57  0.959255713240970     
         122          58  0.958956675859544     
         123          58  0.965748288595723     
         124          59  0.946732384086495     
         125          60  0.978912262179042     
         126          60  0.980132199338453     
         127          60  0.976066844919642     
         128          61  0.964637280849213     
         129          61  0.961874095571652     
         130          62  0.965211084703272     
         131          62  0.965770346387321     
         132          63  0.962298545105142     
         133          63  0.958721289729965     
         134          64  0.953334517229376     
         135          65  0.978058486715853     
         136          65  0.981592234250809     
         137          65  0.981552710358304     
         138          66  0.968380469793434     
         139          66  0.967777068561675     
         140          66  0.974091557121173     
