 excitation energies, transition moments and TDA amplitudes
 state    eV      nm       fL        Rv(corr)
    1    2.159   574.4     0.6938     4.9409     0.86( 143-> 144)  0.36( 142-> 145)  0.21( 142-> 146)
    2    2.305   537.9     0.1374     4.7883    -0.84( 142-> 144)  0.41( 143-> 145)  0.16( 143-> 146)
    3    2.998   413.6     0.0301    -6.9192    -0.93( 141-> 144) -0.23( 140-> 144) -0.12( 141-> 146)
    4    3.453   359.1     0.0084    28.9983    -0.58( 139-> 144)  0.55( 140-> 144) -0.31( 143-> 145)
    5    3.521   352.2     0.0025    -3.0939    -0.60( 140-> 144) -0.39( 139-> 144)  0.33( 136-> 144)
    6    3.664   338.4     0.0029    -5.7690     0.51( 138-> 144)  0.45( 137-> 144)  0.43( 136-> 144)
    7    3.814   325.1     0.0565     5.0142    -0.83( 143-> 146)  0.27( 143-> 145)  0.26( 142-> 146)
    8    3.876   319.9     0.0424     6.1363    -0.61( 143-> 147) -0.48( 142-> 146)  0.32( 142-> 145)
    9    3.950   313.9     0.1887   -11.7733     0.70( 143-> 147) -0.42( 142-> 146)  0.35( 143-> 145)
