           6           1  0.349523958408022     
           7           2   1.38741052119366     
           7           6   1.25969489914564     
           8           7  0.955806023704848     
           9           8  0.943201705434845     
          10           3   1.45467507943369     
          10           6   1.23857087950365     
          10           9  0.909810785710778     
          11           9  0.975079291249084     
          12           8  0.951225091341182     
          13          12  0.972271311479492     
          14          13  0.918011421050883     
          15          14   1.83723816606094     
          16          14   1.08942988992587     
          17           1  0.586372945626353     
          18           3   1.24301588927061     
          18          17   1.14333807480080     
          19          18   1.21615442831011     
          20          19   1.33877563014231     
          21           4   1.33617335324439     
          21          17   1.14097955637107     
          21          20   1.11719141945383     
          22          19   1.02571618162786     
          23          20   1.05415003756457     
          24          23   1.78246250777275     
          25          23  0.967571353569109     
          26           1  0.420132279299365     
          27           4   1.38873753435580     
          27          26   1.22809044311044     
          28          27  0.933497414271572     
          29          28  0.975960291641109     
          30           5   1.45624434914436     
          30          26   1.19596021875023     
          30          29  0.976702279504613     
          31          28  0.949928096078732     
          32          29  0.918562906805977     
          33          32   1.02410951388139     
          34           1  0.464078772511347     
          35           5   1.24087477135426     
          35          34   1.12801577847410     
          36          35   1.22392253851357     
          37          36   1.36768102434175     
          38           2   1.21700423306130     
          38          34   1.26717854043081     
          38          37   1.10895899515314     
          39          36   1.00029588975168     
          40          37   1.11170656375650     
          41          40   1.79334951530560     
          42           2  0.947153301736401     
          42          40  0.843318198683223     
          43          42  0.943936566389885     
          44          43   1.78872527345624     
          45          43   1.08124671024998     
          46          45  0.974777270626644     
          47          16  0.953232450010226     
          48          47  0.957055585467883     
          49          48   1.91528846231002     
          50          49  0.972978670418141     
          51          49  0.952756337299267     
          52          51  0.959721004236340     
          53          52   1.00651182754426     
          54          53  0.969998847172319     
          55          54  0.970865232990654     
          56          54  0.977107410350048     
          57          56  0.968159833077822     
          58          57  0.983999482769585     
          59          58  0.989067569068623     
          60          59  0.975493577383217     
          61          59  0.957220516598847     
          62          61  0.961944556704679     
          63          62  0.988684380111187     
          64          63  0.976905561143423     
          65          64  0.997547848819625     
          66          64  0.974718250645831     
          67           3  0.933469907103893     
          68           4  0.922921744801860     
          69           5  0.936360084120164     
          70           8  0.920497109864255     
          71           9  0.945124995184629     
          72          11  0.975383525939794     
          73          11  0.979103179708586     
          74          11  0.981654570191841     
          75          12  0.962450016792865     
          76          12  0.957359516838155     
          77          13  0.965423242231893     
          78          13  0.954034087659142     
          79          22  0.970734986539367     
          80          22  0.957957867878828     
          81          22  0.953838749077339     
          82          25  0.962031755219605     
          83          25  0.957574294778613     
          84          25  0.970963068397170     
          85          28  0.936653023105182     
          86          29  0.928879052660913     
          87          31  0.977719345544655     
          88          31  0.978706173562482     
          89          31  0.983750278790255     
          90          32  0.958513312155738     
          91          32  0.961980488868534     
          92          33  0.983659579664161     
          93          33  0.976517984217081     
          94          33  0.970774439552688     
          95          39  0.970624473631719     
          96          39  0.975624230741329     
          97          39  0.958071614575038     
          98          42  0.922139622341886     
          99          46  0.981172310007688     
         100          46  0.983939440909704     
         101          46  0.991648329736011     
         102          47  0.970337773888871     
         103          47  0.962666204407287     
         104          48  0.933439683435395     
         105          50  0.975211780930079     
         106          50  0.972784965514868     
         107          50  0.970532186895338     
         108          51  0.964235316104320     
         109          51  0.966519985393189     
         110          52  0.970136315001165     
         111          52  0.959997247717742     
         112          53  0.958195829502605     
         113          53  0.961477060277743     
         114          54  0.944857056101038     
         115          55  0.977971246954135     
         116          55  0.985385962256025     
         117          55  0.974688015023158     
         118          56  0.956312898423651     
         119          56  0.965307024720260     
         120          57  0.967853138987607     
         121          57  0.966597222700065     
         122          58  0.948402232577218     
         123          58  0.959133165731332     
         124          59  0.948917993391162     
         125          60  0.978811308787849     
         126          60  0.973720708058345     
         127          60  0.976622243153797     
         128          61  0.969592561823995     
         129          61  0.962328892785080     
         130          62  0.965346246938911     
         131          62  0.965157824925310     
         132          63  0.958217809830974     
         133          63  0.955889244885527     
         134          64  0.952418322863071     
         135          65  0.972210957855534     
         136          65  0.978889354563132     
         137          65  0.977535715073040     
         138          66  0.981860778929691     
         139          66  0.976144932378953     
         140          66  0.979729749070225     
