  0.339322836992296     
  1.350081573849904E-002
 -2.287835815991812E-002
 -5.293024226310994E-002
 -3.609327759910119E-002
 -0.142059591581094     
  4.135408824878795E-002
 -1.396105281654236E-003
 -2.466362672500910E-002
  4.780548988893196E-002
 -9.555616745297346E-002
 -6.244844808205308E-002
 -6.431195247746313E-002
  0.250369022442457     
 -0.268872653829702     
 -0.173900351040888     
 -0.220211253812795     
  2.468753262003709E-002
 -2.016786241102153E-002
 -7.764286383043295E-002
  3.587494592290996E-002
 -7.395400588056678E-002
  0.132070105767628     
 -0.227130317109170     
 -8.695772152193371E-002
 -0.190024301587411     
  5.418859885991001E-002
 -4.054515466156960E-002
 -3.901857310081258E-002
  6.858431204333515E-002
 -8.683853150429321E-002
 -5.153071702888390E-002
 -9.022492403031990E-002
 -0.231085770739154     
  2.197046106102940E-002
 -1.174684815352922E-002
 -5.309338736938063E-002
  4.194061637556112E-002
 -6.537985714137573E-002
  0.132455776229235     
 -0.236443963166598     
 -1.973139890631614E-002
  0.222218849158573     
 -0.302029823386023     
 -0.141519720514577     
  1.827504859907503E-002
  5.461206081168912E-002
 -8.367737878870152E-002
 -5.592156872662724E-002
 -9.650372151768494E-002
 -5.272450437306642E-002
 -5.908754789500570E-002
 -7.276143316318073E-002
 -2.704885253462574E-002
 -0.102523421919232     
 -6.320960550669597E-002
 -6.813536767594819E-002
 -8.970881350980076E-002
 -2.065647249692670E-002
 -8.192689667129471E-002
 -9.190653836388840E-002
 -7.741843540424664E-002
 -7.186798106071013E-002
 -3.596938005554762E-002
 -0.119645027554149     
 -9.866773137757168E-002
  5.760291552890717E-002
  6.425699245102623E-002
  5.622259823112974E-002
  6.285125596825580E-002
  4.412353967748461E-002
  3.799734423482470E-002
  3.062499064043456E-002
  4.090329478720145E-002
  3.887147437711058E-002
  3.736130765503254E-002
  5.042363535158445E-002
  3.645534751303392E-002
  4.116058069950168E-002
  4.528092085934277E-002
  5.193784684150582E-002
  5.036348771398957E-002
  4.354395798283528E-002
  5.338768054798093E-002
  3.946643242130532E-002
  4.603011546007441E-002
  3.688026064722139E-002
  4.114083318030437E-002
  4.317518462663272E-002
  3.612856363429451E-002
  3.662034831949867E-002
  3.141792595518977E-002
  3.825003905626234E-002
  2.869344528952600E-002
  5.436995637870201E-002
  5.697152735569599E-002
  4.782276623780990E-002
  7.011116116339866E-002
  5.175613301538928E-002
  5.907223586569987E-002
  4.882630714243774E-002
  6.659202632292593E-002
  7.547597096465897E-002
  3.589936616272016E-002
  4.706557833388070E-002
  3.698657729363375E-002
  5.438216714325372E-002
  4.281328730183076E-002
  4.266723474772527E-002
  2.352997855261052E-002
  3.152031568617175E-002
  3.082766002662007E-002
  3.112245088342069E-002
  3.287216639537505E-002
  4.074105265074712E-002
  2.572952140469031E-002
  3.328009588363412E-002
  3.805311265666622E-002
  3.839021898249717E-002
  3.382949835009197E-002
  3.662477290337796E-002
  3.901251186550247E-002
  1.887259536661567E-002
  3.888231682432175E-002
  4.116925777469749E-002
  3.943822599819347E-002
  4.563956102779554E-002
  2.862957098491181E-002
  3.262940641292644E-002
  3.228955737965900E-002
  2.390968987726416E-002
  4.253606976964819E-002
  3.044468735653694E-002
  4.185182067369853E-002
  3.526300872848998E-002
  2.787322854692820E-002
  3.174805143755000E-002
  4.624665423197916E-002
  4.072415476986169E-002
  3.485205970031902E-002
