           6           1  0.377203173655933     
           7           2   1.41078719909057     
           7           6   1.23645920127316     
           8           7  0.943185843838842     
           9           8  0.940256271159663     
          10           3   1.50389539641111     
          10           6   1.22534515853582     
          10           9  0.918757580771362     
          11           9  0.963504197704117     
          12           8  0.962651711650982     
          13          12  0.958601493918284     
          14          13  0.953364628694483     
          15          14   1.84859982070331     
          16          14   1.05489680420382     
          17           1  0.547839608138893     
          18           3   1.15181849422496     
          18          17   1.16557948215170     
          19          18   1.23934077301531     
          20          19   1.34328105502686     
          21           4   1.23126081455392     
          21          17   1.21054215537164     
          21          20   1.15458158546620     
          22          19  0.998377001949646     
          23          20  0.981564656598622     
          24          23   1.84237813528043     
          25          23  0.956082291230145     
          26           1  0.332017108286340     
          27           4   1.43495172821372     
          27          26   1.27959533648282     
          28          27  0.896887820968388     
          29          28  0.971075375649045     
          30           5   1.45688031430996     
          30          26   1.24413555224189     
          30          29  0.949345768144319     
          31          28  0.968926054736727     
          32          29  0.925676675482286     
          33          32   1.01548482298385     
          34           1  0.501989865041507     
          35           5   1.24439390417182     
          35          34   1.09629884212597     
          36          35   1.26954094454883     
          37          36   1.33634852893476     
          38           2   1.20362215438709     
          38          34   1.23344423346447     
          38          37   1.20739438701753     
          39          36  0.977126720475278     
          40          37   1.03483296622604     
          41          40   1.82175445478412     
          42           2  0.936929296099919     
          42          40  0.869113007791940     
          43          42  0.945100805727788     
          44          43   1.76676421524608     
          45          43   1.11567736870062     
          46          45  0.964084777403800     
          47          16  0.948049580095024     
          48          47  0.998951770728000     
          49          48   1.92035931051867     
          50          49  0.952528614563219     
          51          49  0.950770123046930     
          52          51  0.986350794764520     
          53          52  0.983742671908561     
          54          53  0.958240986119896     
          55          54  0.990696908145017     
          56          54  0.969140244736660     
          57          56  0.982390926834998     
          58          57  0.973505998221421     
          59          58  0.983466068295518     
          60          59  0.972454921364037     
          61          59  0.966229195943377     
          62          61  0.972845087671625     
          63          62  0.993156105872994     
          64          63  0.959555259688281     
          65          64  0.975303904824868     
          66          64  0.987618387051422     
          67           3  0.937771244780548     
          68           4  0.930193393743413     
          69           5  0.934047049638628     
          70           8  0.933137046478449     
          71           9  0.944891816338897     
          72          11  0.979821596791612     
          73          11  0.984015320352269     
          74          11  0.978538802855743     
          75          12  0.957160456954248     
          76          12  0.959248973120731     
          77          13  0.949558666476982     
          78          13  0.960902417945465     
          79          22  0.969470325877844     
          80          22  0.959909631157798     
          81          22  0.973397634797980     
          82          25  0.961947799493726     
          83          25  0.969728987190641     
          84          25  0.955736941431296     
          85          28  0.946144952968830     
          86          29  0.932263398654355     
          87          31  0.978361754149157     
          88          31  0.976149299281167     
          89          31  0.980960415981101     
          90          32  0.968821115072342     
          91          32  0.966427082293931     
          92          33  0.984324570872054     
          93          33  0.978014654099917     
          94          33  0.976806614737534     
          95          39  0.973047703275641     
          96          39  0.979385098962990     
          97          39  0.968444064203772     
          98          42  0.919216154574281     
          99          46  0.981708101300566     
         100          46  0.986928496481722     
         101          46  0.989701393327674     
         102          47  0.955697821572286     
         103          47  0.954532663409586     
         104          48  0.934403545565352     
         105          50  0.981699916477627     
         106          50  0.982034055348254     
         107          50  0.975552579685501     
         108          51  0.960210390877014     
         109          51  0.963021493871216     
         110          52  0.973146445834571     
         111          52  0.966382505085367     
         112          53  0.964862151877917     
         113          53  0.962868898927264     
         114          54  0.954617920879044     
         115          55  0.974785366152872     
         116          55  0.982022675834423     
         117          55  0.980268350761754     
         118          56  0.963579293929497     
         119          56  0.968475079002524     
         120          57  0.968760326192889     
         121          57  0.966310702985032     
         122          58  0.953160715422221     
         123          58  0.961112942014298     
         124          59  0.949456075488555     
         125          60  0.982242753061492     
         126          60  0.978218591040310     
         127          60  0.980475050678748     
         128          61  0.962282396693940     
         129          61  0.966028960778504     
         130          62  0.969188748960233     
         131          62  0.964862255249216     
         132          63  0.956989829845190     
         133          63  0.969603678867215     
         134          64  0.958509941974447     
         135          65  0.978132510409964     
         136          65  0.982962761504664     
         137          65  0.983340425947531     
         138          66  0.976728447204467     
         139          66  0.978846270963169     
         140          66  0.977801343264125     
