  0.302787734390676     
  1.649072173995680E-003
 -5.284641427788284E-002
 -3.212972653498891E-002
 -3.562253551024686E-002
 -0.158969074196638     
  2.746821744414030E-002
 -2.967234251260020E-002
 -3.021681837631540E-002
  2.716642939714164E-002
 -8.588533405799570E-002
 -5.609952958268316E-002
 -4.653670726185677E-002
  0.226374592451693     
 -0.297644009880817     
 -0.127351912668603     
 -0.220599766695909     
  1.932210903463671E-002
 -3.960098490223984E-002
 -4.637491718807496E-002
  5.258019602276987E-002
 -6.674747640775003E-002
  0.116054545967188     
 -0.269110203160045     
 -8.256398618155014E-002
 -0.165238306213164     
  4.041972740002597E-002
 -2.632438938068038E-002
 -2.680188807110184E-002
  4.063183384530955E-002
 -8.166770860425920E-002
 -6.368580712176186E-002
 -8.884230257602432E-002
 -0.187362283427036     
  1.698651357842662E-002
  4.239427916094218E-003
 -4.434670255857665E-002
  1.684453961762955E-002
 -6.343499196226521E-002
  0.140064187095085     
 -0.221447835961519     
 -4.277359716595797E-002
  0.229473882358066     
 -0.239922132099651     
 -0.182617337590790     
  4.210297066275626E-003
  6.243538103705770E-002
 -7.986615977796063E-002
 -1.846433848622375E-002
 -8.104557279522506E-002
 -7.331793030076117E-002
 -7.690357188223018E-002
 -7.240679563488239E-002
 -1.973007744268340E-002
 -0.111051971807644     
 -6.474180332489787E-002
 -6.461928745001888E-002
 -6.242331250571009E-002
 -1.606363616085105E-002
 -0.101052582912807     
 -7.726216409191267E-002
 -6.453083112923697E-002
 -8.340162552620267E-002
 -1.691971340978959E-002
 -9.978555676218548E-002
 -9.496710119552887E-002
  5.906457023710698E-002
  6.285741070915785E-002
  5.345486837072189E-002
  5.139794729953051E-002
  4.408878560306295E-002
  3.486228450542206E-002
  4.896037114478669E-002
  3.915707530079715E-002
  4.780639248955509E-002
  4.000531734023216E-002
  3.367347445305757E-002
  5.809640291161067E-002
  5.201810061511447E-002
  5.383534317824168E-002
  5.008759630762538E-002
  5.227967973702163E-002
  4.829715946862279E-002
  5.052023913772552E-002
  5.832858830891208E-002
  6.109090343112822E-002
  4.556716442763009E-002
  3.959430945308284E-002
  4.044299254401107E-002
  4.399808984123943E-002
  2.921890837988828E-002
  4.114507088798169E-002
  3.526824132030781E-002
  3.079325109189246E-002
  5.251916820551350E-002
  4.248081458618558E-002
  5.423567163228971E-002
  6.377848363009420E-002
  5.275543714866260E-002
  5.873851709090938E-002
  4.629197082541792E-002
  6.098817404460299E-002
  5.662456870352539E-002
  4.130018258970347E-002
  4.557565234216454E-002
  4.973234609890831E-002
  3.742669893353745E-002
  3.203711948455445E-002
  3.975589017934000E-002
  3.304551652126764E-002
  3.459226452621922E-002
  2.539272421020211E-002
  3.778788677438938E-002
  3.010492946476073E-002
  3.158848652475266E-002
  3.172921788161498E-002
  3.744707919290124E-002
  4.163224845581859E-002
  2.953974997861686E-002
  3.318276364996786E-002
  3.229705159987806E-002
  3.752680381829676E-002
  3.310296756094722E-002
  3.776278204265993E-002
  4.009360455932853E-002
  2.694670055840154E-002
  2.670321888827321E-002
  3.243901033190999E-002
  2.665546821646303E-002
  2.681657240907021E-002
  3.513434960238560E-002
  2.680482790590821E-002
  2.944268658336580E-002
  3.365635990446314E-002
  2.877260640872537E-002
  3.477755700906782E-002
  3.335214700365652E-002
  4.255482623824913E-002
  4.119522876557136E-002
  3.005349735152230E-002
