 excitation energies, transition moments and TDA amplitudes
 state    eV      nm       fL        Rv(corr)
    1    2.179   569.0     0.6882    -5.4042    -0.86( 140-> 141) -0.44( 139-> 143)  0.11( 133-> 142)
    2    2.402   516.1     0.0440    -0.0619    -0.81( 139-> 141)  0.53( 140-> 143) -0.12( 138-> 142)
    3    3.370   367.9     0.0242     0.2627     0.85( 140-> 142)  0.35( 138-> 141)  0.22( 139-> 142)
    4    3.434   361.1     0.0117    -7.0827    -0.83( 138-> 141)  0.38( 140-> 142)  0.18( 140-> 143)
    5    3.646   340.0     0.2584    -3.9773     0.62( 140-> 143)  0.32( 139-> 141)  0.31( 139-> 142)
    6    3.807   325.7     0.2528     8.8534    -0.71( 140-> 144)  0.61( 140-> 145)  0.17( 139-> 143)
    7    3.912   316.9     0.0889    -6.1283    -0.77( 139-> 142)  0.25( 138-> 141)  0.22( 140-> 145)
    8    4.040   306.9     0.0737    -2.3083     0.63( 135-> 141)  0.37( 134-> 141) -0.34( 133-> 141)
    9    4.071   304.5     1.2457    -4.1642    -0.54( 140-> 145)  0.49( 139-> 143)  0.32( 137-> 141)
