           6           1  0.359275646174690     
           7           2   1.34298630187052     
           7           6   1.22846547545767     
           8           7  0.950325125443746     
           9           8  0.948783734897843     
          10           3   1.34755105351415     
          10           6   1.32108518498673     
          10           9  0.912098089175668     
          11           9  0.980208495180185     
          12           8  0.939715792720790     
          13          12  0.964287247486712     
          14          13  0.943776029781179     
          15          14   1.78289183504390     
          16          14   1.12929830909446     
          17           1  0.558029008592276     
          18           3   1.33762199347550     
          18          17   1.11416872747706     
          19          18   1.15900302424409     
          20          19   1.40552157269227     
          21           4   1.28497935188033     
          21          17   1.19898755335836     
          21          20   1.11956729198860     
          22          19   1.00546224438820     
          23          20   1.03093496482110     
          24          23   1.77745414049481     
          25          23  0.972460907538325     
          26           1  0.396430728639878     
          27           4   1.41098669326598     
          27          26   1.27991757606264     
          28          27  0.905459611967776     
          29          28  0.940048669041858     
          30           5   1.40617493855589     
          30          26   1.21597279505340     
          30          29  0.944443769786938     
          31          28  0.968109672443174     
          32          29  0.942102757284963     
          33          32  0.996449432516797     
          34           1  0.512427960990389     
          35           5   1.32345421429486     
          35          34   1.13812840637951     
          36          35   1.10545974443954     
          37          36   1.44594079034605     
          38           2   1.30053553398171     
          38          34   1.20827456547249     
          38          37   1.07360497653465     
          39          36  0.999461833490214     
          40          37   1.08378714928926     
          41          40   1.82069820121557     
          42           2  0.938619681868255     
          42          40  0.833010741098335     
          43          42  0.923335934811122     
          44          43   1.86911885376623     
          45          43   1.03192600009530     
          46          45  0.971593154760314     
          47          16  0.949483238168363     
          48          47  0.996735851280346     
          49          48   1.87854061943558     
          50          49  0.991590570435468     
          51          49  0.978635281390818     
          52          51  0.971815135909854     
          53          52  0.969379135164408     
          54          53  0.989327215341017     
          55          54  0.974351978127881     
          56          54  0.972678156419049     
          57          56  0.968863261419433     
          58          57   1.00635641447981     
          59          58  0.957673763258846     
          60          59   1.00355394748389     
          61          59  0.972553122626355     
          62          61  0.987593857674601     
          63          62  0.977807115810767     
          64          63  0.965540095116185     
          65          64  0.993694887156756     
          66          64  0.985884943837871     
          67           3  0.933389487619342     
          68           4  0.926812647748898     
          69           5  0.933356437368823     
          70           8  0.937054669849515     
          71           9  0.949486757571601     
          72          11  0.977959327186776     
          73          11  0.972817440707867     
          74          11  0.973208139835022     
          75          12  0.962144965403707     
          76          12  0.965686500538909     
          77          13  0.971643765245497     
          78          13  0.946585838034378     
          79          22  0.957999625813276     
          80          22  0.962170927294434     
          81          22  0.973243048545362     
          82          25  0.959303971368397     
          83          25  0.958999141166528     
          84          25  0.972993844839810     
          85          28  0.945999256897987     
          86          29  0.934780022069955     
          87          31  0.976518377123338     
          88          31  0.979671086447352     
          89          31  0.980341091978012     
          90          32  0.959205856469817     
          91          32  0.972769651156039     
          92          33  0.984435095412523     
          93          33  0.983327580560557     
          94          33  0.985480932570083     
          95          39  0.959162285374227     
          96          39  0.976929471591421     
          97          39  0.966571516221012     
          98          42  0.927044241756910     
          99          46  0.985466984794243     
         100          46  0.976095856863380     
         101          46  0.990284264583997     
         102          47  0.954978802898589     
         103          47  0.957872994651701     
         104          48  0.941026227867821     
         105          50  0.968564613640018     
         106          50  0.970964910846842     
         107          50  0.973254453686132     
         108          51  0.957979890606459     
         109          51  0.959079012220247     
         110          52  0.968349459847762     
         111          52  0.968394867096496     
         112          53  0.965993943616874     
         113          53  0.956046746505285     
         114          54  0.950102210231103     
         115          55  0.979813819708991     
         116          55  0.978583696424458     
         117          55  0.977170967448627     
         118          56  0.962288811706309     
         119          56  0.964564342812940     
         120          57  0.963967679269745     
         121          57  0.959000039280737     
         122          58  0.955666018139763     
         123          58  0.963075665070774     
         124          59  0.942284047403052     
         125          60  0.968915781237086     
         126          60  0.976944639468069     
         127          60  0.975894512246065     
         128          61  0.960201301339034     
         129          61  0.964118053976248     
         130          62  0.970647165055529     
         131          62  0.961615508516301     
         132          63  0.959494039576531     
         133          63  0.961678704471268     
         134          64  0.958624521468352     
         135          65  0.979050953159559     
         136          65  0.979653997858147     
         137          65  0.974289348057868     
         138          66  0.976361892391117     
         139          66  0.979479251670219     
         140          66  0.976411176730886     
