  0.302518302811573     
 -9.726663616111964E-004
 -2.309392149210510E-002
 -3.040411195613313E-002
 -5.754301565957576E-002
 -0.130232616058695     
  1.104219862420175E-002
 -2.856374259611538E-002
 -1.052103267247340E-002
  4.869484091818066E-002
 -9.144699630334330E-002
 -4.903981613612274E-002
 -5.669690497829549E-002
  0.243691092246815     
 -0.257035920746963     
 -0.133558727948047     
 -0.241137186837660     
  3.636399639093613E-002
  5.950230507627552E-004
 -6.391614725176531E-002
  8.126795794360175E-002
 -8.461568369436723E-002
  0.128937750023078     
 -0.251595173934518     
 -9.599388928469299E-002
 -0.193819963577595     
  5.099766275135043E-002
 -3.826359091135956E-002
 -2.372504638994677E-002
  3.297860784824325E-002
 -8.431234458137382E-002
 -4.123825603050424E-002
 -8.624700140170294E-002
 -0.206832846849654     
 -5.040543040839118E-003
 -1.465909392968889E-002
 -5.350393752184246E-002
  2.781481541665043E-002
 -5.552393992847016E-002
  0.168743048947161     
 -0.243937501107871     
 -5.692398278135880E-002
  0.238001193190433     
 -0.296828851331827     
 -0.130107616797667     
  2.561281197592047E-002
  5.926167721066466E-002
 -0.109880514108594     
 -4.274498192636678E-002
 -9.186989439274296E-002
 -4.834740014402783E-002
 -5.846162807925115E-002
 -7.806859791994913E-002
 -2.908730895661549E-002
 -9.749836863851957E-002
 -8.522621621569737E-002
 -5.657279601293652E-002
 -7.493920784647568E-002
 -3.711436827046377E-002
 -9.945067395477025E-002
 -8.072913971989060E-002
 -6.259172534717106E-002
 -8.275224244436252E-002
 -3.858685642557980E-003
 -9.601268868162194E-002
 -0.115208683314130     
  5.128492475304702E-002
  5.605984104192119E-002
  5.552531947689465E-002
  4.999729926629559E-002
  4.800852597038430E-002
  3.061294968430261E-002
  4.513853358790698E-002
  3.286643901725472E-002
  3.515821581234457E-002
  4.461898635340822E-002
  5.572321893157783E-002
  5.021174856135846E-002
  4.773276025335571E-002
  5.400627295138860E-002
  5.068025781617580E-002
  4.220300773704766E-002
  3.973952238156342E-002
  4.752288619955014E-002
  3.553218739740704E-002
  5.615775180698868E-002
  4.245621704694180E-002
  4.251953401385888E-002
  3.277635957691238E-002
  4.317851490673219E-002
  4.287911988057869E-002
  3.216146944145237E-002
  4.030063426845676E-002
  4.192220324572371E-002
  5.347716429326421E-002
  5.118156593030754E-002
  4.673698899783119E-002
  5.112671957943660E-002
  5.729785807000498E-002
  5.298897051754070E-002
  4.700794407808673E-002
  5.642329387383016E-002
  6.220887169784739E-002
  3.739681139130113E-002
  4.325425329648924E-002
  4.778891873462632E-002
  3.519929894801632E-002
  3.766965455518290E-002
  4.460637059567718E-002
  3.595657832373322E-002
  3.681929206079648E-002
  2.874128117838592E-002
  3.501122219377895E-002
  3.414005241783180E-002
  3.430750299845553E-002
  3.226406668528858E-002
  3.782563219012991E-002
  3.030694134259337E-002
  3.090205180304617E-002
  3.430321931781144E-002
  3.970597650064722E-002
  3.036434680018218E-002
  4.149946010064043E-002
  3.711704284466122E-002
  3.875432558516689E-002
  3.376316425617643E-002
  3.022081345193672E-002
  3.611179287715882E-002
  2.682063728106066E-002
  3.851682072392848E-002
  2.600404442456661E-002
  4.756620602021944E-002
  2.827347835739302E-002
  4.504212501469351E-002
  3.154244528041472E-002
  4.059252094782828E-002
  2.403485424572493E-002
  3.533502085694729E-002
  2.804036452350089E-002
  3.000354581580178E-002
