 excitation energies, transition moments and TDA amplitudes
 state    eV      nm       fL        Rv(corr)
    1    2.217   559.1     0.6797    -8.1709     0.86( 142-> 143)  0.34( 141-> 145)  0.24( 141-> 144)
    2    2.320   534.4     0.1423    -2.0455     0.84( 141-> 143) -0.34( 142-> 145) -0.29( 142-> 144)
    3    3.099   400.0     0.0084     1.1153     0.90( 140-> 143) -0.28( 139-> 143) -0.14( 141-> 144)
    4    3.486   355.6     0.0031    12.4854    -0.74( 139-> 143)  0.32( 142-> 144)  0.30( 138-> 143)
    5    3.657   339.0     0.1799    20.3017     0.65( 142-> 144) -0.45( 141-> 144) -0.39( 142-> 145)
    6    3.711   334.1     0.0194    -9.0585     0.64( 138-> 143) -0.41( 136-> 143)  0.35( 142-> 145)
    7    3.768   329.0     0.0106    -3.1633    -0.72( 142-> 146)  0.59( 142-> 147) -0.23( 141-> 144)
    8    3.876   319.9     0.0575    11.5466     0.57( 141-> 144)  0.47( 142-> 144) -0.42( 141-> 145)
    9    3.993   310.5     0.3266    63.8554    -0.41( 142-> 145)  0.40( 138-> 143)  0.38( 135-> 143)
