           6           1  0.363987752680977     
           7           2   1.35244001441341     
           7           6   1.21868608559632     
           8           7  0.942218515245987     
           9           8  0.956991523661252     
          10           3   1.35692102854408     
          10           6   1.32089008071487     
          10           9  0.914199935581281     
          11           9  0.981337345606125     
          12           8  0.934702916158764     
          13          12  0.985523969951832     
          14          13  0.906602631378654     
          15          14   1.85648565337795     
          16          14   1.08377054855080     
          17           1  0.447065027496048     
          18           3   1.32179116390713     
          18          17   1.09940411932213     
          19          18   1.20902515069455     
          20          19   1.36188003467838     
          21           4   1.22666117723666     
          21          17   1.28686720406085     
          21          20   1.15624999666064     
          22          19   1.03247518903141     
          23          20  0.983183246543097     
          24          23   1.81564706730185     
          25          23  0.979885424731283     
          26           1  0.452766804105682     
          27           4   1.41970611414390     
          27          26   1.23958263508000     
          28          27  0.932525384638871     
          29          28  0.944053900324103     
          30           5   1.40180911857446     
          30          26   1.20376696730850     
          30          29  0.985875020634787     
          31          28  0.958081800307010     
          32          29  0.923194320491822     
          33          32   1.01013467295766     
          34           1  0.543135467767699     
          35           5   1.29037913179911     
          35          34   1.07643511606080     
          36          35   1.21088716276187     
          37          36   1.32454953118984     
          38           2   1.25261226355108     
          38          34   1.23380084439015     
          38          37   1.14130451832728     
          39          36   1.01731130877568     
          40          37   1.13269400180153     
          41          40   1.79893031281431     
          42           2  0.937951390494422     
          42          40  0.828065887973144     
          43          42  0.921692348354226     
          44          43   1.78335772149639     
          45          43   1.13558476096434     
          46          45  0.963612745967716     
          47          16  0.986592240436019     
          48          47  0.962990273638162     
          49          48   1.90499991651651     
          50          49  0.991052231906143     
          51          49  0.949445361932667     
          52          51  0.982743999389753     
          53          52  0.982469836003319     
          54          53  0.956488591365043     
          55          54  0.998377689310522     
          56          54  0.956102573998782     
          57          56  0.993081679476508     
          58          57  0.981899573129162     
          59          58  0.963951606157476     
          60          59  0.985095580158826     
          61          59  0.952395328875612     
          62          61  0.996618107696231     
          63          62  0.977409378444709     
          64          63  0.963418615449366     
          65          64   1.00835551295172     
          66          64  0.971719971590798     
          67           3  0.934997126448315     
          68           4  0.935040784819233     
          69           5  0.935889010641886     
          70           8  0.928320210204823     
          71           9  0.945149482476698     
          72          11  0.972016661680540     
          73          11  0.971713849081687     
          74          11  0.977711649165814     
          75          12  0.965432325735493     
          76          12  0.958471996429212     
          77          13  0.955722127349909     
          78          13  0.964024230380232     
          79          22  0.962907443641786     
          80          22  0.957762100201866     
          81          22  0.943756586507054     
          82          25  0.965412810896639     
          83          25  0.969135337135138     
          84          25  0.950636337281917     
          85          28  0.948689199537797     
          86          29  0.930046210229898     
          87          31  0.981455395468363     
          88          31  0.976575266514532     
          89          31  0.977275079206385     
          90          32  0.965832104283374     
          91          32  0.967209226312248     
          92          33  0.983916485260610     
          93          33  0.982594343440188     
          94          33  0.968020895265675     
          95          39  0.959522805394382     
          96          39  0.972409406449716     
          97          39  0.962345067058160     
          98          42  0.933214675301769     
          99          46  0.982172293152831     
         100          46  0.980734909535872     
         101          46  0.990122600347687     
         102          47  0.963894396585173     
         103          47  0.955560904593809     
         104          48  0.941619697817563     
         105          50  0.964401950232480     
         106          50  0.971508824572939     
         107          50  0.977184607020387     
         108          51  0.966550128561669     
         109          51  0.956980517909196     
         110          52  0.967171945877397     
         111          52  0.968504493651752     
         112          53  0.965493892205057     
         113          53  0.966426727813324     
         114          54  0.954729969623749     
         115          55  0.972508674389790     
         116          55  0.979232004144699     
         117          55  0.976740239230871     
         118          56  0.962835863008675     
         119          56  0.955753301819666     
         120          57  0.963161457079769     
         121          57  0.964126603936513     
         122          58  0.959312333757508     
         123          58  0.962744611111131     
         124          59  0.955903296008503     
         125          60  0.976934283407817     
         126          60  0.982063223551469     
         127          60  0.981526146310287     
         128          61  0.961733908611539     
         129          61  0.969119707915819     
         130          62  0.965764754428994     
         131          62  0.962795592557141     
         132          63  0.953595981224447     
         133          63  0.961578958442995     
         134          64  0.951892382534856     
         135          65  0.975689272500474     
         136          65  0.970525277846129     
         137          65  0.978378803466936     
         138          66  0.976858022646334     
         139          66  0.982428626622430     
         140          66  0.978369044431971     
