  0.318608346999395     
  2.208995111951717E-002
 -1.870775024378180E-002
 -3.127575459799825E-002
 -5.610926577876629E-002
 -0.135024065011278     
  4.317245898256328E-002
 -2.648847424168910E-002
 -2.990311211833419E-002
  3.788424938055446E-002
 -9.242264083566898E-002
 -6.580492470140076E-002
 -6.179251268652752E-002
  0.208018262055479     
 -0.254749091553155     
 -0.146246409225954     
 -0.220493454956197     
  2.871921166302549E-002
 -4.146483717706850E-002
 -7.958502652414090E-002
  3.526018023957045E-002
 -8.506540202884771E-002
  0.155309440067230     
 -0.232767556742982     
 -8.900790313708651E-002
 -0.175095399458346     
  2.650208831033085E-002
  5.639714183861333E-003
 -2.205246269471761E-002
  4.457256904901641E-002
 -0.106662754385542     
 -5.326688401172941E-002
 -9.045285633481193E-002
 -0.221017807187331     
  3.728086889769111E-002
  4.710192396998547E-003
 -4.221852052682440E-002
  2.053606840696443E-002
 -7.127605825136651E-002
  0.156756300223400     
 -0.234427647215129     
 -4.165326027489069E-002
  0.248245018305315     
 -0.255521628953296     
 -0.127370198704900     
  1.720732550217408E-002
  5.738969065182031E-002
 -8.412957101684082E-002
 -4.049251325292857E-002
 -9.231989655073836E-002
 -7.237713503558929E-002
 -5.224642157123682E-002
 -6.395413137679995E-002
 -2.291777382546911E-002
 -9.970114015383391E-002
 -6.861330330459037E-002
 -7.143990355027974E-002
 -7.668524872624527E-002
 -2.283866331126116E-002
 -0.101315117142109     
 -7.852376128318550E-002
 -7.921144027420990E-002
 -6.460161542252063E-002
 -2.773779801225995E-002
 -0.114790131810693     
 -0.104887652190642     
  5.750182683085803E-002
  6.276582242684048E-002
  5.299006084196078E-002
  5.582792986242535E-002
  3.704472126045122E-002
  5.001006627032278E-002
  2.921187708970308E-002
  3.314657042919478E-002
  3.558625600492149E-002
  3.498888242490195E-002
  3.495571259853214E-002
  4.339064960986860E-002
  4.778561934178072E-002
  4.575778564940181E-002
  4.808007809987458E-002
  4.385850742821595E-002
  4.416401548241644E-002
  5.208336927010582E-002
  5.417518150500023E-002
  5.273846332185694E-002
  3.470558979973382E-002
  4.390943929548219E-002
  3.309297051929982E-002
  2.762580652425073E-002
  4.563920855992709E-002
  3.232672809238613E-002
  3.704155084167648E-002
  4.067669624368242E-002
  5.123319283269800E-002
  4.964689284291490E-002
  4.750180165734208E-002
  5.985290779439034E-002
  4.739015120460133E-002
  4.767773545278853E-002
  4.016359963374094E-002
  5.553456129451340E-002
  4.791196156478050E-002
  4.525785646838942E-002
  4.154687683345593E-002
  4.399096406055969E-002
  4.216171661328150E-002
  3.724836458229241E-002
  3.758541598392195E-002
  4.303963459890581E-002
  3.390322007276469E-002
  3.978500795961259E-002
  2.962006272499695E-002
  2.895475784211243E-002
  3.052957302334114E-002
  3.538455523321049E-002
  3.948456175754045E-002
  4.515530495155917E-002
  2.666077176246906E-002
  3.523517455786584E-002
  2.896971135962756E-002
  4.249551159446596E-002
  3.336308144076450E-002
  3.746199715621046E-002
  3.822116890308414E-002
  3.809453982084887E-002
  2.563229590094229E-002
  3.864422658243960E-002
  2.620165348212922E-002
  3.496005303244487E-002
  2.417466326686801E-002
  3.268690288418330E-002
  4.764627659414578E-002
  3.722097873658892E-002
  4.031015584041520E-002
  2.677757195298935E-002
  2.451733672131917E-002
  2.944776074141420E-002
  4.359235478075141E-002
  3.484869121547707E-002
