 excitation energies, transition moments and TDA amplitudes
 state    eV      nm       fL        Rv(corr)
    1    2.217   559.3     0.6795     2.7174     0.87( 143-> 144)  0.34( 142-> 146)  0.25( 142-> 145)
    2    2.334   531.1     0.1197     1.4279     0.85( 142-> 144) -0.35( 143-> 146) -0.25( 143-> 145)
    3    3.125   396.7     0.0374    -7.1923     0.92( 141-> 144)  0.27( 140-> 144)  0.10( 141-> 145)
    4    3.459   358.4     0.0067    -1.3068     0.71( 140-> 144) -0.34( 143-> 146) -0.31( 143-> 145)
    5    3.654   339.3     0.0692    46.0456    -0.76( 143-> 147)  0.29( 143-> 145)  0.27( 140-> 144)
    6    3.768   329.0     0.0060    -7.0519     0.65( 143-> 145) -0.47( 143-> 146)  0.32( 143-> 147)
    7    3.830   323.7     0.1639    16.0426     0.79( 142-> 147) -0.38( 142-> 145)  0.25( 143-> 147)
    8    3.930   315.5     0.0362   -23.8116     0.64( 142-> 145) -0.49( 142-> 146) -0.28( 143-> 146)
    9    4.052   306.0     0.4586   -11.4104    -0.50( 143-> 146) -0.34( 142-> 148) -0.33( 143-> 145)
