  0.303737608475804     
  3.357307946287502E-002
 -3.598767166031092E-002
 -3.954954541703071E-002
 -3.252803839591056E-002
 -0.135170750302178     
  3.689720828792442E-002
 -1.978954145635203E-002
 -3.272233770922561E-002
  2.029255401109964E-002
 -8.573247863700129E-002
 -4.000395320966010E-002
 -5.056621767039271E-002
  0.187682652795458     
 -0.240814319339481     
 -0.157063916362809     
 -0.210722960609599     
 -1.214957195773714E-002
 -4.717579884552503E-002
 -7.952403804641417E-002
  2.065347894704317E-002
 -6.420649374968601E-002
  0.161500371841273     
 -0.227309715009958     
 -9.729779556635787E-002
 -0.180084028641773     
  5.047846977806358E-002
 -1.983429423616112E-002
 -2.782851534249264E-002
  4.417660229504294E-002
 -8.870030421945874E-002
 -5.014166413963572E-002
 -0.104539615482865     
 -0.211402953791631     
  4.342754361631140E-002
  9.779097754482713E-003
 -7.290083615093668E-002
  3.709811351556347E-002
 -6.461244345387307E-002
  0.197375264229725     
 -0.223084655610377     
 -5.837143507443887E-002
  0.228380150359271     
 -0.260721754407076     
 -0.158158619705169     
  1.027058834945382E-002
  4.152611533398920E-002
 -7.729771048880618E-002
 -3.149930716308447E-002
 -8.254282112249012E-002
 -5.609635061588936E-002
 -5.570121025649133E-002
 -9.054535762367877E-002
 -2.294570887466651E-002
 -0.120014372349776     
 -7.773153163601521E-002
 -6.015038030903774E-002
 -8.091482044865117E-002
 -2.231840042130617E-002
 -0.100892106890572     
 -7.713925092167440E-002
 -7.814820874092021E-002
 -7.536995478963515E-002
 -1.086203556066767E-002
 -0.110230149965196     
 -0.118663624520754     
  5.736135654509944E-002
  5.901495237324283E-002
  3.986615486176059E-002
  4.949828432492498E-002
  4.533587392435345E-002
  3.190475562300121E-002
  3.886291594011881E-002
  5.350139106862817E-002
  4.211335153785079E-002
  4.873343540438602E-002
  5.835643361933829E-002
  3.833885530807413E-002
  5.073194006884474E-002
  5.397845785015265E-002
  4.593064769023703E-002
  4.837948311181683E-002
  4.040687065619397E-002
  5.252098973414621E-002
  4.817151320240720E-002
  5.637045100106164E-002
  3.952431887723018E-002
  3.555961494869708E-002
  4.026440560839017E-002
  3.226387102461259E-002
  4.192169039593208E-002
  3.995001475587912E-002
  4.250151489320164E-002
  2.840424988782997E-002
  4.937912459521032E-002
  5.125887509073690E-002
  5.233178969789853E-002
  4.550788501086278E-002
  4.770202821534431E-002
  4.746926586794453E-002
  5.371859595241846E-002
  5.133553908817468E-002
  5.071256267788971E-002
  3.695769227279777E-002
  4.799586871997785E-002
  4.203161460263982E-002
  3.937687559324099E-002
  3.951650459806244E-002
  4.130940769795421E-002
  3.831065463442340E-002
  3.366623866711183E-002
  3.241161347197830E-002
  2.046613474011139E-002
  5.400590599842670E-002
  2.294208176891466E-002
  3.248027883055293E-002
  4.313426152309396E-002
  4.385733776889378E-002
  3.477727677690456E-002
  3.586003868368415E-002
  4.511116303013563E-002
  1.909446932739001E-002
  4.385242227656616E-002
  3.796405595101504E-002
  2.845765584757065E-002
  3.766956199042271E-002
  4.204598984643659E-002
  4.382076117882561E-002
  2.352382150028787E-002
  3.503769731324835E-002
  3.073007112435922E-002
  4.017131774533989E-002
  3.110430230959793E-002
  5.305106484507172E-002
  2.973700162901127E-002
  2.503854286174645E-002
  3.951116296332702E-002
  3.355851842481283E-002
  3.279027659068068E-002
  3.035756430894065E-002
