 excitation energies, transition moments and TDA amplitudes
 state    eV      nm       fL        Rv(corr)
    1    2.294   540.5     0.4052    -3.3400    -0.62( 143-> 144)  0.61( 142-> 144)  0.24( 142-> 146)
    2    2.396   517.6     0.6612    -4.2509    -0.64( 143-> 144) -0.61( 142-> 144)  0.27( 142-> 146)
    3    2.883   430.0     0.0370    -3.4557    -0.93( 141-> 144)  0.21( 142-> 144)  0.12( 143-> 146)
    4    3.590   345.4     0.0054     0.0675    -0.81( 139-> 144) -0.33( 137-> 144)  0.29( 136-> 144)
    5    3.807   325.7     0.0411    22.5572     0.70( 143-> 147) -0.51( 143-> 149)  0.26( 137-> 144)
    6    3.855   321.6     0.0144     0.6404     0.58( 143-> 145)  0.47( 137-> 144) -0.31( 136-> 144)
    7    3.928   315.6     0.1011    -0.0599    -0.71( 143-> 145)  0.37( 137-> 144) -0.28( 136-> 144)
    8    4.042   306.7     0.1882    13.4402     0.41( 138-> 144) -0.37( 142-> 149)  0.37( 142-> 147)
    9    4.058   305.5     0.0170   -39.0408     0.70( 142-> 147) -0.37( 138-> 144) -0.30( 142-> 149)
