           6           1  0.386450631816312     
           7           2   1.43596093485414     
           7           6   1.22771650382454     
           8           7  0.921568425828249     
           9           8  0.942994682957543     
          10           3   1.50269430359813     
          10           6   1.20952450531268     
          10           9  0.932601794681619     
          11           9  0.957849533322459     
          12           8  0.961595956610412     
          13          12  0.984492204931889     
          14          13  0.903913922353899     
          15          14   1.87149244123069     
          16          14   1.03480621504790     
          17           1  0.499608515925384     
          18           3   1.20563257102849     
          18          17   1.18845725715257     
          19          18   1.16674529958046     
          20          19   1.41339097088970     
          21           4   1.21770616817032     
          21          17   1.20844399816621     
          21          20   1.14368727424964     
          22          19   1.01269975077834     
          23          20  0.967072922245837     
          24          23   1.85248384611947     
          25          23  0.968738436043898     
          26           1  0.453295657264451     
          27           4   1.47129528455408     
          27          26   1.23048941241411     
          28          27  0.926231551889201     
          29          28  0.945084708335708     
          30           5   1.50097457840617     
          30          26   1.18553215099528     
          30          29  0.926612509111096     
          31          28  0.957219029930874     
          32          29  0.929866499617184     
          33          32   1.00522672600083     
          34           1  0.473653385220826     
          35           5   1.20070539254091     
          35          34   1.15720231126162     
          36          35   1.25148585632743     
          37          36   1.29122540099922     
          38           2   1.23373100448011     
          38          34   1.21755663847771     
          38          37   1.15482365427833     
          39          36   1.00048015384487     
          40          37   1.09069658292254     
          41          40   1.84192861820430     
          42           2  0.939658503202964     
          42          40  0.842296687265058     
          43          42  0.918019680462316     
          44          43   1.83189123352363     
          45          43   1.06893072896691     
          46          45  0.973611978621483     
          47          16  0.978509923353422     
          48          47  0.983829045728383     
          49          48   1.87408347608335     
          50          49   1.01087505954845     
          51          49  0.957722341731495     
          52          51  0.983148633005415     
          53          52  0.967501436517830     
          54          53  0.973619288581117     
          55          54  0.965946165602008     
          56          54  0.967751389708999     
          57          56  0.985892778641771     
          58          57  0.992621907263614     
          59          58  0.954825260410722     
          60          59  0.988791857026752     
          61          59  0.994286408685125     
          62          61  0.965949252457230     
          63          62  0.982825821610092     
          64          63  0.973647326607613     
          65          64  0.991366973721320     
          66          64  0.979186398789037     
          67           3  0.933402192463013     
          68           4  0.931382133883730     
          69           5  0.936780988118381     
          70           8  0.936617251634111     
          71           9  0.947741745316397     
          72          11  0.982550206820811     
          73          11  0.978295881945769     
          74          11  0.971593862441023     
          75          12  0.959591934200346     
          76          12  0.955888257773104     
          77          13  0.945306874974621     
          78          13  0.963442940681245     
          79          22  0.958870402501926     
          80          22  0.960634811704770     
          81          22  0.972463343778631     
          82          25  0.962902690010901     
          83          25  0.966792344033371     
          84          25  0.952971833474089     
          85          28  0.949394430204322     
          86          29  0.942991810046405     
          87          31  0.979776090322402     
          88          31  0.983934832100490     
          89          31  0.979292501369828     
          90          32  0.969791563168591     
          91          32  0.964506690722919     
          92          33  0.979594331998752     
          93          33  0.976640071397043     
          94          33  0.967686507066505     
          95          39  0.961816298093830     
          96          39  0.973858993013924     
          97          39  0.970741126515621     
          98          42  0.928999223159875     
          99          46  0.985492815441601     
         100          46  0.987477027033837     
         101          46  0.979457195414381     
         102          47  0.947022839658190     
         103          47  0.960420345675385     
         104          48  0.941928812100268     
         105          50  0.963412234541155     
         106          50  0.967509250326973     
         107          50  0.969768014796306     
         108          51  0.955146988070507     
         109          51  0.961003181542387     
         110          52  0.969538324724496     
         111          52  0.967193407612989     
         112          53  0.957761807781787     
         113          53  0.966672200036182     
         114          54  0.947050515384412     
         115          55  0.984324964739975     
         116          55  0.980035736788127     
         117          55  0.976738191204290     
         118          56  0.957932438529894     
         119          56  0.962162959452541     
         120          57  0.963093055907324     
         121          57  0.965347870863368     
         122          58  0.970152148227396     
         123          58  0.952365319669100     
         124          59  0.946990319160138     
         125          60  0.980014071196817     
         126          60  0.977487899937410     
         127          60  0.974423489912759     
         128          61  0.955475090007013     
         129          61  0.958077566135740     
         130          62  0.965132922442445     
         131          62  0.969817250771511     
         132          63  0.960365164118553     
         133          63  0.958765607049059     
         134          64  0.953013372762391     
         135          65  0.974378486998199     
         136          65  0.979161545391175     
         137          65  0.974526511045221     
         138          66  0.978293095857834     
         139          66  0.976601802253138     
         140          66  0.976950652077284     
