  0.314605759863931     
  8.670653831668318E-004
 -3.432053764061038E-002
 -2.671033382488908E-002
 -2.962159015523369E-002
 -0.160494681050381     
  2.027026044361468E-002
 -2.382277223432894E-002
 -2.623873376211971E-002
  1.484540213349517E-002
 -8.617659787867460E-002
 -4.597567419480253E-002
 -5.339550733094889E-002
  0.221588171809417     
 -0.293659273564399     
 -0.138809780435971     
 -0.217137625348073     
  3.630531566719464E-002
 -2.436355405623125E-002
 -8.365077638713192E-002
  1.844506641538324E-002
 -7.130901040805693E-002
  0.149529950916270     
 -0.254323688469885     
 -8.355582040395149E-002
 -0.168243963562699     
  1.226268861323643E-002
 -1.795323269325522E-003
 -1.458203767486932E-002
  4.606214390667684E-002
 -8.841357300573005E-002
 -5.181709417411806E-002
 -0.107182549144845     
 -0.197466149649522     
  1.111510417629935E-002
 -5.624187138169034E-003
 -3.428334332541549E-002
  4.240749729110327E-002
 -5.950708104007862E-002
  0.143520936157375     
 -0.218149158981423     
 -5.793622720103997E-002
  0.218191127837128     
 -0.280922237473519     
 -0.135926594131840     
  1.859428869247637E-002
  5.989901538030029E-002
 -8.710874251586276E-002
 -4.290431862199817E-002
 -8.003264116890030E-002
 -6.258060741761540E-002
 -7.129563702940445E-002
 -7.771752437234980E-002
 -3.374417768844662E-002
 -9.272847534057060E-002
 -7.614614607172676E-002
 -4.641869049918590E-002
 -7.766086681542106E-002
 -3.764074583993526E-002
 -9.863735628798143E-002
 -6.908897431247851E-002
 -4.983791809198035E-002
 -6.888950706603225E-002
 -2.782598515833801E-002
 -0.103825478016815     
 -0.113828904085016     
  6.069064562098547E-002
  5.204608490546592E-002
  4.333135047690095E-002
  5.825993118341510E-002
  4.921809971913427E-002
  4.510222588507407E-002
  4.627756232378188E-002
  4.385538447631121E-002
  3.799823759866461E-002
  4.248787516781349E-002
  5.382620462246546E-002
  4.669726535216823E-002
  4.686122706172891E-002
  5.745601761867292E-002
  5.079369328607186E-002
  6.184772913511294E-002
  4.486262205494018E-002
  5.976171398080132E-002
  5.128603827840039E-002
  5.062242449017329E-002
  4.607350493253670E-002
  3.884982239283097E-002
  3.580024590123942E-002
  3.848459913429125E-002
  3.893012644855520E-002
  3.308689966482770E-002
  3.212811095744728E-002
  3.187670755684835E-002
  5.730485994615175E-002
  5.911965551984766E-002
  4.209365565806278E-002
  5.385524177392564E-002
  4.997623954579289E-002
  5.603240408567245E-002
  3.902456045242142E-002
  4.680161178913766E-002
  6.900321465368320E-002
  3.223839162014108E-002
  3.980529537413380E-002
  4.723686240713076E-002
  4.574679404384208E-002
  3.618269308854305E-002
  4.078757138346656E-002
  4.122582146844356E-002
  3.351911214402103E-002
  3.386343391690794E-002
  3.639959689022920E-002
  2.705708818781061E-002
  2.607204964202914E-002
  4.413977370235889E-002
  3.208034602619092E-002
  3.274056072419762E-002
  2.979860457536088E-002
  4.228017660822936E-002
  4.197789774938721E-002
  3.643873622744898E-002
  3.413933052666240E-002
  2.947439272139973E-002
  3.825452238867633E-002
  3.023518240275913E-002
  4.076534295010270E-002
  3.699454566039040E-002
  2.416996291703133E-002
  2.958284489616614E-002
  2.636142944545061E-002
  2.881790045702837E-002
  4.018663324345650E-002
  3.792991641817067E-002
  3.990330103968776E-002
  3.255847134886380E-002
  3.416308616463215E-002
  3.207152820332637E-002
  2.991753152257759E-002
  2.797785689361043E-002
