 excitation energies, transition moments and TDA amplitudes
 state    eV      nm       fL        Rv(corr)
    1    2.196   564.6     0.6901     4.3461    -0.87( 143-> 144)  0.44( 142-> 146) -0.10( 137-> 145)
    2    2.336   530.7     0.1006     3.3180     0.84( 142-> 144)  0.46( 143-> 146)  0.15( 141-> 144)
    3    3.072   403.5     0.0099   -10.9749    -0.94( 141-> 144)  0.15( 139-> 144) -0.14( 141-> 145)
    4    3.521   352.1     0.0107    -8.6967     0.79( 143-> 147)  0.44( 143-> 145)  0.25( 143-> 146)
    5    3.615   342.9     0.0260     0.7248    -0.58( 139-> 144) -0.44( 138-> 144)  0.39( 143-> 146)
    6    3.687   336.2     0.1286     4.5769    -0.71( 143-> 145)  0.45( 143-> 147)  0.33( 143-> 148)
    7    3.882   319.4     0.0573    24.3838     0.44( 137-> 144) -0.35( 135-> 145) -0.31( 138-> 144)
    8    3.922   316.1     0.1312   -36.1072     0.72( 142-> 147)  0.51( 142-> 145)  0.18( 143-> 146)
    9    3.992   310.6     0.3763    -2.8454    -0.54( 139-> 144)  0.42( 142-> 147) -0.35( 143-> 146)
