           6           1  0.372208805766087     
           7           2   1.39234759801874     
           7           6   1.24468175225988     
           8           7  0.936147818421060     
           9           8  0.924737287046618     
          10           3   1.36231641184287     
          10           6   1.23758565557529     
          10           9  0.971897238861148     
          11           9  0.972254554564568     
          12           8  0.956633234372739     
          13          12  0.972948471593556     
          14          13  0.928496769014894     
          15          14   1.81845702986641     
          16          14   1.09242537972377     
          17           1  0.533040591250103     
          18           3   1.31982239941259     
          18          17   1.15103670814741     
          19          18   1.19104601987713     
          20          19   1.39345929776003     
          21           4   1.30725605088445     
          21          17   1.16833792887964     
          21          20   1.12171043801293     
          22          19  0.994640363731534     
          23          20  0.976254771263371     
          24          23   1.81445747678227     
          25          23   1.00051076397592     
          26           1  0.366226583895585     
          27           4   1.42540675528823     
          27          26   1.20393945216600     
          28          27  0.953842225340905     
          29          28  0.955599172856273     
          30           5   1.44942619208170     
          30          26   1.26242491468086     
          30          29  0.927647208342406     
          31          28  0.957995458174947     
          32          29  0.955476717737520     
          33          32  0.985216234901145     
          34           1  0.544032821645979     
          35           5   1.24398539281175     
          35          34   1.12715298637240     
          36          35   1.16990317403836     
          37          36   1.41258632643213     
          38           2   1.23829604589021     
          38          34   1.21245410896025     
          38          37   1.15172271647856     
          39          36  0.970747353675913     
          40          37   1.05116552849724     
          41          40   1.84082077990479     
          42           2  0.916901296379455     
          42          40  0.850701021829129     
          43          42  0.937407482483025     
          44          43   1.78851993993349     
          45          43   1.10239862575367     
          46          45  0.975282245554717     
          47          16  0.964589352867771     
          48          47  0.999857657267098     
          49          48   1.90106465405620     
          50          49  0.987006157144098     
          51          49  0.955136809686124     
          52          51  0.977361908391741     
          53          52  0.977271095316129     
          54          53  0.950007678418795     
          55          54  0.993711480478149     
          56          54  0.967770352376037     
          57          56  0.982529586697897     
          58          57  0.994870225386522     
          59          58  0.953526530257938     
          60          59  0.989384818075444     
          61          59  0.962403724128082     
          62          61   1.00079284968849     
          63          62  0.976308189856493     
          64          63  0.971658861887212     
          65          64  0.981464694293593     
          66          64  0.990196251687573     
          67           3  0.932907623563099     
          68           4  0.925328234690349     
          69           5  0.937935663182503     
          70           8  0.933247442677824     
          71           9  0.939692186417215     
          72          11  0.978747453276659     
          73          11  0.970966187003744     
          74          11  0.973448471006034     
          75          12  0.963420797860395     
          76          12  0.963289246758675     
          77          13  0.945250481433620     
          78          13  0.963247540838979     
          79          22  0.963524872471858     
          80          22  0.963898135067118     
          81          22  0.972626879051720     
          82          25  0.956252349239664     
          83          25  0.962944492514468     
          84          25  0.945801694385640     
          85          28  0.936695097071379     
          86          29  0.938208686884165     
          87          31  0.973230960528900     
          88          31  0.976422525403030     
          89          31  0.979471919756684     
          90          32  0.970517090521135     
          91          32  0.970648248727997     
          92          33  0.979361584006581     
          93          33  0.983890652790594     
          94          33  0.988377333459796     
          95          39  0.973015853119382     
          96          39  0.971219359693712     
          97          39  0.980746473213175     
          98          42  0.932001566309626     
          99          46  0.986900276418560     
         100          46  0.976534625562525     
         101          46  0.987859321400326     
         102          47  0.957077948763693     
         103          47  0.946004667695931     
         104          48  0.937198413680864     
         105          50  0.977015242216102     
         106          50  0.970215255804212     
         107          50  0.973048049000924     
         108          51  0.960801167713263     
         109          51  0.959532465990072     
         110          52  0.964902245846523     
         111          52  0.969064575413478     
         112          53  0.969125280231236     
         113          53  0.968036960934023     
         114          54  0.953492508451925     
         115          55  0.982065004655427     
         116          55  0.974421299244620     
         117          55  0.976053374236924     
         118          56  0.955616183780964     
         119          56  0.965145686109602     
         120          57  0.962803563194949     
         121          57  0.960726728532081     
         122          58  0.956886432897922     
         123          58  0.960559652133864     
         124          59  0.956954849481997     
         125          60  0.976295497126257     
         126          60  0.976687597389190     
         127          60  0.980587590578654     
         128          61  0.956275514674731     
         129          61  0.960556983566723     
         130          62  0.963461764857504     
         131          62  0.970450182910509     
         132          63  0.961138987553087     
         133          63  0.960275014571162     
         134          64  0.956910626280928     
         135          65  0.975899287800971     
         136          65  0.980714561116729     
         137          65  0.982887171362195     
         138          66  0.974432272307396     
         139          66  0.979797756115097     
         140          66  0.975322487560882     
