  0.310893181286301     
  1.752188963020762E-002
 -1.766785321984177E-002
 -4.764321255583415E-002
 -3.133265178395561E-002
 -0.135940558412686     
  3.066451603504650E-002
 -4.448998768128565E-002
 -4.088325205797005E-002
  8.438167517823558E-003
 -8.811720976675641E-002
 -3.998447194203347E-002
 -3.038060854219626E-002
  0.210180073996349     
 -0.260181387993081     
 -0.155207684512710     
 -0.206739817005173     
  4.339528652273827E-003
 -7.781166234992476E-003
 -8.689372773511650E-002
  2.624120310503519E-002
 -6.804153232691945E-002
  0.137546080781760     
 -0.222928679682458     
 -7.629682405503146E-002
 -0.172269490898538     
  1.792284069159589E-002
 -2.731076924738129E-002
 -1.151796072604228E-002
  2.770380516258264E-002
 -7.699440266591040E-002
 -6.981710315766865E-002
 -9.472317571820810E-002
 -0.211959008816610     
  4.319385831210321E-002
 -1.076739989138531E-002
 -6.728533646652135E-002
  6.072072957828745E-002
 -7.459439978697002E-002
  0.155421833227448     
 -0.225430725081664     
 -5.323907902044400E-002
  0.221378092943137     
 -0.229981908175434     
 -0.168213194219796     
  7.856239090222150E-003
  4.568854512398213E-002
 -9.484776089263836E-002
 -3.715020380555689E-002
 -8.370519345354133E-002
 -4.878118727317649E-002
 -5.877664764885360E-002
 -8.855979782809165E-002
 -1.466907697319719E-002
 -0.109058651401202     
 -6.547302804244204E-002
 -5.691010635849025E-002
 -6.628814491737423E-002
 -3.040832449613351E-002
 -9.678695917990510E-002
 -8.124835035049394E-002
 -8.001777125307985E-002
 -5.054338219694277E-002
 -2.336012167267132E-002
 -0.102296679680215     
 -0.104734824798789     
  6.006178996431244E-002
  5.457387481359521E-002
  5.385482949436093E-002
  4.591027185099339E-002
  4.063344455821682E-002
  3.871516758696658E-002
  4.354524220353884E-002
  4.159943452254511E-002
  3.587954470362731E-002
  5.646138645328846E-002
  4.910392478842274E-002
  4.712612095575530E-002
  4.064600957442499E-002
  5.016879519336470E-002
  5.362094844348564E-002
  5.093495335608778E-002
  4.818044551226852E-002
  5.236384118619142E-002
  5.447394815648743E-002
  5.856121341042031E-002
  4.067185790110395E-002
  4.173399663562105E-002
  4.552763821863060E-002
  3.572619045057224E-002
  3.663190528429949E-002
  3.342173519333091E-002
  3.588197158853301E-002
  2.811726510803048E-002
  4.977732034551829E-002
  4.654529849563815E-002
  5.037735815435218E-002
  5.907753624656786E-002
  4.413100604639753E-002
  4.480476238072673E-002
  5.786248012916773E-002
  5.435342044063651E-002
  5.636736589171765E-002
  3.154987634898232E-002
  4.050147244484137E-002
  4.808267458525350E-002
  4.716153137482759E-002
  4.938319609654107E-002
  4.240744485509129E-002
  2.782192348270662E-002
  3.852973977341767E-002
  2.046147015935251E-002
  2.676088743617200E-002
  4.494600510196045E-002
  2.607799901318208E-002
  3.316943969122410E-002
  3.808533632921840E-002
  4.485533664657415E-002
  3.808831615130781E-002
  4.531619808822351E-002
  3.166699232523196E-002
  3.595327401967674E-002
  3.015566735632746E-002
  1.378551288496743E-002
  2.585727245453662E-002
  3.785130486741284E-002
  3.513463173957332E-002
  4.615292801365845E-002
  1.626907126588084E-002
  2.244260674137422E-002
  3.330885857374721E-002
  3.187759449899863E-002
  4.519033186321286E-002
  2.653479685363225E-002
  4.343033625546866E-002
  3.172188757171146E-002
  3.796533052150142E-002
  3.365197961797894E-002
  3.391456767429957E-002
  2.903211855193388E-002
