 excitation energies, transition moments and TDA amplitudes
 state    eV      nm       fL        Rv(corr)
    1    2.134   581.1     0.1414    -2.5264     0.86( 143-> 145)  0.31( 144-> 147) -0.24( 140-> 145)
    2    2.189   566.3     0.7797    -0.1303     0.88( 144-> 145) -0.35( 143-> 147) -0.16( 143-> 146)
    3    3.044   407.3     0.0157     6.3310     0.88( 142-> 145) -0.40( 140-> 145) -0.13( 140-> 146)
    4    3.354   369.6     0.0139    -0.4234    -0.64( 140-> 145) -0.44( 144-> 147) -0.36( 142-> 145)
    5    3.467   357.6     0.0661     7.7509    -0.82( 144-> 148) -0.43( 140-> 145) -0.19( 139-> 145)
    6    3.586   345.8     0.0689    -4.5539    -0.87( 143-> 148)  0.35( 143-> 147)  0.20( 143-> 146)
    7    3.794   326.8     0.1390    21.7437    -0.80( 144-> 146) -0.33( 144-> 149)  0.27( 144-> 147)
    8    3.958   313.2     0.0042     0.6392     0.79( 143-> 146) -0.36( 143-> 147)  0.24( 144-> 146)
    9    4.015   308.8     0.0297   -17.6948    -0.88( 139-> 145)  0.21( 140-> 145) -0.13( 137-> 147)
