           6           1  0.356969779520814     
           7           2   1.36610634754476     
           7           6   1.24374034550827     
           8           7  0.965605889485821     
           9           8  0.948228010612777     
          10           3   1.39883962216613     
          10           6   1.26053721835324     
          10           9  0.926657069773876     
          11           9  0.952310006426950     
          12           8  0.906951534601284     
          13          12   1.01178504008786     
          14          13  0.916699753502528     
          15          14   1.84563163257707     
          16          14   1.06422741540751     
          17           1  0.507296098340222     
          18           3   1.30368877937339     
          18          17   1.10689081045380     
          19          18   1.17892420318280     
          20          19   1.45399750378592     
          21           4   1.28754930338506     
          21          17   1.24068779291497     
          21          20   1.08060923475411     
          22          19   1.00047470796803     
          23          20  0.939240662764164     
          24          23   1.87028179124381     
          25          23  0.960998068019257     
          26           1  0.438918916346104     
          27           4   1.41678238739431     
          27          26   1.29756700457601     
          28          27  0.869413753675357     
          29          28  0.949600333132869     
          30           5   1.57336118015605     
          30          26   1.11407183009540     
          30          29  0.916217033156869     
          31          28  0.979383962722227     
          32          29  0.966241739160783     
          33          32  0.992213549540528     
          34           1  0.516086350139746     
          35           5   1.17867925381628     
          35          34   1.14757043449027     
          36          35   1.25677736443564     
          37          36   1.29957915997700     
          38           2   1.25596693476960     
          38          34   1.21180482949346     
          38          37   1.16888865709950     
          39          36   1.00214106517867     
          40          37   1.06558451508132     
          41          40   1.83882493825810     
          42           2  0.926684562790699     
          42          40  0.848883378270592     
          43          42  0.898718112694756     
          44          43   1.87193103222400     
          45          43   1.03799001561649     
          46          45  0.981072772750590     
          47          16  0.967472686666808     
          48          47  0.989638366443899     
          49          48   1.87998625695029     
          50          49  0.988285493887058     
          51          49  0.981647487799411     
          52          51  0.966639945231841     
          53          52  0.978880181646004     
          54          53  0.965943391473859     
          55          54  0.977351604699937     
          56          54  0.968146119337400     
          57          56  0.976953079286697     
          58          57  0.985363111397107     
          59          58  0.967703404414257     
          60          59  0.978509910884242     
          61          59  0.978913533035103     
          62          61  0.962516670270858     
          63          62  0.967387256920122     
          64          63   1.01245433710995     
          65          64  0.975306231719137     
          66          64  0.972182946063850     
          67           3  0.931685850124948     
          68           4  0.930610329569839     
          69           5  0.931546322795868     
          70           8  0.934918030036577     
          71           9  0.949923133866630     
          72          11  0.983791081724037     
          73          11  0.978068184702787     
          74          11  0.978227418771724     
          75          12  0.961507477771026     
          76          12  0.948853568662254     
          77          13  0.952238689873864     
          78          13  0.953129342170388     
          79          22  0.974854145444631     
          80          22  0.965638028738175     
          81          22  0.961570083255798     
          82          25  0.963845037116154     
          83          25  0.972201969398193     
          84          25  0.960141526628724     
          85          28  0.946241317503109     
          86          29  0.936709911459814     
          87          31  0.980817824375509     
          88          31  0.980610147427256     
          89          31  0.977871133299717     
          90          32  0.960250692553171     
          91          32  0.962319414251772     
          92          33  0.984113701913359     
          93          33  0.984370911627921     
          94          33  0.983118641386216     
          95          39  0.969767686983872     
          96          39  0.956978733307588     
          97          39  0.974277936567208     
          98          42  0.935648829645041     
          99          46  0.989082474246578     
         100          46  0.984947223324124     
         101          46  0.976588660737855     
         102          47  0.958744809093581     
         103          47  0.948950414097447     
         104          48  0.941377408869733     
         105          50  0.979594263065409     
         106          50  0.968634424430134     
         107          50  0.969687809452894     
         108          51  0.955168757684331     
         109          51  0.956099073989007     
         110          52  0.972465047853561     
         111          52  0.962718338934815     
         112          53  0.970590389517645     
         113          53  0.966663713842540     
         114          54  0.953496687930233     
         115          55  0.981202618778190     
         116          55  0.977803347540013     
         117          55  0.974453087739409     
         118          56  0.963142172843242     
         119          56  0.962457458206370     
         120          57  0.966797528719044     
         121          57  0.964317683270236     
         122          58  0.955154967607330     
         123          58  0.963149220635956     
         124          59  0.949924685709042     
         125          60  0.979452808964631     
         126          60  0.973971359771729     
         127          60  0.980982493979690     
         128          61  0.954426541992069     
         129          61  0.966168243912441     
         130          62  0.973335595163731     
         131          62  0.967980485941020     
         132          63  0.956814549222707     
         133          63  0.956410985726145     
         134          64  0.953373904561875     
         135          65  0.979103297764413     
         136          65  0.985143820750695     
         137          65  0.978003296570378     
         138          66  0.978453027869332     
         139          66  0.984193090156660     
         140          66  0.982896582865684     
