  0.317422158811386     
  1.562320131524553E-002
 -2.966482116807878E-002
 -5.301291608606196E-002
 -4.091590251726362E-002
 -0.143161572492123     
 -1.259184078787001E-003
 -3.292180915864584E-003
 -1.606595183610615E-002
  4.092682725573082E-002
 -9.234458111753874E-002
 -7.365645232341222E-002
 -5.681106811195846E-002
  0.227747171948384     
 -0.284429324026720     
 -0.156647933111108     
 -0.222062010584530     
  4.913890270908272E-002
  3.726434467692297E-002
 -4.818660349912385E-002
  1.491803233654743E-002
 -7.973097417675223E-002
  0.120930183456275     
 -0.259901189298410     
 -8.167551857339905E-002
 -0.187754972961844     
  6.076917340628185E-002
 -1.080361128639407E-002
 -3.087874653979661E-002
  5.112714711035382E-002
 -8.880520731085717E-002
 -4.748021987235873E-002
 -9.894888796502066E-002
 -0.214080230346442     
  1.692072576804371E-003
 -1.670503090256759E-002
 -5.210634337388509E-002
  1.500152178439995E-002
 -5.911982405682714E-002
  0.122288967598956     
 -0.237027760945658     
  4.888734059407707E-003
  0.222219212249173     
 -0.251856711379650     
 -0.182650658504036     
  9.186465937493171E-003
  5.177736204582883E-002
 -8.787000716176685E-002
 -1.599385571053435E-002
 -9.090986242788190E-002
 -8.557776209233481E-002
 -7.044825367708274E-002
 -4.388360139601399E-002
 -2.560563188505149E-002
 -0.104798870213570     
 -7.202399718398134E-002
 -6.126141940370999E-002
 -6.420173613249691E-002
 -4.238531482339436E-002
 -0.111859187195297     
 -6.217037470793940E-002
 -6.386008265062948E-002
 -6.743244656347969E-002
 -4.431270269744658E-004
 -0.118168049055114     
 -0.105128751870521     
  4.507719158785384E-002
  6.125562004669072E-002
  5.694802603823701E-002
  6.541868908168447E-002
  4.716260980357601E-002
  4.963958022238346E-002
  4.116105421580307E-002
  3.501145945586392E-002
  3.161159344556863E-002
  4.639171819788623E-002
  3.661628766155034E-002
  5.311143784072858E-002
  5.362344533335872E-002
  5.019602731881012E-002
  4.798065443928445E-002
  5.120438381020764E-002
  4.757709054326686E-002
  4.938490140027962E-002
  4.755382605580294E-002
  4.532666533427510E-002
  4.289102489827512E-002
  3.270564253300146E-002
  3.599515676890563E-002
  3.834327555942751E-002
  4.589907311762675E-002
  3.238513075502403E-002
  1.818247128841766E-002
  3.039826779781363E-002
  6.551411416103259E-002
  4.908729604848661E-002
  5.659420138541926E-002
  8.162252042921514E-002
  4.747206866663534E-002
  4.938106141472731E-002
  5.608368015210652E-002
  5.194450504280812E-002
  4.885178081796493E-002
  3.118624241250223E-002
  5.428835429221002E-002
  4.929444113264159E-002
  4.120713526345499E-002
  3.706191656068014E-002
  3.378945583487725E-002
  2.757162661447243E-002
  4.145408484835711E-002
  3.325810668329032E-002
  4.195711295781779E-002
  3.570536163509719E-002
  3.871435678236046E-002
  2.654082418951909E-002
  4.939463119759280E-002
  3.147950885898054E-002
  4.148504555624777E-002
  3.132317517765570E-002
  4.187958212171206E-002
  3.713756465898299E-002
  4.078472117665854E-002
  2.804788896777133E-002
  3.506527302514073E-002
  3.287401185464334E-002
  2.241491739769308E-002
  3.888326279660659E-002
  2.808047436733030E-002
  3.048627652830938E-002
  4.039955041668353E-002
  3.639970097562795E-002
  3.499086120230877E-002
  2.858419973369275E-002
  2.165357698266657E-002
  3.195238142811430E-002
  4.098634289208536E-002
  2.968901385323897E-002
  3.040474392872206E-002
  3.010798428635053E-002
