 excitation energies, transition moments and TDA amplitudes
 state    eV      nm       fL        Rv(corr)
    1    2.150   576.7     0.7160    -1.5935     0.87( 143-> 144)  0.41( 142-> 146) -0.14( 142-> 148)
    2    2.309   537.1     0.1034    -2.7751     0.85( 142-> 144) -0.41( 143-> 146)  0.14( 143-> 148)
    3    3.131   396.0     0.0007    15.8520    -0.94( 140-> 144)  0.12( 143-> 146)  0.11( 137-> 144)
    4    3.349   370.3     0.0751    -0.3271    -0.54( 143-> 145) -0.45( 143-> 146)  0.38( 143-> 147)
    5    3.558   348.5     0.0053   -11.3219    -0.56( 139-> 144) -0.55( 143-> 145)  0.33( 143-> 146)
    6    3.606   343.8     0.0440     1.0581    -0.54( 143-> 147) -0.50( 143-> 145)  0.42( 139-> 144)
    7    3.781   327.9     0.4995     4.1572    -0.62( 142-> 146)  0.53( 142-> 147) -0.42( 142-> 148)
    8    3.894   318.4     0.0126   -22.1476    -0.80( 142-> 145)  0.35( 137-> 144)  0.20( 142-> 146)
    9    4.025   308.1     0.2437     9.3199    -0.59( 143-> 147) -0.39( 143-> 146) -0.29( 142-> 145)
