           6           1  0.365863114542714     
           7           2   1.40910227390380     
           7           6   1.14691982377570     
           8           7  0.997348923644263     
           9           8  0.939012483071876     
          10           3   1.37870883520435     
          10           6   1.31591211774800     
          10           9  0.939496580686729     
          11           9  0.965886136887721     
          12           8  0.895002036177427     
          13          12  0.957170379174640     
          14          13  0.947086936752126     
          15          14   1.81374499344952     
          16          14   1.08185814814193     
          17           1  0.493022011389162     
          18           3   1.24873422534780     
          18          17   1.20790997670126     
          19          18   1.18320127933043     
          20          19   1.41937485651294     
          21           4   1.29695823708428     
          21          17   1.16911878721264     
          21          20   1.09464089964625     
          22          19   1.01210311815019     
          23          20   1.03363530601236     
          24          23   1.79558959860899     
          25          23  0.959605437952427     
          26           1  0.336556340053422     
          27           4   1.35041576867301     
          27          26   1.29468348979403     
          28          27  0.945115225375282     
          29          28  0.951067242580021     
          30           5   1.53006609378061     
          30          26   1.22035121608324     
          30          29  0.902868008150037     
          31          28  0.985007179905343     
          32          29  0.956096637662750     
          33          32   1.01803293504774     
          34           1  0.610628226859056     
          35           5   1.19082522859791     
          35          34   1.14923925800193     
          36          35   1.19680224383145     
          37          36   1.36229643101868     
          38           2   1.24161281330018     
          38          34   1.13895529110104     
          38          37   1.19390085650391     
          39          36   1.00853490089301     
          40          37   1.05959911053733     
          41          40   1.78111732742793     
          42           2  0.957046496051063     
          42          40  0.895303193284025     
          43          42  0.926002802256525     
          44          43   1.84511274072971     
          45          43   1.03584233061565     
          46          45  0.975180131513638     
          47          16  0.940060515022095     
          48          47   1.02012369971730     
          49          48   1.84292120071428     
          50          49  0.983913919576036     
          51          49   1.00396853011752     
          52          51  0.937826216268001     
          53          52  0.995646424667717     
          54          53  0.984370479748051     
          55          54  0.988165069500850     
          56          54  0.954349201139493     
          57          56  0.975868978713480     
          58          57  0.990045078464256     
          59          58  0.958003927753290     
          60          59  0.989103126368068     
          61          59  0.967842287800414     
          62          61  0.999875695487768     
          63          62  0.964532811457055     
          64          63  0.978721148101169     
          65          64  0.992360312480449     
          66          64  0.993190624624768     
          67           3  0.943564488823922     
          68           4  0.934836212258590     
          69           5  0.933523059238965     
          70           8  0.932913671653618     
          71           9  0.946686031275431     
          72          11  0.977277556080202     
          73          11  0.973642345125709     
          74          11  0.975609783205055     
          75          12  0.965778642079378     
          76          12  0.960136181758244     
          77          13  0.965102421208896     
          78          13  0.944152340318193     
          79          22  0.955779529816803     
          80          22  0.969087739396153     
          81          22  0.958690475649129     
          82          25  0.960522492137593     
          83          25  0.964532208255533     
          84          25  0.972168710346558     
          85          28  0.930104191859719     
          86          29  0.935586489403153     
          87          31  0.978492782350817     
          88          31  0.972869920837256     
          89          31  0.974350650835725     
          90          32  0.961931473714691     
          91          32  0.960767538507787     
          92          33  0.979018032723313     
          93          33  0.974519649570803     
          94          33  0.980217702710365     
          95          39  0.954450088841802     
          96          39  0.975550608428502     
          97          39  0.962474511555348     
          98          42  0.908596395902069     
          99          46  0.985897209573483     
         100          46  0.989613859968812     
         101          46  0.981283473630647     
         102          47  0.949438167171181     
         103          47  0.965611230080330     
         104          48  0.939814271378753     
         105          50  0.972153316948796     
         106          50  0.973147013860670     
         107          50  0.965692978315221     
         108          51  0.949588366359931     
         109          51  0.959142652105252     
         110          52  0.968838093563305     
         111          52  0.963634968630944     
         112          53  0.952428690567654     
         113          53  0.954108564446245     
         114          54  0.946639444959524     
         115          55  0.969280173468684     
         116          55  0.978717887157879     
         117          55  0.976334482938623     
         118          56  0.970680843541917     
         119          56  0.959936059848909     
         120          57  0.966285612239671     
         121          57  0.966182784685859     
         122          58  0.959916739075350     
         123          58  0.963183107881102     
         124          59  0.951308196095101     
         125          60  0.978493243225936     
         126          60  0.974775709994150     
         127          60  0.980304018771560     
         128          61  0.955266746333535     
         129          61  0.962991668529038     
         130          62  0.967173374579530     
         131          62  0.962022765049118     
         132          63  0.961879448260419     
         133          63  0.968074002137858     
         134          64  0.952725001415940     
         135          65  0.977621287018285     
         136          65  0.970402285984660     
         137          65  0.973219062504220     
         138          66  0.974909577694104     
         139          66  0.979217799050722     
         140          66  0.976189653702272     
