  0.288863736829844     
  6.258009726155311E-003
 -3.259622238923576E-002
 -3.222110438343062E-002
 -3.619686581215653E-002
 -0.131138011479404     
  2.211784207403422E-002
 -2.544097005792079E-002
 -1.026307464205001E-002
  1.908642622422141E-002
 -7.770686831137752E-002
 -5.812800662359585E-002
 -7.274406325528382E-002
  0.219510062873585     
 -0.256043854597894     
 -0.152652580294329     
 -0.211689743690549     
  3.525155836011962E-002
 -1.409999330294465E-002
 -6.420310897354309E-002
  2.312144033290320E-002
 -7.425184033208243E-002
  0.154024594785940     
 -0.244310674811785     
 -9.110142579083202E-002
 -0.184672736890803     
  7.865126507440756E-002
 -2.365157170108478E-002
  1.748771186235842E-003
  2.285568103150482E-002
 -0.107846946702341     
 -5.812471081269521E-002
 -8.891776905065107E-002
 -0.202019474930702     
  7.883511342363647E-003
  7.366538464397721E-003
 -5.464459082350626E-002
  1.690446131930257E-002
 -5.734307422815998E-002
  0.158439220149738     
 -0.234558696968612     
 -5.312682304795135E-002
  0.220570118644517     
 -0.272739317395894     
 -0.141980522646257     
  9.057692036233522E-003
  5.678450342527075E-002
 -7.340009473575204E-002
 -7.033668563522610E-003
 -9.746548099957320E-002
 -4.923938331850231E-002
 -5.846836476148809E-002
 -7.035120651563176E-002
 -3.409130885305345E-002
 -0.109700279380900     
 -6.594833829322599E-002
 -6.462649738039250E-002
 -5.788112529653411E-002
 -2.844552311034931E-002
 -0.119996195295846     
 -5.439381492556716E-002
 -5.740263199265527E-002
 -7.821961290276480E-002
 -2.030423406936421E-002
 -9.895699091127153E-002
 -0.112841599845535     
  4.601485566524843E-002
  6.438143844707767E-002
  5.386730385637362E-002
  5.016967828324859E-002
  4.906001027047868E-002
  4.607911614527926E-002
  4.682790047603347E-002
  3.302998186779249E-002
  3.479987562930087E-002
  4.570782233536974E-002
  4.098544386784486E-002
  3.890883106758769E-002
  5.507791777867577E-002
  5.006566314543159E-002
  5.177976725938671E-002
  5.222872524974609E-002
  4.241870509489087E-002
  4.770930655007122E-002
  4.563034188275350E-002
  5.128004850098200E-002
  3.977690350661078E-002
  2.215204692617467E-002
  4.492408306316309E-002
  2.810889626756163E-002
  3.477440996179937E-002
  2.919482447043331E-002
  3.571910810655177E-002
  4.001871798353418E-002
  5.005993610079118E-002
  5.686345958874206E-002
  5.471431512010061E-002
  4.935775029444001E-002
  5.376694538773641E-002
  5.266414811913711E-002
  5.753343994765758E-002
  6.100617768009509E-002
  5.221702896117764E-002
  3.266406753581597E-002
  4.168467856812763E-002
  4.306290282968306E-002
  3.981397796007380E-002
  4.024256231461187E-002
  3.297563876480814E-002
  3.064392205886157E-002
  3.405342145220791E-002
  3.452310179305274E-002
  3.698757005066899E-002
  3.526914438573958E-002
  2.354440944251657E-002
  3.756519756476784E-002
  3.830143542721709E-002
  3.322946596280940E-002
  3.965007180035129E-002
  3.179520116347201E-002
  3.638764060355659E-002
  3.635901540863051E-002
  3.941937960433062E-002
  3.603469162426631E-002
  2.749569543300068E-002
  2.930694957797531E-002
  2.275183863697772E-002
  4.403174273868482E-002
  2.815319185052523E-002
  3.779495423536383E-002
  3.433606767328312E-002
  3.443814989134253E-002
  2.371779535986374E-002
  3.195055994761342E-002
  3.108632184728843E-002
  2.818174891095215E-002
  3.884917835964485E-002
  3.507312571470278E-002
  3.909328406193013E-002
  2.534253580423640E-002
