 excitation energies, transition moments and TDA amplitudes
 state    eV      nm       fL        Rv(corr)
    1    2.214   560.0     0.7083     4.2930    -0.84( 143-> 144)  0.36( 142-> 146) -0.27( 142-> 144)
    2    2.395   517.7     0.2069    -0.0485    -0.81( 142-> 144) -0.39( 143-> 146)  0.27( 143-> 144)
    3    3.338   371.4     0.0007   -11.5395    -0.94( 141-> 144)  0.15( 140-> 144) -0.14( 139-> 144)
    4    3.733   332.2     0.0510    -0.1765    -0.72( 143-> 145)  0.58( 139-> 144) -0.15( 143-> 148)
    5    3.777   328.2     0.0063     2.4803    -0.56( 143-> 146)  0.52( 139-> 144)  0.45( 143-> 145)
    6    3.922   316.1     0.0598    17.9353     0.59( 142-> 145) -0.44( 143-> 149) -0.36( 143-> 148)
    7    3.985   311.1     0.0027     1.5060     0.49( 143-> 149)  0.41( 142-> 145)  0.35( 143-> 148)
    8    4.001   309.9     0.0037    10.0760    -0.61( 137-> 144) -0.51( 136-> 144)  0.29( 142-> 145)
    9    4.110   301.7     0.1503     1.9761     0.61( 140-> 144)  0.31( 135-> 144)  0.28( 137-> 144)
