           6           1  0.394310060389021     
           7           2   1.38509849131712     
           7           6   1.25959270875582     
           8           7  0.923364346107201     
           9           8  0.954689789983770     
          10           3   1.42196600963695     
          10           6   1.20766690134839     
          10           9  0.936469303897979     
          11           9  0.977901455987262     
          12           8  0.936974111077962     
          13          12  0.962503682376893     
          14          13  0.929693443218234     
          15          14   1.82872643387845     
          16          14   1.09222924390789     
          17           1  0.489073237102066     
          18           3   1.28098448746672     
          18          17   1.19851955845070     
          19          18   1.16225167269043     
          20          19   1.45720911811901     
          21           4   1.25301885784842     
          21          17   1.16761774616941     
          21          20   1.11725479203125     
          22          19  0.989316384893762     
          23          20  0.973131467801394     
          24          23   1.84772585251928     
          25          23  0.965327363091590     
          26           1  0.395190559783310     
          27           4   1.41277810333769     
          27          26   1.36186954882070     
          28          27  0.892385108734887     
          29          28  0.959158229890229     
          30           5   1.49334044090161     
          30          26   1.12004558412367     
          30          29  0.943040812829374     
          31          28  0.969250952251120     
          32          29  0.957363256501132     
          33          32  0.997308248871857     
          34           1  0.557537469880857     
          35           5   1.24145770670262     
          35          34   1.13168124330629     
          36          35   1.19364101642850     
          37          36   1.36458537413531     
          38           2   1.25946451314229     
          38          34   1.20345989720702     
          38          37   1.12022783640815     
          39          36   1.02332134209607     
          40          37   1.10975865961263     
          41          40   1.80554951174158     
          42           2  0.938549626246350     
          42          40  0.833859502604482     
          43          42  0.908974431930078     
          44          43   1.80495014387914     
          45          43   1.10571650206872     
          46          45  0.963622724336217     
          47          16  0.926698923154140     
          48          47   1.01922771900422     
          49          48   1.87041965840301     
          50          49  0.986852165239975     
          51          49  0.960110646145845     
          52          51  0.981490086504529     
          53          52  0.976249551740948     
          54          53  0.969348918865472     
          55          54  0.984391101556431     
          56          54  0.966036147680525     
          57          56  0.989379332144428     
          58          57  0.976470028433131     
          59          58  0.970259127649453     
          60          59  0.989422384827597     
          61          59  0.973672126836084     
          62          61  0.998860947684128     
          63          62  0.969909950832936     
          64          63  0.977750395934632     
          65          64  0.994756334590491     
          66          64  0.980907170991695     
          67           3  0.933774456885398     
          68           4  0.934083023964854     
          69           5  0.927741058642951     
          70           8  0.936415811713588     
          71           9  0.935917220405862     
          72          11  0.971925284515208     
          73          11  0.974445309795666     
          74          11  0.979735193220418     
          75          12  0.963200412660508     
          76          12  0.962367401697907     
          77          13  0.958804892293644     
          78          13  0.959872903554113     
          79          22  0.973415002975129     
          80          22  0.965872642747295     
          81          22  0.964717245228609     
          82          25  0.958791460593296     
          83          25  0.964862875907687     
          84          25  0.969780243270129     
          85          28  0.948569037056087     
          86          29  0.930496205798452     
          87          31  0.974026760361556     
          88          31  0.975101731817127     
          89          31  0.976133193576359     
          90          32  0.969140154562515     
          91          32  0.966881607464096     
          92          33  0.979808660781745     
          93          33  0.985948690348085     
          94          33  0.983779390584183     
          95          39  0.971031105838734     
          96          39  0.957090346251698     
          97          39  0.956704913092985     
          98          42  0.936447568361174     
          99          46  0.979630024044978     
         100          46  0.985634199410023     
         101          46  0.986773894642396     
         102          47  0.963678711333793     
         103          47  0.953102633155757     
         104          48  0.936433255978021     
         105          50  0.974694755357260     
         106          50  0.970552132428478     
         107          50  0.968709562951592     
         108          51  0.964448787785993     
         109          51  0.963204122154785     
         110          52  0.968690398795299     
         111          52  0.966182341626023     
         112          53  0.964756253845998     
         113          53  0.963970247066917     
         114          54  0.950083389069530     
         115          55  0.982361538628739     
         116          55  0.980573912501338     
         117          55  0.976434513928922     
         118          56  0.965509046511891     
         119          56  0.956682633611917     
         120          57  0.963604572571398     
         121          57  0.968155155223289     
         122          58  0.966511466521011     
         123          58  0.961918769344139     
         124          59  0.949317277657863     
         125          60  0.976604786453519     
         126          60  0.981569442064439     
         127          60  0.978154849643968     
         128          61  0.956757820847104     
         129          61  0.958998719401028     
         130          62  0.963623918552426     
         131          62  0.969241233389211     
         132          63  0.966708006907997     
         133          63  0.964949688387560     
         134          64  0.959103104983434     
         135          65  0.979840846469138     
         136          65  0.978790542720863     
         137          65  0.972931309037618     
         138          66  0.981973003587803     
         139          66  0.976728710193913     
         140          66  0.979854187545824     
