  0.290861633532619     
 -3.369743652037016E-003
 -2.172483468539088E-002
 -1.848436669170894E-002
 -4.038301288097390E-002
 -0.147026298135735     
  3.915910264450506E-002
 -3.069659414205184E-002
 -4.078298461948648E-002
  9.468815230363248E-003
 -0.103063439696212     
 -5.160052670097315E-002
 -7.052980241972673E-002
  0.241519492799434     
 -0.269260267689366     
 -0.170725933015474     
 -0.194421902882660     
 -5.572515213419393E-003
 -4.241026851595109E-002
 -4.110560393465690E-002
  3.940876206383459E-002
 -6.276464025788275E-002
  0.153687357601250     
 -0.268461629872357     
 -0.106396405394378     
 -0.146551816591892     
  2.464182206239007E-002
 -1.578963011553292E-002
 -2.412241360203904E-002
  2.669961896290562E-002
 -0.102412686361948     
 -4.449346563976864E-002
 -9.305244687235614E-002
 -0.206831814951517     
  2.269298138663478E-002
 -1.321562594504755E-002
 -7.437104976905307E-002
  4.450011311715363E-002
 -6.296691654386066E-002
  0.168006783931023     
 -0.207057374033778     
 -3.264169889775470E-002
  0.251329482332874     
 -0.262248828444211     
 -0.143219553710431     
  9.388733923980652E-003
  5.514121208634526E-002
 -6.904932520002838E-002
 -3.794511062126471E-002
 -9.425846132014470E-002
 -6.479600897096649E-002
 -5.463842719753753E-002
 -7.292023247580826E-002
 -3.295540556693410E-002
 -0.106432825230511     
 -7.441237184257954E-002
 -5.111965948249519E-002
 -7.971553136693199E-002
 -3.147274994042704E-002
 -0.103236843012749     
 -5.030182387767468E-002
 -8.111873144387616E-002
 -8.856482041735791E-002
 -1.612922197118571E-002
 -0.105639869287058     
 -8.256391045294453E-002
  6.490800230019600E-002
  5.190685518589455E-002
  5.548829349155882E-002
  5.919085282284997E-002
  4.675482613620030E-002
  4.816031770446949E-002
  3.092885298903658E-002
  4.008574352705052E-002
  3.999359133236147E-002
  4.184273962358898E-002
  4.775410811757663E-002
  4.148523953141514E-002
  5.706931289748773E-002
  6.473212067553191E-002
  5.030200459999967E-002
  4.624097401355354E-002
  4.297031851608712E-002
  3.894220656196135E-002
  4.559444299801962E-002
  5.051347313507437E-002
  3.038635032965586E-002
  3.574719306180507E-002
  3.926559776283101E-002
  4.488869604344659E-002
  3.734282138127465E-002
  3.720610552408010E-002
  5.274904931456759E-002
  2.758373811793036E-002
  5.304053986519586E-002
  4.649531549819630E-002
  4.673931851220536E-002
  7.206907293822051E-002
  3.976418522529535E-002
  4.865652010960042E-002
  5.933191760236700E-002
  5.923375057394664E-002
  5.192948630356009E-002
  3.528076072255570E-002
  3.816163066887013E-002
  4.022138875467374E-002
  4.292025007422551E-002
  3.821318199466428E-002
  3.969461542254227E-002
  3.780126927423788E-002
  3.474957112122956E-002
  3.430696476251893E-002
  3.491840426095028E-002
  3.320157681882829E-002
  4.295056622816606E-002
  3.237408995735214E-002
  3.376972103308495E-002
  3.302521807535830E-002
  3.624305202659328E-002
  4.139449352393709E-002
  3.602555326401025E-002
  4.587246154082636E-002
  1.794274489680625E-002
  1.861728775514115E-002
  3.117954506341936E-002
  2.514752259080710E-002
  3.966964163133302E-002
  3.124597568936027E-002
  3.962822988425185E-002
  2.554682187710955E-002
  4.345156259436533E-002
  3.149571949913543E-002
  2.297561428325301E-002
  3.545923832321152E-002
  2.750673999221331E-002
  4.161213173348477E-002
  3.408088017969779E-002
  3.934410806563315E-002
  3.784225152955356E-002
  3.735679044519147E-002
