 excitation energies, transition moments and TDA amplitudes
 state    eV      nm       fL        Rv(corr)
    1    2.194   565.0     0.8204    -1.2948     0.89( 142-> 143) -0.29( 141-> 144) -0.26( 141-> 145)
    2    2.416   513.2     0.0926     4.7005    -0.83( 141-> 143) -0.40( 142-> 144) -0.29( 142-> 145)
    3    3.362   368.7     0.0021    -3.0507     0.94( 140-> 143)  0.14( 137-> 143)  0.13( 138-> 143)
    4    3.591   345.3     0.0596     0.8754     0.61( 142-> 145)  0.43( 142-> 147) -0.41( 142-> 146)
    5    3.766   329.2     0.0491     1.7137     0.71( 142-> 144) -0.48( 142-> 145)  0.32( 137-> 143)
    6    3.819   324.6     0.0561    17.2819    -0.63( 137-> 143) -0.48( 142-> 146)  0.37( 142-> 147)
    7    3.963   312.8     0.0050    10.2007    -0.59( 136-> 143)  0.51( 138-> 143) -0.27( 135-> 145)
    8    4.071   304.5     0.0594    41.8797    -0.60( 141-> 145)  0.46( 141-> 144)  0.29( 134-> 143)
    9    4.156   298.3     0.3869    51.0779    -0.42( 138-> 143)  0.32( 135-> 143)  0.31( 141-> 145)
