           6           1  0.397594334059190     
           7           2   1.36269163418027     
           7           6   1.24419060233106     
           8           7  0.971014582081953     
           9           8  0.936259723502334     
          10           3   1.34663582023591     
          10           6   1.23416979846697     
          10           9  0.960226732465082     
          11           9  0.949898861154376     
          12           8  0.935215211041019     
          13          12  0.972253211895619     
          14          13  0.950260522987063     
          15          14   1.84575494640689     
          16          14   1.04683873642107     
          17           1  0.479082433684430     
          18           3   1.39384905434973     
          18          17   1.09864157796563     
          19          18   1.10570654941823     
          20          19   1.44091322538936     
          21           4   1.24719249461974     
          21          17   1.26419290573469     
          21          20   1.08238476348511     
          22          19   1.00291896626352     
          23          20   1.06454654621138     
          24          23   1.78468451080925     
          25          23  0.958164125492043     
          26           1  0.462799732822125     
          27           4   1.48288767663915     
          27          26   1.20202391956112     
          28          27  0.914620441989155     
          29          28  0.961766438344093     
          30           5   1.52792060687200     
          30          26   1.16797632782987     
          30          29  0.916506195855939     
          31          28  0.960969707353232     
          32          29  0.950639149850301     
          33          32   1.00168361559534     
          34           1  0.499852893542888     
          35           5   1.18282946398610     
          35          34   1.18948242961293     
          36          35   1.17648367352316     
          37          36   1.40135476201627     
          38           2   1.22673960311169     
          38          34   1.21445425383667     
          38          37   1.18477529869293     
          39          36   1.00136876008221     
          40          37  0.996013523154661     
          41          40   1.90286063476279     
          42           2  0.942639385682166     
          42          40  0.817245732568363     
          43          42  0.971389674256472     
          44          43   1.80506913730115     
          45          43   1.06201636673418     
          46          45  0.972207069721347     
          47          16  0.957719801614256     
          48          47   1.00436749882771     
          49          48   1.89513071956455     
          50          49  0.976679818599446     
          51          49  0.956014479343335     
          52          51  0.980173001515747     
          53          52  0.987531418531978     
          54          53  0.971884421799962     
          55          54  0.964023644908558     
          56          54  0.976085418841872     
          57          56  0.984608748855700     
          58          57  0.990504011065923     
          59          58  0.935944027766058     
          60          59  0.987236615286778     
          61          59  0.990882274943418     
          62          61  0.981905264554037     
          63          62  0.965243479597381     
          64          63  0.972539694189796     
          65          64  0.993347195203342     
          66          64  0.990575202851951     
          67           3  0.926712709457985     
          68           4  0.929497963869000     
          69           5  0.938108660231667     
          70           8  0.926385749751976     
          71           9  0.943517341935783     
          72          11  0.974157217964623     
          73          11  0.981719840523909     
          74          11  0.975136024315847     
          75          12  0.964301748435625     
          76          12  0.965443048782189     
          77          13  0.941733798485075     
          78          13  0.947881282475450     
          79          22  0.970116934897388     
          80          22  0.956433478260327     
          81          22  0.960329197169180     
          82          25  0.956942350993573     
          83          25  0.960062840282248     
          84          25  0.973483695314624     
          85          28  0.948700172063243     
          86          29  0.937591563244707     
          87          31  0.977852643716196     
          88          31  0.981114033143779     
          89          31  0.976143369705287     
          90          32  0.967875068698888     
          91          32  0.968360596770045     
          92          33  0.984759906073071     
          93          33  0.973231566658233     
          94          33  0.986796904476034     
          95          39  0.964400937549870     
          96          39  0.971633239932044     
          97          39  0.974070303181283     
          98          42  0.916252402170300     
          99          46  0.986177397382447     
         100          46  0.987506088790090     
         101          46  0.978921988942052     
         102          47  0.949565166783911     
         103          47  0.959264563812358     
         104          48  0.935113220096971     
         105          50  0.967996452700188     
         106          50  0.980393790648733     
         107          50  0.976697665608734     
         108          51  0.958333143011245     
         109          51  0.952760814543917     
         110          52  0.960897965270380     
         111          52  0.969554863196233     
         112          53  0.962820322838309     
         113          53  0.954212448920916     
         114          54  0.955873690744692     
         115          55  0.978506308439049     
         116          55  0.986257474430043     
         117          55  0.983155791231060     
         118          56  0.957080208162709     
         119          56  0.964147387171142     
         120          57  0.963326954744901     
         121          57  0.961945716867684     
         122          58  0.955840938442736     
         123          58  0.969908532107937     
         124          59  0.955407641117057     
         125          60  0.979881960298759     
         126          60  0.982552352082289     
         127          60  0.974150345783316     
         128          61  0.960777268130940     
         129          61  0.956708884973362     
         130          62  0.964663598249814     
         131          62  0.964551824080956     
         132          63  0.963707686304654     
         133          63  0.965128217958871     
         134          64  0.955347564569527     
         135          65  0.978361533584003     
         136          65  0.977243528789105     
         137          65  0.978467050657865     
         138          66  0.976656040077989     
         139          66  0.977000532303179     
         140          66  0.980700921105034     
