  0.304460291288791     
  1.170848177455408E-002
 -9.869505133979217E-004
 -3.604239466103376E-002
 -2.659278593220105E-002
 -0.116590017197744     
  2.253444293719831E-002
 -1.193815380246743E-002
 -1.360615612673222E-002
  5.015078451309574E-002
 -8.766726603633668E-002
 -7.199282548653496E-002
 -7.632795813914850E-002
  0.228522492836099     
 -0.277857134326338     
 -0.165520871100890     
 -0.229832832568399     
  5.485151832755486E-002
  2.751250725852694E-002
 -5.325517750119158E-002
  5.001578902413240E-002
 -7.317257652075693E-002
  0.123329843059397     
 -0.245615947913083     
 -0.111790772927423     
 -0.187464098514515     
  3.824790032923930E-002
 -1.817202386713479E-002
 -4.258638670839954E-002
  2.409790127443134E-002
 -7.918618014834067E-002
 -7.372013772320507E-002
 -9.254551966463431E-002
 -0.217494647548670     
  9.912202807180304E-003
 -5.604899105363437E-002
 -5.248860262202193E-002
  9.862163085446074E-003
 -6.771968267223016E-002
  0.141753233029636     
 -0.201606251772679     
 -3.160160749277274E-003
  0.215059495388720     
 -0.275343555283082     
 -0.158949593120320     
  7.408916789264808E-003
  5.949957278139717E-002
 -7.126529519976010E-002
 -2.957813559114708E-002
 -8.792448167641087E-002
 -7.051793785445692E-002
 -7.115030249131671E-002
 -7.635565898684948E-002
 -3.170243469808920E-002
 -9.377280318586045E-002
 -7.908752677340658E-002
 -8.048001362873780E-002
 -6.755781444273090E-002
 -1.883188820470316E-002
 -0.102801490733129     
 -6.399775182662548E-002
 -5.638185581324340E-002
 -7.241479194654410E-002
 -2.141445235715089E-002
 -0.101216286414209     
 -0.111980462897271     
  5.448251569848095E-002
  5.551757432208893E-002
  6.929060350321059E-002
  6.035564906097435E-002
  4.983403181430468E-002
  4.151453777278480E-002
  3.373477285386905E-002
  4.410522842162956E-002
  4.197116251963151E-002
  3.638003153714231E-002
  4.367853802978472E-002
  3.924630484237923E-002
  5.209514075737387E-002
  3.857948754046769E-002
  5.290200209188123E-002
  4.022880221374703E-002
  3.617271509397046E-002
  4.306714662895883E-002
  6.772485030769548E-002
  4.173115299088059E-002
  3.405758373039125E-002
  5.273248306430789E-002
  5.048879439078047E-002
  3.921761753422326E-002
  2.570608607703473E-002
  2.261776890877543E-002
  4.570165586594443E-002
  3.342973771563074E-002
  4.554104951793747E-002
  4.811626766036259E-002
  5.390937812727448E-002
  8.910174480266109E-002
  4.172734159084490E-002
  5.487401751300203E-002
  4.593270019911144E-002
  5.167730751136879E-002
  6.757651606188397E-002
  4.868719640805441E-002
  4.688744272620204E-002
  3.394231935476855E-002
  4.658833901791104E-002
  4.717820388447391E-002
  3.769718757876028E-002
  3.000769015161919E-002
  3.984606791661349E-002
  2.237023066235100E-002
  3.698565971883050E-002
  3.246285979871866E-002
  3.571175292442941E-002
  4.159518497402703E-002
  3.844839804775269E-002
  2.493243470773510E-002
  3.827587275060396E-002
  3.547547299308984E-002
  2.928847444032923E-002
  4.934924072173197E-002
  3.401916170954444E-002
  2.690017708704695E-002
  3.503712075610665E-002
  3.559144696549632E-002
  2.320745010631931E-002
  3.034529558357490E-002
  3.432603772229392E-002
  4.416970164736533E-002
  3.073988928075355E-002
  3.627977808807226E-002
  3.151974315748329E-002
  4.253926876661418E-002
  3.246821875464068E-002
  3.510919985247485E-002
  3.072055076279567E-002
  2.385484757963907E-002
  3.953489436403279E-002
  2.766639118376624E-002
