 excitation energies, transition moments and TDA amplitudes
 state    eV      nm       fL        Rv(corr)
    1    2.197   564.4     0.3860    -1.4455    -0.62( 143-> 144)  0.57( 142-> 144) -0.27( 143-> 145)
    2    2.210   561.1     0.4059   -11.0588     0.62( 142-> 144)  0.60( 143-> 144)  0.26( 142-> 145)
    3    2.977   416.5     0.0240     6.2875     0.90( 141-> 144) -0.16( 143-> 146) -0.15( 143-> 145)
    4    3.220   385.1     0.0892     4.3975     0.63( 143-> 147)  0.51( 143-> 145)  0.31( 143-> 146)
    5    3.446   359.8     0.0190     2.5670     0.76( 139-> 144)  0.45( 143-> 147) -0.31( 143-> 146)
    6    3.589   345.5     0.2381    34.3665     0.65( 142-> 147)  0.56( 142-> 145) -0.23( 143-> 147)
    7    3.712   334.0     0.1059   -35.0363     0.60( 143-> 146) -0.47( 142-> 146) -0.30( 143-> 145)
    8    3.739   331.6     0.0244   -45.5176    -0.55( 142-> 146) -0.42( 143-> 146)  0.41( 143-> 145)
    9    4.032   307.5     0.3207     9.5147    -0.43( 142-> 146) -0.34( 143-> 148) -0.32( 143-> 145)
