           6           1  0.357322434053100     
           7           2   1.40068642426212     
           7           6   1.26331617730788     
           8           7  0.940355827568818     
           9           8  0.962713612969614     
          10           3   1.41403354366865     
          10           6   1.23896166375799     
          10           9  0.951482461201675     
          11           9  0.945694254519452     
          12           8  0.933124501457415     
          13          12  0.969461635775202     
          14          13  0.920900430440049     
          15          14   1.84088441410338     
          16          14   1.08386901000581     
          17           1  0.503144067455490     
          18           3   1.26570278510165     
          18          17   1.11974755536326     
          19          18   1.25038303192861     
          20          19   1.34759913493759     
          21           4   1.31601664336970     
          21          17   1.20898889607982     
          21          20   1.12369434627750     
          22          19  0.999531270051756     
          23          20   1.03922807184099     
          24          23   1.81791445636422     
          25          23  0.927806210861646     
          26           1  0.472289928702666     
          27           4   1.36504660859971     
          27          26   1.25425834815510     
          28          27  0.934049504755705     
          29          28  0.937813582200182     
          30           5   1.39986251061502     
          30          26   1.18272394102197     
          30          29  0.959368107701567     
          31          28  0.962373925822641     
          32          29  0.939997657973419     
          33          32   1.00086986618402     
          34           1  0.489552506166009     
          35           5   1.32458839979508     
          35          34   1.17364925649330     
          36          35   1.13464445777822     
          37          36   1.37918421949398     
          38           2   1.21993798148302     
          38          34   1.16434172212446     
          38          37   1.21818044212536     
          39          36  0.975713853510720     
          40          37   1.00996096790479     
          41          40   1.85522489207238     
          42           2  0.966044211123433     
          42          40  0.868726862166048     
          43          42  0.942172001763615     
          44          43   1.80339351236597     
          45          43   1.05096634841557     
          46          45  0.982057609329447     
          47          16  0.937817599325093     
          48          47   1.01833382000430     
          49          48   1.85937938049125     
          50          49  0.992800423190113     
          51          49  0.982679305206271     
          52          51  0.950388219941519     
          53          52  0.988496974993243     
          54          53  0.958419814555130     
          55          54  0.979851943237546     
          56          54  0.969629268636553     
          57          56  0.966482487929469     
          58          57  0.998490586210558     
          59          58  0.931010948693180     
          60          59   1.00822436857804     
          61          59   1.00031390677533     
          62          61  0.956225731370839     
          63          62  0.994580264008241     
          64          63  0.946787027488388     
          65          64  0.985677768595860     
          66          64  0.998918423556680     
          67           3  0.931545630000991     
          68           4  0.929758953275388     
          69           5  0.934231306886605     
          70           8  0.932531598567296     
          71           9  0.944502710258198     
          72          11  0.982039027985431     
          73          11  0.980439085317385     
          74          11  0.974562605550221     
          75          12  0.968048614678962     
          76          12  0.968453737409291     
          77          13  0.953948940793836     
          78          13  0.951681802165945     
          79          22  0.961556302215236     
          80          22  0.973866922540165     
          81          22  0.965677141225998     
          82          25  0.973988864318528     
          83          25  0.969126943689396     
          84          25  0.961867959095419     
          85          28  0.938388951696881     
          86          29  0.936473275140686     
          87          31  0.978152134146707     
          88          31  0.974268415523326     
          89          31  0.974581151123930     
          90          32  0.964832430547077     
          91          32  0.967697001080272     
          92          33  0.983830895965893     
          93          33  0.979564360073091     
          94          33  0.985631268758539     
          95          39  0.979353976850604     
          96          39  0.974877012284950     
          97          39  0.969677638621894     
          98          42  0.896769870355528     
          99          46  0.985283227111806     
         100          46  0.977977773584910     
         101          46  0.987741541602976     
         102          47  0.962278418294366     
         103          47  0.948422476743911     
         104          48  0.936800696515849     
         105          50  0.972162603601975     
         106          50  0.971428674080948     
         107          50  0.966498268463713     
         108          51  0.958194259469644     
         109          51  0.964072786910570     
         110          52  0.970101363363455     
         111          52  0.968631235534252     
         112          53  0.966328366534183     
         113          53  0.964839755962893     
         114          54  0.959342434633000     
         115          55  0.983570082490276     
         116          55  0.978688236443277     
         117          55  0.981147883179576     
         118          56  0.971490679776952     
         119          56  0.960530588130312     
         120          57  0.962716978598373     
         121          57  0.966648091955491     
         122          58  0.954904790577281     
         123          58  0.966503508379398     
         124          59  0.949251302362123     
         125          60  0.969113838393455     
         126          60  0.978901918078591     
         127          60  0.976525682246268     
         128          61  0.962852688366336     
         129          61  0.957773331960939     
         130          62  0.966641368618013     
         131          62  0.969877374910731     
         132          63  0.962306902054961     
         133          63  0.966773714336604     
         134          64  0.954264204532963     
         135          65  0.977902641611088     
         136          65  0.980054974968508     
         137          65  0.978252256429513     
         138          66  0.977566590446180     
         139          66  0.977329307731783     
         140          66  0.974490315725216     
