  0.307652701208657     
 -3.947753929518072E-003
 -3.646433714863306E-002
 -2.831189640942444E-002
 -2.661177506420476E-002
 -0.181144920560468     
  2.873783749785774E-002
 -7.965512474727987E-003
 -2.256247349221763E-002
  2.462423674655767E-002
 -8.138001365889824E-002
 -4.774291797536545E-002
 -8.385891199337081E-002
  0.226143788336352     
 -0.261243202863395     
 -0.169726116061830     
 -0.217027946012577     
  2.487900967150614E-002
 -1.233624848473980E-002
 -7.785502003380618E-002
  1.351505280403842E-002
 -7.294357463711254E-002
  0.150430800114363     
 -0.255576739001756     
 -7.898062979253950E-002
 -0.138318707482439     
  6.557760112074540E-003
 -1.799617065478909E-002
 -2.248353245855572E-002
  5.369254743985463E-002
 -9.387579769515586E-002
 -4.510311608986584E-002
 -0.108811605123898     
 -0.226834994721151     
  4.467002627119632E-002
  5.760273786408199E-004
 -5.256085079168482E-002
  5.272018124090616E-002
 -6.046272815274545E-002
  0.125433177140707     
 -0.229165100357004     
 -4.162422512348929E-002
  0.256037306935978     
 -0.280709505627318     
 -0.146105277553013     
  1.647262647864078E-002
  5.513707749888841E-002
 -6.941076599416185E-002
 -1.773747677016679E-002
 -9.725014382456010E-002
 -6.127502418987074E-002
 -6.098455365505551E-002
 -6.884339282333940E-002
 -3.371971377621108E-002
 -0.116104023125498     
 -7.587174271743891E-002
 -4.426977497413898E-002
 -6.467749246520960E-002
 -3.631219414116149E-002
 -0.113492557046048     
 -7.950401833473997E-002
 -6.060390351137634E-002
 -5.390638917892066E-002
 -2.583150929314382E-002
 -0.117883660582371     
 -0.118326169747221     
  5.443069074740070E-002
  5.873460847977952E-002
  5.546290312291824E-002
  5.661399433837000E-002
  5.096823605868961E-002
  4.520558399322305E-002
  4.626316399561126E-002
  4.085983970966511E-002
  3.612445176292234E-002
  5.230061096158456E-002
  3.884750939764192E-002
  3.233877192527634E-002
  5.483113653002603E-002
  4.571049720750509E-002
  4.710886751122223E-002
  4.734289340744424E-002
  5.592029963050338E-002
  4.842892115255260E-002
  4.847101548070765E-002
  4.810859512166477E-002
  4.167493986862014E-002
  3.377664558061277E-002
  3.732109609354806E-002
  4.344726082990691E-002
  4.052819195568780E-002
  4.127226256466698E-002
  2.712270189840560E-002
  3.064168089410380E-002
  5.016693937439975E-002
  4.598259187896414E-002
  4.943576233223934E-002
  4.986613613947810E-002
  4.282445765351239E-002
  5.947899033338100E-002
  4.958993130886369E-002
  5.781213743636426E-002
  6.597325609960647E-002
  3.850771365517724E-002
  3.459684576967081E-002
  4.351951688291278E-002
  3.841353111904944E-002
  3.113063595372778E-002
  4.376838459841026E-002
  3.223945284955931E-002
  2.766850890591632E-002
  4.062686160039231E-002
  3.272936017225914E-002
  3.800946599566957E-002
  2.837452480653524E-002
  3.430072742650592E-002
  3.439207753568418E-002
  4.427488173704452E-002
  3.326924581927171E-002
  4.379216451713441E-002
  4.811605009606501E-002
  4.054410737247072E-002
  3.234059033807690E-002
  3.548127596411044E-002
  2.946972305254381E-002
  3.247801070832723E-002
  3.382230494353866E-002
  3.168430167066383E-002
  2.892365791591733E-002
  3.095845198203273E-002
  4.894356095217778E-002
  4.277989736281573E-002
  4.337660273940669E-002
  3.592738756560709E-002
  3.784495806247823E-002
  3.138149423812930E-002
  2.780475283445139E-002
  3.526518500735187E-002
  3.461390410163656E-002
  2.609826167032514E-002
