 excitation energies, transition moments and TDA amplitudes
 state    eV      nm       fL        Rv(corr)
    1    2.193   565.3     0.8017    -9.5885     0.88( 144-> 145) -0.34( 143-> 147) -0.19( 143-> 146)
    2    2.279   543.9     0.1562    10.7970    -0.86( 143-> 145) -0.29( 144-> 147)  0.24( 141-> 145)
    3    2.937   422.2     0.0047     6.0245    -0.96( 142-> 145) -0.09( 141-> 146) -0.08( 143-> 145)
    4    3.246   382.0     0.0321     8.6178     0.83( 141-> 145) -0.25( 138-> 145) -0.24( 140-> 145)
    5    3.595   344.9     0.0005    -3.1349     0.65( 140-> 145)  0.49( 138-> 145)  0.29( 141-> 145)
    6    3.674   337.5     0.0975   -30.3790    -0.64( 144-> 146)  0.48( 144-> 148)  0.47( 144-> 147)
    7    3.816   324.9     0.0429   -26.6114    -0.63( 143-> 146)  0.39( 144-> 148)  0.33( 143-> 147)
    8    3.947   314.1     0.1348   -17.7550     0.51( 144-> 148)  0.36( 144-> 146)  0.35( 144-> 149)
    9    3.981   311.4     0.1129   -28.9055     0.45( 138-> 145) -0.36( 144-> 147) -0.35( 143-> 148)
