           6           1  0.443264195115738     
           7           2   1.42720651278748     
           7           6   1.17106732011807     
           8           7  0.964615339894246     
           9           8  0.961297844162943     
          10           3   1.41974784023997     
          10           6   1.24406813927368     
          10           9  0.939822411294941     
          11           9  0.932282985868887     
          12           8  0.918612740405671     
          13          12  0.984948825036464     
          14          13  0.885002364861541     
          15          14   1.85442799165584     
          16          14   1.10412763367349     
          17           1  0.474658088893023     
          18           3   1.27204983270436     
          18          17   1.11821078043114     
          19          18   1.23394502484750     
          20          19   1.37865414176482     
          21           4   1.27136005751333     
          21          17   1.23021819207068     
          21          20   1.12176016444711     
          22          19   1.00046989319815     
          23          20  0.973797467733640     
          24          23   1.82563405588530     
          25          23  0.990473489396599     
          26           1  0.409115060834525     
          27           4   1.44176561416059     
          27          26   1.16468016453285     
          28          27  0.953930370246222     
          29          28  0.935155860221802     
          30           5   1.43363299481297     
          30          26   1.28204444943979     
          30          29  0.922765596817641     
          31          28  0.961584405145837     
          32          29  0.973194135189671     
          33          32  0.979875067211670     
          34           1  0.483862672203379     
          35           5   1.23369299715526     
          35          34   1.14153320277930     
          36          35   1.23750123692537     
          37          36   1.33592754279935     
          38           2   1.18793749039067     
          38          34   1.24198930180729     
          38          37   1.18646016477583     
          39          36  0.990184219896618     
          40          37   1.03835513969481     
          41          40   1.81974291725958     
          42           2  0.923573700934513     
          42          40  0.868920359593239     
          43          42  0.941179673265036     
          44          43   1.80503083568483     
          45          43   1.08917411561049     
          46          45  0.967317155375129     
          47          16  0.934618666541339     
          48          47  0.994531302754438     
          49          48   1.89060074710615     
          50          49   1.00031722548256     
          51          49  0.950129820310953     
          52          51  0.972113221219679     
          53          52  0.982351082188968     
          54          53  0.966129283500580     
          55          54  0.984774777867025     
          56          54  0.954275600393230     
          57          56  0.970523688149530     
          58          57  0.992836700113132     
          59          58  0.960294103550066     
          60          59  0.976134754946067     
          61          59  0.966343325180281     
          62          61  0.980611578649792     
          63          62  0.978891527991247     
          64          63  0.970181865933167     
          65          64  0.985157806057547     
          66          64  0.998545849402076     
          67           3  0.933857895916715     
          68           4  0.927414892335905     
          69           5  0.939014256032631     
          70           8  0.935722956489362     
          71           9  0.949377053146053     
          72          11  0.981012571603100     
          73          11  0.979002298691018     
          74          11  0.984369581048018     
          75          12  0.966793946324280     
          76          12  0.956933933679619     
          77          13  0.957515420527067     
          78          13  0.965203177215379     
          79          22  0.962478303132557     
          80          22  0.962290058439642     
          81          22  0.973711747508405     
          82          25  0.961221464596776     
          83          25  0.947579540536718     
          84          25  0.966446795290832     
          85          28  0.939380502976963     
          86          29  0.934993052831375     
          87          31  0.976122458425236     
          88          31  0.978367526576790     
          89          31  0.981629049524371     
          90          32  0.968879353364794     
          91          32  0.968738383224062     
          92          33  0.983661306057700     
          93          33  0.982240807839540     
          94          33  0.984899243846239     
          95          39  0.970231359789852     
          96          39  0.967879159483104     
          97          39  0.979034301443334     
          98          42  0.930236188435319     
          99          46  0.987703062194739     
         100          46  0.977368819067081     
         101          46  0.984106562053776     
         102          47  0.962785242401699     
         103          47  0.956569422359056     
         104          48  0.937608374159919     
         105          50  0.968186871001843     
         106          50  0.965016278763016     
         107          50  0.967796618021224     
         108          51  0.964272695523801     
         109          51  0.961215738620414     
         110          52  0.969065551699459     
         111          52  0.969159747970027     
         112          53  0.963668389005543     
         113          53  0.967451376775808     
         114          54  0.956072431585394     
         115          55  0.979550402341687     
         116          55  0.978336748988387     
         117          55  0.972259235474374     
         118          56  0.962344396764759     
         119          56  0.972070079540725     
         120          57  0.969450385340817     
         121          57  0.958693172728544     
         122          58  0.959754576487131     
         123          58  0.963233618903611     
         124          59  0.950620404402734     
         125          60  0.977930172530054     
         126          60  0.981846598075635     
         127          60  0.975466816300865     
         128          61  0.966605634355783     
         129          61  0.964664389169298     
         130          62  0.966369110807604     
         131          62  0.966832857497028     
         132          63  0.965757652748507     
         133          63  0.963534112709184     
         134          64  0.956237083489525     
         135          65  0.978836735471359     
         136          65  0.979219154789370     
         137          65  0.975950978999199     
         138          66  0.976075196070380     
         139          66  0.973429961001874     
         140          66  0.973915136531907     
