 excitation energies, transition moments and TDA amplitudes
 state    eV      nm       fL        Rv(corr)
    1    2.150   576.7     0.6568    -2.6755     0.84( 144-> 145) -0.29( 143-> 147) -0.27( 143-> 145)
    2    2.364   524.5     0.3579     1.0711     0.82( 143-> 145)  0.32( 144-> 147)  0.27( 144-> 145)
    3    2.957   419.3     0.0070   -19.6020    -0.95( 142-> 145) -0.14( 140-> 145)  0.13( 139-> 145)
    4    3.288   377.1     0.0039   -10.9280    -0.74( 144-> 148) -0.55( 144-> 147)  0.32( 140-> 145)
    5    3.405   364.2     0.0775     6.1059    -0.82( 140-> 145) -0.34( 144-> 148) -0.24( 138-> 145)
    6    3.496   354.6     0.0039    15.9061     0.66( 139-> 145) -0.62( 138-> 145)  0.23( 140-> 145)
    7    3.720   333.3     0.0815   -34.0796    -0.72( 143-> 148) -0.55( 143-> 147)  0.23( 144-> 146)
    8    3.849   322.1     0.1583    17.1673    -0.71( 144-> 146)  0.39( 143-> 146) -0.31( 144-> 147)
    9    3.928   315.6     0.0057     6.9718    -0.58( 136-> 145)  0.47( 135-> 145)  0.43( 136-> 146)
