           6           1  0.389041818926357     
           7           2   1.47759332303909     
           7           6   1.22149279052164     
           8           7  0.899142861360573     
           9           8  0.945922557457967     
          10           3   1.39461637050910     
          10           6   1.24028519494968     
          10           9  0.896674121675120     
          11           9  0.969160212139972     
          12           8  0.980813572155968     
          13          12  0.979444882942982     
          14          13  0.932351659822409     
          15          14   1.79510186575415     
          16          14   1.11224505469091     
          17           1  0.500220673962007     
          18           3   1.32465289091894     
          18          17   1.10636158879081     
          19          18   1.21610480437982     
          20          19   1.35683727201194     
          21           4   1.27656364293606     
          21          17   1.22134798246004     
          21          20   1.11605886885273     
          22          19  0.986459837252288     
          23          20   1.00305735221210     
          24          23   1.81813945748102     
          25          23  0.966938638083547     
          26           1  0.368216080265029     
          27           4   1.41850950639541     
          27          26   1.26073424549540     
          28          27  0.927104853017553     
          29          28  0.947735941478544     
          30           5   1.50093320372647     
          30          26   1.21947212385672     
          30          29  0.899147105632630     
          31          28  0.973173162094883     
          32          29  0.946153502817691     
          33          32   1.00975260690892     
          34           1  0.522894556865835     
          35           5   1.19777421847200     
          35          34   1.09582710650934     
          36          35   1.27209586503153     
          37          36   1.30713735836765     
          38           2   1.14412906169379     
          38          34   1.30868491234192     
          38          37   1.12639152666678     
          39          36  0.998058482732437     
          40          37   1.13156663480006     
          41          40   1.78585918027922     
          42           2  0.949374837583457     
          42          40  0.831299062711887     
          43          42  0.943488205595334     
          44          43   1.81200845958552     
          45          43   1.07261289801662     
          46          45  0.969199134535414     
          47          16  0.951458505242859     
          48          47  0.981861425379021     
          49          48   1.87207472799628     
          50          49   1.00461828266082     
          51          49  0.959703761914395     
          52          51  0.977610584852578     
          53          52  0.972616559586137     
          54          53  0.977947421964517     
          55          54  0.993931328595629     
          56          54  0.946073740234564     
          57          56   1.00690407776010     
          58          57  0.954024555683813     
          59          58  0.972318696661786     
          60          59  0.974884082493780     
          61          59  0.982954343183965     
          62          61  0.971566796501724     
          63          62  0.991176167850772     
          64          63  0.979029830789918     
          65          64  0.983238949304507     
          66          64  0.973649484568088     
          67           3  0.926652610159059     
          68           4  0.930795811582984     
          69           5  0.934031627253264     
          70           8  0.938562363246721     
          71           9  0.944156759307751     
          72          11  0.978313411977698     
          73          11  0.979956668332865     
          74          11  0.981102444663552     
          75          12  0.950624498262692     
          76          12  0.958000522994437     
          77          13  0.944951955861479     
          78          13  0.958607835219693     
          79          22  0.971037294364992     
          80          22  0.963077010548514     
          81          22  0.963708552334398     
          82          25  0.954257841846392     
          83          25  0.961558851063380     
          84          25  0.967044599831832     
          85          28  0.939174776043831     
          86          29  0.942323988537028     
          87          31  0.981780798154852     
          88          31  0.977202512268386     
          89          31  0.976205261142706     
          90          32  0.961153525653543     
          91          32  0.967616083488428     
          92          33  0.975255387564671     
          93          33  0.986725724180031     
          94          33  0.979329557584096     
          95          39  0.976124165633325     
          96          39  0.965598418004260     
          97          39  0.966398179201440     
          98          42  0.920490171688500     
          99          46  0.985006609522433     
         100          46  0.989326083992461     
         101          46  0.981060109244726     
         102          47  0.964624886903541     
         103          47  0.956539222363667     
         104          48  0.945997009673053     
         105          50  0.973587800149268     
         106          50  0.961285378487643     
         107          50  0.965355682589634     
         108          51  0.957808968183613     
         109          51  0.966107066700468     
         110          52  0.966088569447648     
         111          52  0.967735619386739     
         112          53  0.968961018336291     
         113          53  0.959625789358200     
         114          54  0.950792884797026     
         115          55  0.975106305856835     
         116          55  0.980003284921246     
         117          55  0.973249122384657     
         118          56  0.959449885432815     
         119          56  0.957324779821379     
         120          57  0.967497513572919     
         121          57  0.963499279877596     
         122          58  0.962620378638733     
         123          58  0.969490589106852     
         124          59  0.946460969156280     
         125          60  0.976520441020687     
         126          60  0.982944060354447     
         127          60  0.979597297794601     
         128          61  0.959692316589101     
         129          61  0.963275574870186     
         130          62  0.961337775000722     
         131          62  0.958813276987846     
         132          63  0.951125799811836     
         133          63  0.960973999118327     
         134          64  0.956157012699110     
         135          65  0.982004128189556     
         136          65  0.975617826424675     
         137          65  0.977637937545470     
         138          66  0.984634228432527     
         139          66  0.982905813125302     
         140          66  0.980331837090758     
