  0.310803241130541     
 -4.179264625234325E-003
 -4.653969301293959E-002
 -1.795320054587179E-002
 -3.534135533250637E-002
 -0.163106826549585     
  3.433278101723269E-002
 -1.170083452791104E-002
 -2.957351104036032E-002
  3.247952148255617E-002
 -8.266243059657530E-002
 -3.923952132658837E-002
 -6.246161134807515E-002
  0.216653886664488     
 -0.279377043554846     
 -0.176776061741779     
 -0.214003173733024     
  2.832925027223121E-002
 -3.325595413653382E-002
 -6.643184890226994E-002
  1.247058544087087E-002
 -9.548893152747961E-002
  0.128917351991153     
 -0.221745893767774     
 -7.898622042621639E-002
 -0.162161856422403     
  3.541294767039949E-002
 -1.424075416831538E-002
 -2.360596237805712E-002
  5.472945463076551E-002
 -9.047288817607768E-002
 -7.305952822880624E-002
 -9.816824441922822E-002
 -0.215831917456182     
  2.097249758305786E-002
  1.558981969376205E-002
 -4.330682788199791E-002
  4.798713352345541E-002
 -5.627001144210553E-002
  0.145159933679004     
 -0.251834355463380     
 -3.062322704365172E-002
  0.215973057251427     
 -0.240785145153655     
 -0.172135947676649     
  7.482240518306149E-004
  5.947906794949009E-002
 -6.609481289701780E-002
 -3.332190211753439E-002
 -8.993307445890952E-002
 -7.407408644683500E-002
 -7.110718092695922E-002
 -5.369202302972731E-002
 -1.099596209185538E-002
 -9.736863562399201E-002
 -8.035526795556791E-002
 -6.758351424893494E-002
 -5.583420992572297E-002
 -3.480073697803299E-002
 -0.114931609261519     
 -4.821127407136583E-002
 -6.813035995340044E-002
 -7.199203977986546E-002
 -2.218291290478902E-002
 -9.747188769316217E-002
 -9.782751256786604E-002
  5.765359486852673E-002
  5.790144345835257E-002
  5.412601296154518E-002
  6.199176165961151E-002
  5.264754471798827E-002
  3.786648079336907E-002
  4.418264806284378E-002
  3.827746251428099E-002
  3.916427099781805E-002
  5.463413780441373E-002
  3.944838141120388E-002
  5.302586217081517E-002
  3.647497220380913E-002
  4.622183376651234E-002
  4.703186338367804E-002
  5.837778289991735E-002
  4.398045156533203E-002
  5.820316572599626E-002
  5.749627035829852E-002
  5.397435020186825E-002
  3.505508665682899E-002
  4.275709266818339E-002
  3.828907826088124E-002
  3.678818410144535E-002
  4.163309648717650E-002
  3.667468681795250E-002
  3.496421574172992E-002
  3.687265425225927E-002
  4.298349037240390E-002
  5.527706442902591E-002
  5.716802441075508E-002
  6.669333863597982E-002
  4.935589104156657E-002
  4.794102149244861E-002
  4.819514084092857E-002
  6.045951185896414E-002
  6.625926790766390E-002
  5.019839005843219E-002
  4.203569311240529E-002
  3.038856125000045E-002
  4.941402056543032E-002
  3.826548912523353E-002
  3.870899739809186E-002
  3.261508792614709E-002
  2.671087045641862E-002
  3.966404371717847E-002
  3.228028115548698E-002
  2.983461235507223E-002
  2.443832929539791E-002
  3.741766608463659E-002
  3.402966253020523E-002
  3.041954845468642E-002
  3.235537298654301E-002
  3.598684266069851E-002
  3.098933849925212E-002
  2.391927816697170E-002
  3.563652996527267E-002
  2.335657152021231E-002
  3.416649414778894E-002
  4.387070081428668E-002
  2.050394507671705E-002
  4.512941112432500E-002
  3.077319420534108E-002
  2.329157342318910E-002
  2.372946401662590E-002
  2.881587311710543E-002
  3.109092749508602E-002
  3.599724476802979E-002
  3.622300068323403E-002
  3.841163551179894E-002
  2.488491793799985E-002
  3.366490774392794E-002
  3.463917993109533E-002
  3.328549672415881E-002
