 excitation energies, transition moments and TDA amplitudes
 state    eV      nm       fL        Rv(corr)
    1    2.220   558.5     0.6977   -10.9666     0.81( 143-> 144)  0.38( 142-> 146) -0.35( 142-> 144)
    2    2.297   539.7     0.2962     0.0100     0.81( 142-> 144)  0.34( 143-> 144) -0.34( 143-> 146)
    3    3.176   390.3     0.0031     1.6275     0.96( 141-> 144)  0.11( 141-> 145)  0.10( 142-> 145)
    4    3.517   352.6     0.0066     1.0442     0.66( 139-> 144) -0.48( 137-> 144) -0.38( 143-> 146)
    5    3.662   338.6     0.0044    17.3323     0.50( 137-> 144)  0.42( 138-> 144) -0.41( 143-> 146)
    6    3.754   330.2     0.0785     9.8371     0.88( 143-> 145)  0.28( 143-> 146) -0.16( 143-> 148)
    7    3.874   320.0     0.2279   -16.2537     0.49( 142-> 145) -0.45( 139-> 144)  0.30( 142-> 146)
    8    4.039   306.9     0.0686     4.5293    -0.78( 143-> 148) -0.39( 143-> 147)  0.35( 142-> 145)
    9    4.091   303.1     0.4534   -34.1172    -0.47( 143-> 147) -0.38( 143-> 146) -0.32( 142-> 145)
