 excitation energies, transition moments and TDA amplitudes
 state    eV      nm       fL        Rv(corr)
    1    2.146   577.9     0.6743     5.2096    -0.86( 143-> 144)  0.36( 142-> 145)  0.25( 142-> 146)
    2    2.260   548.5     0.1064    -4.1665    -0.85( 142-> 144) -0.35( 143-> 145) -0.27( 143-> 146)
    3    3.088   401.5     0.0024    14.9864    -0.96( 141-> 144)  0.09( 136-> 144)  0.09( 140-> 144)
    4    3.518   352.4     0.0344     3.4966     0.59( 143-> 145)  0.52( 140-> 144)  0.34( 142-> 146)
    5    3.589   345.5     0.0281     4.2544     0.53( 143-> 146)  0.51( 140-> 144) -0.42( 143-> 145)
    6    3.751   330.5     0.0233    26.7138     0.67( 143-> 147)  0.54( 143-> 148) -0.29( 142-> 145)
    7    3.846   322.3     0.0474   -19.6313     0.49( 142-> 145) -0.41( 142-> 146) -0.39( 143-> 146)
    8    3.891   318.7     0.1646    13.7244     0.57( 137-> 144)  0.35( 140-> 144) -0.33( 143-> 146)
    9    4.025   308.0     0.1809   -43.1255    -0.50( 139-> 144)  0.35( 136-> 144) -0.30( 142-> 145)
