           6           1  0.350619479570673     
           7           2   1.37002870894681     
           7           6   1.19971215402951     
           8           7  0.913113168824237     
           9           8  0.954839775375672     
          10           3   1.36228978204885     
          10           6   1.35908154640326     
          10           9  0.907506005871717     
          11           9  0.980817684934738     
          12           8  0.939834194463040     
          13          12  0.992776266428182     
          14          13  0.919036247218294     
          15          14   1.85323655569894     
          16          14   1.07130388894039     
          17           1  0.512697210392361     
          18           3   1.30050661611915     
          18          17   1.18451912122659     
          19          18   1.18019222717775     
          20          19   1.37884547594241     
          21           4   1.19310326213213     
          21          17   1.15196792642953     
          21          20   1.21706672823349     
          22          19  0.988430149065958     
          23          20  0.952251412075551     
          24          23   1.84344665402297     
          25          23   1.00758966781843     
          26           1  0.446431004004938     
          27           4   1.49276986144530     
          27          26   1.21589093656355     
          28          27  0.906525552231942     
          29          28  0.976901301574956     
          30           5   1.40223066610401     
          30          26   1.21291324310399     
          30          29  0.900455429839026     
          31          28  0.963460447233590     
          32          29  0.947747524786484     
          33          32  0.999474259685860     
          34           1  0.517562233771855     
          35           5   1.27311058189540     
          35          34   1.16001082590550     
          36          35   1.19540441572879     
          37          36   1.38610647230340     
          38           2   1.25125968359338     
          38          34   1.17215099019826     
          38          37   1.15145783922141     
          39          36  0.990740046973136     
          40          37   1.07065783482542     
          41          40   1.82321867543691     
          42           2  0.945586200389407     
          42          40  0.839692618871070     
          43          42  0.919868695056055     
          44          43   1.81504417915002     
          45          43   1.09270862409554     
          46          45  0.968227489668424     
          47          16  0.946014873404521     
          48          47  0.987936593629540     
          49          48   1.89393693792388     
          50          49  0.954301367587110     
          51          49  0.980760277556667     
          52          51  0.969614061006276     
          53          52  0.991651303263867     
          54          53  0.951382956198384     
          55          54  0.993560291423162     
          56          54  0.988744758297805     
          57          56  0.972981154359217     
          58          57  0.960515176197892     
          59          58  0.987955042591538     
          60          59   1.00565224672670     
          61          59  0.944605822809049     
          62          61  0.991688199840174     
          63          62  0.978670526122463     
          64          63  0.980213852463970     
          65          64  0.977798870419566     
          66          64  0.987285584111117     
          67           3  0.940666606378343     
          68           4  0.926142795636451     
          69           5  0.941243269052569     
          70           8  0.941224860606484     
          71           9  0.948612600311862     
          72          11  0.979087205394014     
          73          11  0.978933006685542     
          74          11  0.971712907330046     
          75          12  0.958204367522777     
          76          12  0.954860440547977     
          77          13  0.946843050296124     
          78          13  0.956996980730584     
          79          22  0.962840083904452     
          80          22  0.969491593678488     
          81          22  0.976271917196415     
          82          25  0.955336645880222     
          83          25  0.940885428755749     
          84          25  0.963182686741407     
          85          28  0.942937738457012     
          86          29  0.937353657118717     
          87          31  0.976278688738552     
          88          31  0.978991154918085     
          89          31  0.983651645265168     
          90          32  0.966395255975901     
          91          32  0.968035172691992     
          92          33  0.978425354620465     
          93          33  0.989049011497360     
          94          33  0.984206419910393     
          95          39  0.965036664055704     
          96          39  0.966645823059880     
          97          39  0.978174705084178     
          98          42  0.932334036383370     
          99          46  0.987166268466138     
         100          46  0.983019665306647     
         101          46  0.985324989665774     
         102          47  0.970136761933581     
         103          47  0.948892168705031     
         104          48  0.936866082853920     
         105          50  0.977189997019989     
         106          50  0.977307521598786     
         107          50  0.981021650111293     
         108          51  0.949358828451003     
         109          51  0.959631415926759     
         110          52  0.967682011221407     
         111          52  0.960844175025903     
         112          53  0.962465872088374     
         113          53  0.961374672043229     
         114          54  0.946116740663563     
         115          55  0.980134940477333     
         116          55  0.974248730168866     
         117          55  0.972706435547683     
         118          56  0.960423135208689     
         119          56  0.962280671620129     
         120          57  0.964007555769200     
         121          57  0.975520985139916     
         122          58  0.958408322135063     
         123          58  0.959153782678996     
         124          59  0.948747291580343     
         125          60  0.973074701072124     
         126          60  0.973500935994677     
         127          60  0.973461042562184     
         128          61  0.965839959043157     
         129          61  0.967967150765576     
         130          62  0.967421823677488     
         131          62  0.970491458383144     
         132          63  0.963359088788303     
         133          63  0.957993603271499     
         134          64  0.957254998884460     
         135          65  0.981617045259553     
         136          65  0.980986584865103     
         137          65  0.979521254119523     
         138          66  0.977321335054347     
         139          66  0.981254089550831     
         140          66  0.977968447058955     
