  0.318473656989883     
 -4.547518809858708E-003
 -3.663520115975150E-002
 -3.386601759573882E-002
 -2.367482554411282E-002
 -0.178837331045536     
  5.388579964785745E-002
 -1.732783732388388E-002
 -3.622279479768764E-002
  3.433988450901282E-002
 -8.574471464859457E-002
 -5.603079266462618E-002
 -6.105498609088045E-002
  0.221530897791580     
 -0.270059974721446     
 -0.166519894393949     
 -0.212920400422944     
  1.405327989180272E-002
 -2.433507491496023E-002
 -6.827783165444323E-002
  8.275955297695869E-003
 -6.312540408066081E-002
  0.169625130229484     
 -0.257351724896738     
 -9.097899535002973E-002
 -0.160360035603470     
  3.190197235069192E-002
 -1.827582313549847E-002
 -5.642842215174859E-003
  3.991785916414425E-002
 -7.989122592158004E-002
 -5.127998399528000E-002
 -9.576961487073099E-002
 -0.206822643942689     
  4.358666113802911E-002
 -2.113577304963421E-003
 -3.915747882569587E-002
  1.028209989086903E-002
 -6.740132753118910E-002
  0.147079610721586     
 -0.244965078204751     
 -2.790497747230258E-002
  0.224926162016258     
 -0.275104103473621     
 -0.147669587924114     
  1.895428214707628E-002
  4.661983981143392E-002
 -7.524936047965003E-002
 -1.758385344512181E-002
 -9.206480520782900E-002
 -6.910631548930013E-002
 -4.458239110180973E-002
 -6.969740511638811E-002
 -2.397533359396586E-002
 -0.108598163888122     
 -9.418620184384618E-002
 -6.516353215326287E-002
 -6.367388957955100E-002
 -3.791044720115799E-002
 -0.108675318150834     
 -7.514257150160919E-002
 -5.529356761637683E-002
 -6.332169252406850E-002
 -2.868637016482811E-002
 -0.109277866997771     
 -0.112753716886171     
  6.527741892787875E-002
  5.489877197183268E-002
  4.885956050593743E-002
  6.148819636987124E-002
  5.083203069802644E-002
  3.442064382463339E-002
  3.940752675730896E-002
  4.562837985331514E-002
  4.186330698551222E-002
  3.115422020599068E-002
  5.629844240844506E-002
  2.973200420606414E-002
  4.883282055267679E-002
  5.375647501464331E-002
  5.757977595050345E-002
  5.066874863524262E-002
  5.279669907630402E-002
  4.373546135674244E-002
  3.859374551818062E-002
  4.239840949164952E-002
  3.911030651167702E-002
  3.981076930519023E-002
  4.466588493142332E-002
  2.901682014337204E-002
  3.508481465298308E-002
  4.388622225229200E-002
  3.517156654138920E-002
  2.759616915744645E-002
  4.611950072375293E-002
  4.938591001916071E-002
  4.788017113930609E-002
  6.421630664795042E-002
  4.917062294579810E-002
  5.585795844903951E-002
  5.100648143298625E-002
  5.249599947703287E-002
  6.037048237867959E-002
  3.402320283960814E-002
  4.228906166592927E-002
  4.308330985702780E-002
  4.281512925998154E-002
  3.759219361231647E-002
  3.910229482636218E-002
  4.189684410227179E-002
  4.151765744235303E-002
  3.012356744287847E-002
  2.816266739785778E-002
  3.653213605203232E-002
  2.660547386699375E-002
  3.230426726215441E-002
  4.158371990519294E-002
  1.872630154376520E-002
  3.475251329929741E-002
  2.802846771913092E-002
  3.959006146883992E-002
  3.998380807755053E-002
  4.053110683813421E-002
  3.692413334928069E-002
  4.009752963596402E-002
  2.820879447054747E-002
  3.411337056248109E-002
  3.165154272708404E-002
  3.209665115494875E-002
  3.517487271617858E-002
  3.800334657532878E-002
  4.181274963703629E-002
  4.155106045681523E-002
  3.872244031652017E-002
  3.390696819118055E-002
  3.559922052466657E-002
  3.423865909454649E-002
  2.332098919974512E-002
  4.730542242892721E-002
  3.031917133999384E-002
