 excitation energies, transition moments and TDA amplitudes
 state    eV      nm       fL        Rv(corr)
    1    2.259   548.9     0.9297     4.9673    -0.88( 143-> 144) -0.39( 142-> 146)  0.09( 142-> 148)
    2    2.367   523.7     0.1463    -3.7484     0.87( 142-> 144) -0.39( 143-> 146) -0.14( 138-> 144)
    3    3.116   397.9     0.0044    -8.3534    -0.94( 141-> 144) -0.20( 139-> 144) -0.14( 141-> 145)
    4    3.539   350.3     0.0064    16.3727     0.60( 138-> 144) -0.47( 143-> 146) -0.40( 137-> 144)
    5    3.662   338.6     0.0558     2.3413     0.46( 143-> 147)  0.44( 137-> 144) -0.35( 143-> 146)
    6    3.727   332.7     0.0643     0.5788    -0.86( 143-> 145) -0.21( 139-> 144)  0.21( 143-> 147)
    7    3.788   327.3     0.0647    -4.5302    -0.63( 143-> 147)  0.56( 139-> 144) -0.25( 143-> 145)
    8    3.986   311.1     0.0903    -9.1418    -0.57( 142-> 145)  0.44( 138-> 144)  0.39( 137-> 144)
    9    4.037   307.1     0.3271     7.5950    -0.78( 142-> 147)  0.48( 142-> 146)  0.21( 143-> 148)
