           6           1  0.371204633474588     
           7           2   1.38890956530079     
           7           6   1.29107621995030     
           8           7  0.935000249766555     
           9           8  0.938561389584587     
          10           3   1.48093253558049     
          10           6   1.17903126165395     
          10           9  0.948261258260600     
          11           9  0.951645095423743     
          12           8  0.946925390892627     
          13          12  0.964822050843891     
          14          13  0.961694970149180     
          15          14   1.82796456256429     
          16          14   1.05726254125071     
          17           1  0.570531053648577     
          18           3   1.23514362598528     
          18          17   1.16908971853526     
          19          18   1.18366376059633     
          20          19   1.36141913515435     
          21           4   1.18503449905873     
          21          17   1.18048314148152     
          21          20   1.18279499175820     
          22          19   1.01144403859952     
          23          20   1.00356132636555     
          24          23   1.81405905224681     
          25          23  0.988108328395852     
          26           1  0.420743579353606     
          27           4   1.52013160496676     
          27          26   1.18931673595520     
          28          27  0.925073479007217     
          29          28  0.950608611532660     
          30           5   1.45409904760429     
          30          26   1.21194119707815     
          30          29  0.957700600978284     
          31          28  0.965918022188867     
          32          29  0.948051142143590     
          33          32  0.999300310425243     
          34           1  0.443791334221639     
          35           5   1.28618047238420     
          35          34   1.19731297336242     
          36          35   1.13705229125300     
          37          36   1.40699471039433     
          38           2   1.23827924292024     
          38          34   1.21265443246405     
          38          37   1.09099018670625     
          39          36  0.980702975248492     
          40          37   1.14116756429892     
          41          40   1.76761286904142     
          42           2  0.939334969213874     
          42          40  0.860968355630167     
          43          42  0.920495727622435     
          44          43   1.80409364215170     
          45          43   1.10066141346295     
          46          45  0.967440732086821     
          47          16  0.945547694883084     
          48          47  0.989257787718006     
          49          48   1.88342989503665     
          50          49  0.977260300542297     
          51          49  0.970651458533609     
          52          51  0.960411722451491     
          53          52  0.986793154894538     
          54          53  0.983375112162133     
          55          54  0.974079041564054     
          56          54  0.972384716512755     
          57          56  0.980300194698240     
          58          57  0.983246053286116     
          59          58  0.959226685273649     
          60          59  0.984876040454486     
          61          59  0.977473088857164     
          62          61  0.966827401131612     
          63          62  0.997696294699317     
          64          63  0.957505585642336     
          65          64  0.990571072263859     
          66          64  0.992498991369979     
          67           3  0.929568049989541     
          68           4  0.927205123418672     
          69           5  0.929898249313656     
          70           8  0.937339175058615     
          71           9  0.941151677722623     
          72          11  0.981003584911696     
          73          11  0.978082707224821     
          74          11  0.981769707199205     
          75          12  0.961493172062590     
          76          12  0.969016790257088     
          77          13  0.936325487216427     
          78          13  0.967255348494967     
          79          22  0.955866701769536     
          80          22  0.971705208636526     
          81          22  0.962176887852622     
          82          25  0.957763848829985     
          83          25  0.950626874964965     
          84          25  0.966388714197750     
          85          28  0.945826545463068     
          86          29  0.935254296509594     
          87          31  0.977764534980486     
          88          31  0.982394035337249     
          89          31  0.976950972059480     
          90          32  0.969357187487117     
          91          32  0.965934292084330     
          92          33  0.981456998813455     
          93          33  0.980571733940653     
          94          33  0.976480192873400     
          95          39  0.967821386012825     
          96          39  0.979234810649623     
          97          39  0.971664080283543     
          98          42  0.923359555468141     
          99          46  0.988317859874903     
         100          46  0.987565945604102     
         101          46  0.982420330156095     
         102          47  0.968006924257474     
         103          47  0.961013924346216     
         104          48  0.937819289203298     
         105          50  0.969778265003121     
         106          50  0.976629188628209     
         107          50  0.976388398168890     
         108          51  0.954839755051348     
         109          51  0.962328895792477     
         110          52  0.968939029449987     
         111          52  0.970617362631955     
         112          53  0.957747057340031     
         113          53  0.957255188615586     
         114          54  0.951205081029399     
         115          55  0.979240882271084     
         116          55  0.976588456066293     
         117          55  0.981738993643677     
         118          56  0.959611202739826     
         119          56  0.958800975881484     
         120          57  0.971192870797574     
         121          57  0.964526541609023     
         122          58  0.958264293521351     
         123          58  0.962270596900469     
         124          59  0.952776446996032     
         125          60  0.974125293591858     
         126          60  0.982332810113037     
         127          60  0.974740207993274     
         128          61  0.965612998852771     
         129          61  0.962583510848326     
         130          62  0.966437647016067     
         131          62  0.965112243845972     
         132          63  0.958844439125665     
         133          63  0.959630228255236     
         134          64  0.951936367405001     
         135          65  0.979778945590840     
         136          65  0.974343159079685     
         137          65  0.977090100039025     
         138          66  0.977437505614066     
         139          66  0.972740687335598     
         140          66  0.973268703390220     
