  0.318984599751748     
  1.437655675728866E-002
 -3.237560194386724E-002
 -4.976501236964470E-002
 -3.298387021385629E-002
 -0.137994795681545     
  2.397539384863157E-002
 -1.805258770019602E-002
 -2.267001721824169E-002
  4.577457698613774E-002
 -8.829726359987777E-002
 -6.137529090690297E-002
 -5.199222971024486E-002
  0.214945683279545     
 -0.281406809804466     
 -0.152801896793310     
 -0.223610987114306     
  4.544279619393610E-002
 -2.587261373356586E-002
 -6.218025724518306E-002
  2.470187759451914E-002
 -7.519150202575364E-002
  0.150939602593172     
 -0.252444183177190     
 -8.609696468697337E-002
 -0.189507682732527     
  5.414450860087205E-002
 -2.987448294691486E-002
 -1.545931680545376E-002
  5.267672721504058E-002
 -8.951677226351951E-002
 -6.830103521459030E-002
 -9.214942606583154E-002
 -0.218711035557686     
  1.036093496645218E-002
 -2.160658048523700E-002
 -5.405985227609644E-002
  3.733292946139022E-002
 -6.585458157290525E-002
  0.121398602329863     
 -0.263639917752702     
 -2.442722521115748E-002
  0.235593544075248     
 -0.251711512799221     
 -0.152811431452373     
  1.473457961490077E-002
  5.537553055164990E-002
 -6.929226472473893E-002
 -2.455312055620151E-002
 -7.878719351835350E-002
 -6.513717758038773E-002
 -5.261726730792837E-002
 -9.461277062983964E-002
 -2.432960022255148E-002
 -9.024793296160016E-002
 -9.747848754534250E-002
 -7.077009658285238E-002
 -7.437653889866702E-002
 -2.458376655116101E-002
 -9.851329566761002E-002
 -6.751465706863957E-002
 -6.439342996969444E-002
 -5.113350427215479E-002
 -1.800209991785184E-002
 -0.115407395224717     
 -0.103839304788154     
  5.594224932537117E-002
  5.547739191255652E-002
  5.956899277843575E-002
  4.992001675280966E-002
  4.653295507938993E-002
  4.893169702366584E-002
  3.377561130989604E-002
  4.158193614359029E-002
  3.449661784301128E-002
  4.225168772215004E-002
  4.499449627896623E-002
  5.192116269825886E-002
  5.540127370098702E-002
  4.320300167310931E-002
  4.172952594253865E-002
  4.505988029615327E-002
  4.884010553831564E-002
  4.877789467977489E-002
  5.688634360779421E-002
  6.089341909036250E-002
  3.671372784787341E-002
  3.973404549868531E-002
  4.040359441945796E-002
  3.104859523404790E-002
  3.351839722718808E-002
  4.368173139006948E-002
  2.171099958320444E-002
  4.400557064449973E-002
  5.051865872904726E-002
  5.250623524910825E-002
  5.566760327644849E-002
  7.175426087862624E-002
  4.852054180128007E-002
  4.922515594705090E-002
  5.438852947299466E-002
  5.037864853206420E-002
  5.842829764097945E-002
  3.552941177035962E-002
  5.542535802710025E-002
  5.261168020674967E-002
  4.908114058815982E-002
  3.776292565981121E-002
  3.690534309977800E-002
  3.433251252486558E-002
  3.316034891689135E-002
  3.635643220039442E-002
  2.941661074038193E-002
  4.551155172556287E-002
  4.412706232925667E-002
  3.559018225823951E-002
  3.522188142012561E-002
  3.397417587432516E-002
  2.061042452586215E-002
  3.549394857626631E-002
  3.197272218146829E-002
  3.393241583396045E-002
  2.592854264974576E-002
  2.838377002906345E-002
  3.303648085358968E-002
  4.483002022525118E-002
  3.499176992419639E-002
  2.633167087956390E-002
  3.267470616055468E-002
  3.029913254855521E-002
  3.211980046662066E-002
  3.862745825629021E-002
  3.837410475822756E-002
  3.942404096966612E-002
  2.861536214603788E-002
  3.278320769130205E-002
  2.905629718190916E-002
  3.610765148384398E-002
  2.766504718274165E-002
  3.291815259291497E-002
