 excitation energies, transition moments and TDA amplitudes
 state    eV      nm       fL        Rv(corr)
    1    2.175   570.0     0.7550    -0.9509     0.87( 144-> 145) -0.31( 143-> 147) -0.19( 141-> 145)
    2    2.391   518.6     0.2838    -6.9543     0.85( 143-> 145)  0.31( 144-> 147)  0.20( 144-> 149)
    3    3.032   408.9     0.0163    -0.1015     0.94( 142-> 145) -0.15( 141-> 145)  0.12( 138-> 145)
    4    3.327   372.7     0.0350     0.7634     0.74( 141-> 145) -0.37( 138-> 145)  0.30( 137-> 145)
    5    3.476   356.7     0.0227   -44.8681     0.75( 144-> 146)  0.49( 144-> 148)  0.30( 144-> 149)
    6    3.673   337.6     0.0094     8.3242     0.47( 137-> 145) -0.43( 138-> 145) -0.39( 141-> 145)
    7    3.750   330.7     0.0188     4.6819    -0.44( 144-> 148)  0.43( 144-> 146)  0.37( 144-> 147)
    8    3.973   312.1     0.2783   -36.4915    -0.54( 144-> 147) -0.43( 144-> 148)  0.33( 144-> 146)
    9    4.024   308.1     0.0254   -43.8433    -0.67( 143-> 146) -0.42( 143-> 148) -0.27( 143-> 149)
