           6           1  0.411195446727264     
           7           2   1.56488844116376     
           7           6   1.14669652352506     
           8           7  0.880734716513141     
           9           8  0.976600585092054     
          10           3   1.39258010781792     
          10           6   1.28830168720285     
          10           9  0.942286112106502     
          11           9  0.943678722737296     
          12           8  0.943942772128731     
          13          12  0.969165508954094     
          14          13  0.916888115519408     
          15          14   1.82019619895550     
          16          14   1.11241569113491     
          17           1  0.566806590750808     
          18           3   1.22894348968732     
          18          17   1.18094421538177     
          19          18   1.22705703567321     
          20          19   1.37352525052898     
          21           4   1.21911645017630     
          21          17   1.15876332164864     
          21          20   1.17285828752104     
          22          19  0.954109927695076     
          23          20  0.991009970689826     
          24          23   1.80443341404764     
          25          23   1.00473974219010     
          26           1  0.383704453266488     
          27           4   1.49376731843302     
          27          26   1.20861368440887     
          28          27  0.921801628287903     
          29          28  0.950178888831290     
          30           5   1.41500403853196     
          30          26   1.25838827013342     
          30          29  0.931767132068089     
          31          28  0.965404350272106     
          32          29  0.943938550257998     
          33          32   1.00788859798152     
          34           1  0.440165254970397     
          35           5   1.29004164791148     
          35          34   1.12609654945226     
          36          35   1.15956448465379     
          37          36   1.36883331198837     
          38           2   1.14013212758850     
          38          34   1.29383799321614     
          38          37   1.15589435124207     
          39          36  0.986881552056565     
          40          37   1.09540018234796     
          41          40   1.75269776393098     
          42           2  0.931661946996356     
          42          40  0.901847759633079     
          43          42  0.906396499172157     
          44          43   1.83936282240543     
          45          43   1.07779550574463     
          46          45  0.972973635338680     
          47          16  0.913653096326339     
          48          47   1.03319205602895     
          49          48   1.86673741884934     
          50          49  0.977317490802316     
          51          49  0.973863204794905     
          52          51  0.979987194934071     
          53          52  0.979624729552103     
          54          53  0.961199081243794     
          55          54  0.989381412397665     
          56          54  0.965426702262822     
          57          56  0.975573301074628     
          58          57  0.982239060022870     
          59          58  0.964377050671176     
          60          59  0.991657741476589     
          61          59  0.969450909346809     
          62          61  0.982884387578201     
          63          62  0.978550612998078     
          64          63   1.00176275029290     
          65          64  0.978961734436456     
          66          64  0.976697767180831     
          67           3  0.942856826327103     
          68           4  0.923238457075772     
          69           5  0.935795946126782     
          70           8  0.942629593322662     
          71           9  0.937417070345324     
          72          11  0.980560224714032     
          73          11  0.981032637806008     
          74          11  0.979917718613289     
          75          12  0.961911106562448     
          76          12  0.963427848630737     
          77          13  0.969846570531638     
          78          13  0.956116023387737     
          79          22  0.978967895349827     
          80          22  0.976632755465783     
          81          22  0.974813136084564     
          82          25  0.965128922183914     
          83          25  0.946941146850728     
          84          25  0.951654801822235     
          85          28  0.936915446120771     
          86          29  0.935909263457226     
          87          31  0.984355716648744     
          88          31  0.981171858223342     
          89          31  0.982458322507076     
          90          32  0.969499501474592     
          91          32  0.968523590522672     
          92          33  0.979261061830889     
          93          33  0.981057547986713     
          94          33  0.980954028666342     
          95          39  0.976835519417725     
          96          39  0.969531721375570     
          97          39  0.965849569961477     
          98          42  0.918871690625635     
          99          46  0.989623740687705     
         100          46  0.983920408060573     
         101          46  0.981546465144981     
         102          47  0.966872881682065     
         103          47  0.952153306314722     
         104          48  0.935339170846544     
         105          50  0.972531710135882     
         106          50  0.967203225523450     
         107          50  0.975820315930011     
         108          51  0.960497980567142     
         109          51  0.960146072378880     
         110          52  0.966690123222348     
         111          52  0.963508968081500     
         112          53  0.959250490126884     
         113          53  0.958340286880231     
         114          54  0.947325262794238     
         115          55  0.974412135343244     
         116          55  0.970421299801803     
         117          55  0.978064595647388     
         118          56  0.960483884012925     
         119          56  0.959709177242351     
         120          57  0.961321525806921     
         121          57  0.969323608939901     
         122          58  0.966490604938668     
         123          58  0.963464843688310     
         124          59  0.956778281936253     
         125          60  0.980963579170382     
         126          60  0.975216475209293     
         127          60  0.981248340148656     
         128          61  0.966306344815260     
         129          61  0.965934284106779     
         130          62  0.967449202202753     
         131          62  0.966418475991912     
         132          63  0.955918511676438     
         133          63  0.957609281408962     
         134          64  0.951117424049637     
         135          65  0.977784726550939     
         136          65  0.978248246371846     
         137          65  0.982939971826691     
         138          66  0.977407297305871     
         139          66  0.983740882701425     
         140          66  0.980261508284734     
