  0.303279759558557     
  1.782635087149398E-002
 -3.977577155471756E-002
 -2.590363490421854E-002
 -3.231588801287977E-002
 -0.150164426528708     
  2.375568263446137E-002
 -1.979932724174382E-002
 -1.936521563111615E-002
  2.018154889033807E-002
 -8.501905388249309E-002
 -5.169376258199332E-002
 -7.257744137008793E-002
  0.233277201627149     
 -0.260263030082913     
 -0.144186310783703     
 -0.220079807329030     
  2.021361353097273E-002
 -9.186891503352612E-003
 -7.499972689377898E-002
  2.513238635211223E-002
 -7.585526429637923E-002
  0.178395873335696     
 -0.221906556894452     
 -0.117337404103823     
 -0.162620236903082     
  3.094721804396361E-002
 -2.934423880379811E-002
 -2.391869842188132E-002
  3.145477574756894E-002
 -7.834492743502963E-002
 -5.411544770504140E-002
 -9.488006169618135E-002
 -0.222095099127444     
  3.503188843418581E-002
  3.041818211228620E-003
 -4.231118300447445E-002
  3.506384848730271E-002
 -7.109812559467166E-002
  0.112838581530010     
 -0.246359802661446     
 -1.760815433610841E-002
  0.209977838638675     
 -0.246161835631811     
 -0.161971794407032     
 -2.926774294368606E-003
  5.075843528397384E-002
 -9.564557309679333E-002
 -5.308411741834806E-002
 -8.824499239578998E-002
 -6.123332862100117E-002
 -5.015704902743146E-002
 -6.172011181994730E-002
 -1.724860185576915E-002
 -0.114539343484082     
 -7.292770325854381E-002
 -6.058707587406609E-002
 -8.532178357527176E-002
 -5.418446655143327E-002
 -0.100496532488792     
 -5.626955989044546E-002
 -5.288407260760053E-002
 -6.292077703169152E-002
 -3.666986721535448E-002
 -0.117290594154740     
 -0.117184690190870     
  5.079331395333719E-002
  5.697886695810628E-002
  5.134478208110083E-002
  5.985637873319860E-002
  4.805812221010231E-002
  4.460389747556859E-002
  2.962586387096267E-002
  5.097128668465645E-002
  4.255756557802504E-002
  4.593865104247707E-002
  4.251630620167213E-002
  4.409526750111847E-002
  5.100407711758426E-002
  5.331197369812224E-002
  4.952907661116601E-002
  3.947571997899790E-002
  4.365973190493788E-002
  4.445202440875295E-002
  5.233608790394217E-002
  5.664489317014876E-002
  3.889257235458710E-002
  4.636449467821979E-002
  5.268926075702640E-002
  2.868847700741650E-002
  4.546345173516853E-002
  3.211306355128796E-002
  3.784894380446235E-002
  3.756622380604580E-002
  4.517076806553511E-002
  4.722472021221169E-002
  5.293576189055338E-002
  7.330883483198591E-002
  3.567226914834143E-002
  4.989646736074294E-002
  5.505796393668483E-002
  6.127390948327849E-002
  6.395217160971034E-002
  3.116424701479492E-002
  4.210243624433552E-002
  4.965188192180137E-002
  4.049197638207591E-002
  3.746754556377152E-002
  4.632540133731167E-002
  4.274122081067366E-002
  4.106664879054911E-002
  3.086493084131703E-002
  4.854066390802403E-002
  4.010925598113235E-002
  3.508947306947952E-002
  3.449084133074898E-002
  2.962519010104681E-002
  2.715572299866031E-002
  2.776052381092342E-002
  3.641176035020366E-002
  4.143367545574017E-002
  2.815104852791839E-002
  2.564707611949268E-002
  2.289995362403341E-002
  4.333977155228352E-002
  2.141525691564217E-002
  3.706662403897532E-002
  3.867708307504725E-002
  4.186842598006724E-002
  5.029044099204183E-002
  3.112040963110274E-002
  4.234819722674810E-002
  4.377343313551241E-002
  3.806801475202726E-002
  2.777928349983694E-002
  2.808653101897929E-002
  3.380356802779982E-002
  2.976480336748510E-002
  3.718298335583481E-002
  3.596977092730835E-002
