           6           1  0.351520315299104     
           7           2   1.46188495152030     
           7           6   1.14113259258469     
           8           7  0.958741382705729     
           9           8  0.952049221145908     
          10           3   1.30724942761451     
          10           6   1.37504716773271     
          10           9  0.912478844222625     
          11           9  0.964928295180395     
          12           8  0.934142623768600     
          13          12  0.989680147567978     
          14          13  0.884041533498023     
          15          14   1.86205345852376     
          16          14   1.09610050259901     
          17           1  0.527579711719577     
          18           3   1.34711719859857     
          18          17   1.11893287974012     
          19          18   1.17522647571668     
          20          19   1.42064054106494     
          21           4   1.37013243633124     
          21          17   1.16283179778554     
          21          20   1.07966266328518     
          22          19   1.01466839994053     
          23          20  0.988225522063702     
          24          23   1.87171046555696     
          25          23  0.939594077360754     
          26           1  0.443022188662096     
          27           4   1.32944259501889     
          27          26   1.30391296863431     
          28          27  0.918124713091630     
          29          28  0.942214613640729     
          30           5   1.47221444868008     
          30          26   1.16996528234179     
          30          29  0.948125107414730     
          31          28  0.983386262334646     
          32          29  0.951067395553491     
          33          32  0.998810030194197     
          34           1  0.496840298555053     
          35           5   1.21194995985004     
          35          34   1.16064989036190     
          36          35   1.26220542128818     
          37          36   1.31257872589883     
          38           2   1.15305211717396     
          38          34   1.21575417378386     
          38          37   1.21561584347922     
          39          36  0.976679357848131     
          40          37   1.09183740781733     
          41          40   1.77963365639461     
          42           2  0.979849584789734     
          42          40  0.854678862981658     
          43          42  0.893488611156472     
          44          43   1.85166954160875     
          45          43   1.04275272774818     
          46          45  0.982063168663680     
          47          16  0.948529816521498     
          48          47  0.994457160271314     
          49          48   1.88729549246217     
          50          49  0.992396569786489     
          51          49  0.944853445767919     
          52          51  0.981629230049111     
          53          52  0.966292875871399     
          54          53  0.988172311484165     
          55          54  0.986048377044558     
          56          54  0.948236165991579     
          57          56  0.989016082822423     
          58          57  0.989663447199072     
          59          58  0.947308717544588     
          60          59  0.986812294690866     
          61          59  0.969455919810455     
          62          61  0.994214122913125     
          63          62  0.983177286879512     
          64          63  0.960166114217314     
          65          64  0.973392275852152     
          66          64   1.00184749987361     
          67           3  0.939695382232327     
          68           4  0.932237510432627     
          69           5  0.934591008433661     
          70           8  0.928873250182707     
          71           9  0.945073595619959     
          72          11  0.978258806221465     
          73          11  0.982683482728144     
          74          11  0.976420197114114     
          75          12  0.961706984649929     
          76          12  0.957687278434987     
          77          13  0.952304789600725     
          78          13  0.964444130377868     
          79          22  0.972335191937154     
          80          22  0.956618432837322     
          81          22  0.952895120416188     
          82          25  0.964343933240949     
          83          25  0.970761174483725     
          84          25  0.954639710957894     
          85          28  0.941614897870712     
          86          29  0.937349554537646     
          87          31  0.976817299772091     
          88          31  0.974275021083025     
          89          31  0.976300997663003     
          90          32  0.971888230136145     
          91          32  0.962607492578374     
          92          33  0.985491340176718     
          93          33  0.976112426614333     
          94          33  0.984985346063762     
          95          39  0.981308817834854     
          96          39  0.962985945959893     
          97          39  0.975548033737263     
          98          42  0.921606969771240     
          99          46  0.988975070161883     
         100          46  0.985707549329860     
         101          46  0.975734018470608     
         102          47  0.959421565888165     
         103          47  0.951842183354416     
         104          48  0.943570099291312     
         105          50  0.971121210039255     
         106          50  0.965506652962652     
         107          50  0.980077997327276     
         108          51  0.965325516751123     
         109          51  0.959893941345842     
         110          52  0.959902378818828     
         111          52  0.966831315349947     
         112          53  0.964463998640556     
         113          53  0.956177796506493     
         114          54  0.950889585105583     
         115          55  0.975391439954217     
         116          55  0.975361045303813     
         117          55  0.979350580833798     
         118          56  0.968146450893768     
         119          56  0.961872283704958     
         120          57  0.966103860920714     
         121          57  0.964269683983619     
         122          58  0.967313200778252     
         123          58  0.970645539634309     
         124          59  0.955896221537028     
         125          60  0.974941532595735     
         126          60  0.984605503358699     
         127          60  0.978963745210568     
         128          61  0.962316292138985     
         129          61  0.959157676359409     
         130          62  0.952543326761914     
         131          62  0.968004922088661     
         132          63  0.964759797250406     
         133          63  0.956882186639875     
         134          64  0.952490415150331     
         135          65  0.980573339339620     
         136          65  0.978651492431334     
         137          65  0.983103560712430     
         138          66  0.971461379346119     
         139          66  0.975360178443617     
         140          66  0.966218149557819     
