  0.325342417307988     
 -2.999526106945094E-002
 -1.585990471876020E-002
 -1.182731460672759E-002
 -1.567550499699166E-002
 -0.169383415338792     
  5.667017232510041E-002
 -2.820571343078448E-002
 -2.177507714983751E-002
  3.545634904049599E-002
 -8.252590743151433E-002
 -4.586868996818350E-002
 -5.198362099478260E-002
  0.206985648679259     
 -0.282977755016648     
 -0.131836926350328     
 -0.205029238459639     
  5.335844892884101E-002
  3.388632373207745E-003
 -4.834009253708427E-002
  3.750682711455511E-002
 -7.837375546321557E-002
  0.135331495301057     
 -0.269731498945704     
 -8.088735952165127E-002
 -0.163792298886788     
  6.276351299344496E-002
 -1.321316027724073E-002
 -3.420962636512392E-002
  1.749865152517405E-002
 -9.657985485321952E-002
 -7.087558963660445E-002
 -0.101284960767594     
 -0.223138136638473     
 -1.448212127299087E-002
 -2.199454722409300E-002
 -4.943551626032416E-002
  1.723741046853977E-002
 -4.658764235563861E-002
  0.134090870461425     
 -0.245211644089171     
 -4.712774533328279E-002
  0.216756533583110     
 -0.252380107269189     
 -0.153839075446488     
  6.629959509804273E-003
  5.385895288010634E-002
 -6.464742772554555E-002
 -1.082629205919616E-002
 -8.397998570366028E-002
 -5.447334465679887E-002
 -6.696162074496570E-002
 -6.751544507847207E-002
 -3.273941921821688E-002
 -0.101958483233918     
 -7.688125291755554E-002
 -6.416722977566813E-002
 -7.834158146038206E-002
 -3.704476951199531E-002
 -0.107321077029624     
 -8.713436397649410E-002
 -6.976558529503407E-002
 -5.903327537591174E-002
 -1.215995786963298E-002
 -0.109053555176630     
 -0.106510668264288     
  7.109692441465587E-002
  5.190417171805606E-002
  5.805139967499751E-002
  5.921042488931294E-002
  4.747878659110882E-002
  3.547605301614210E-002
  3.919827324789016E-002
  3.946380577369357E-002
  4.090415669188419E-002
  3.807541767702349E-002
  4.268727189587085E-002
  4.418348792917448E-002
  5.186567012632926E-002
  4.463452811789193E-002
  3.786153007546944E-002
  5.184500447753271E-002
  4.303764704210089E-002
  4.956280821061376E-002
  5.326061175597763E-002
  4.984234741149796E-002
  3.607878404557285E-002
  2.833088622755775E-002
  3.700709504705557E-002
  3.600758418424799E-002
  3.936128231550484E-002
  3.407415532176328E-002
  3.506152706158294E-002
  3.962403944547688E-002
  5.212865996895233E-002
  5.870014205353680E-002
  6.328459092036609E-002
  5.831113019238821E-002
  4.733100616822727E-002
  4.657780483258045E-002
  5.416100848882288E-002
  5.397506076878578E-002
  4.829983840260588E-002
  3.128264033475570E-002
  5.119701768094775E-002
  4.284528995253323E-002
  4.202946661855633E-002
  3.427911239934389E-002
  4.301180085793288E-002
  2.591233590226083E-002
  4.161747331816301E-002
  3.249157860136553E-002
  3.194600034886375E-002
  4.152687863260296E-002
  3.895588090853075E-002
  3.599206283795764E-002
  3.550115575141810E-002
  4.197059425478034E-002
  3.590001537501319E-002
  3.346164940534713E-002
  4.245457419790932E-002
  3.971427722877385E-002
  3.885598924555034E-002
  3.868354711102717E-002
  3.238269238318336E-002
  3.037823584492139E-002
  3.453027420229093E-002
  2.880649449977613E-002
  2.428174440845698E-002
  3.739618526958233E-002
  3.259220429921628E-002
  4.840273711387999E-002
  3.374238137468855E-002
  2.967938612905019E-002
  2.908704112297156E-002
  3.288543878788230E-002
  2.837338063027772E-002
  2.752883337387990E-002
  3.000432480103699E-002
  3.441290387118390E-002
