 excitation energies, transition moments and TDA amplitudes
 state    eV      nm       fL        Rv(corr)
    1    2.200   563.6     0.1503    -6.3997    -0.78( 142-> 144)  0.37( 143-> 144)  0.30( 141-> 144)
    2    2.350   527.6     0.7964     1.3353    -0.81( 143-> 144) -0.37( 142-> 144) -0.31( 142-> 147)
    3    3.023   410.1     0.0674    55.5517     0.85( 141-> 144) -0.31( 143-> 147)  0.21( 143-> 145)
    4    3.180   389.9     0.0353    -2.4107    -0.81( 143-> 146)  0.37( 143-> 147)  0.30( 141-> 144)
    5    3.564   347.9     0.0902    10.7631    -0.58( 140-> 144) -0.45( 143-> 145) -0.33( 142-> 148)
    6    3.600   344.4     0.0230   -19.8398     0.84( 142-> 146) -0.38( 142-> 147)  0.22( 142-> 145)
    7    3.678   337.1     0.1026     5.5182     0.68( 140-> 144) -0.48( 143-> 145)  0.27( 137-> 144)
    8    3.850   322.0     0.0603   -36.8883     0.59( 137-> 144)  0.47( 143-> 145)  0.29( 136-> 144)
    9    3.928   315.6     0.0101   -13.6437     0.49( 137-> 144)  0.38( 138-> 144) -0.36( 143-> 147)
