           6           1  0.386848691270949     
           7           2   1.24015075089914     
           7           6   1.44478869572658     
           8           7  0.904697472478402     
           9           8  0.958147455113450     
          10           3   1.61894792834384     
          10           6   1.05334147903772     
          10           9  0.913159436663031     
          11           9  0.977749331724293     
          12           8  0.918803880287431     
          13          12  0.994758728980869     
          14          13  0.933389294771818     
          15          14   1.78958130752047     
          16          14   1.11886888248383     
          17           1  0.548638610030403     
          18           3   1.15751172786554     
          18          17   1.16067541851622     
          19          18   1.28768185437207     
          20          19   1.34940354232828     
          21           4   1.27743885287840     
          21          17   1.17719227094032     
          21          20   1.13222449220789     
          22          19  0.985785572735594     
          23          20  0.999092842986939     
          24          23   1.77699172421040     
          25          23   1.01733808439075     
          26           1  0.333924386460787     
          27           4   1.39745762873340     
          27          26   1.34178125204443     
          28          27  0.896143326909107     
          29          28  0.967381540608676     
          30           5   1.53027204230700     
          30          26   1.17398424744939     
          30          29  0.906287964372834     
          31          28  0.994264955976314     
          32          29  0.945008112625380     
          33          32  0.998717933488105     
          34           1  0.519602599927234     
          35           5   1.24473609018912     
          35          34   1.14029405796868     
          36          35   1.16961505204217     
          37          36   1.35552249626487     
          38           2   1.27960537443726     
          38          34   1.19813685073291     
          38          37   1.11925514457250     
          39          36   1.02154357165540     
          40          37   1.14493340078781     
          41          40   1.75111821547183     
          42           2  0.953498245217525     
          42          40  0.864913545381577     
          43          42  0.878162338671575     
          44          43   1.84210830352050     
          45          43   1.08157204075566     
          46          45  0.974459866982358     
          47          16  0.927465823243595     
          48          47   1.02528279561253     
          49          48   1.86631178970617     
          50          49  0.975245732762144     
          51          49  0.981710235183131     
          52          51  0.964921496442923     
          53          52  0.979257927065721     
          54          53  0.984426762399702     
          55          54  0.963102340540208     
          56          54  0.968090173459733     
          57          56  0.987301900232909     
          58          57  0.973787754401483     
          59          58  0.959654508661813     
          60          59  0.993578232232640     
          61          59  0.981731922326393     
          62          61  0.973151012216450     
          63          62  0.978642681699411     
          64          63  0.982002382998073     
          65          64  0.992074777900696     
          66          64  0.981326625120599     
          67           3  0.919934519350271     
          68           4  0.933904769793429     
          69           5  0.928718467799780     
          70           8  0.940446240962239     
          71           9  0.945206332656270     
          72          11  0.976492493870401     
          73          11  0.979063648915949     
          74          11  0.973673301458907     
          75          12  0.967257590349045     
          76          12  0.968927228140884     
          77          13  0.953758244448087     
          78          13  0.942772346312280     
          79          22  0.970010945251036     
          80          22  0.967898358450427     
          81          22  0.973218834634768     
          82          25  0.944615447079244     
          83          25  0.948273628073437     
          84          25  0.964582177566303     
          85          28  0.938409619274014     
          86          29  0.937264358700556     
          87          31  0.975461094749657     
          88          31  0.975483782179533     
          89          31  0.970237851081240     
          90          32  0.970933511216996     
          91          32  0.969948882729280     
          92          33  0.984891865733927     
          93          33  0.982512529381148     
          94          33  0.986506171249270     
          95          39  0.970259915803896     
          96          39  0.964870471254818     
          97          39  0.950516052357502     
          98          42  0.924699178932875     
          99          46  0.989424301477831     
         100          46  0.984289834542922     
         101          46  0.979415053534197     
         102          47  0.956816262912480     
         103          47  0.958612458030499     
         104          48  0.940000464646384     
         105          50  0.970811789506427     
         106          50  0.977953269464864     
         107          50  0.975910965577837     
         108          51  0.961910912250757     
         109          51  0.957888438940746     
         110          52  0.969044632689717     
         111          52  0.961452978712737     
         112          53  0.957483556970900     
         113          53  0.967058745152406     
         114          54  0.948675985572661     
         115          55  0.980524410213124     
         116          55  0.984698128967880     
         117          55  0.983417939990926     
         118          56  0.957052197363018     
         119          56  0.962004494500570     
         120          57  0.968472883639733     
         121          57  0.964366213271993     
         122          58  0.964401142997945     
         123          58  0.963579129384930     
         124          59  0.950115266586050     
         125          60  0.978808112005828     
         126          60  0.978241243932667     
         127          60  0.976273623876993     
         128          61  0.966254971425561     
         129          61  0.961902309384675     
         130          62  0.969824096599900     
         131          62  0.970767790578045     
         132          63  0.954339780726431     
         133          63  0.968241824787514     
         134          64  0.954454715495692     
         135          65  0.975608554985987     
         136          65  0.972687677280657     
         137          65  0.980262487105794     
         138          66  0.979496787430792     
         139          66  0.978805443420590     
         140          66  0.982264731360289     
