 excitation energies, transition moments and TDA amplitudes
 state    eV      nm       fL        Rv(corr)
    1    2.272   545.8     0.7601    -5.7079    -0.88( 143-> 144)  0.36( 142-> 146)  0.20( 142-> 145)
    2    2.288   541.8     0.1170    -2.6963    -0.84( 142-> 144) -0.32( 143-> 146) -0.28( 140-> 144)
    3    2.929   423.4     0.0164    -8.8631    -0.91( 141-> 144)  0.18( 139-> 144) -0.17( 140-> 144)
    4    3.308   374.8     0.0325    -2.9793    -0.85( 140-> 144)  0.25( 143-> 145)  0.23( 143-> 146)
    5    3.800   326.3     0.0557    10.2386    -0.77( 143-> 145) -0.38( 139-> 144)  0.31( 143-> 146)
    6    3.894   318.4     0.1277   -22.9916    -0.75( 142-> 145)  0.37( 143-> 148) -0.27( 143-> 147)
    7    3.906   317.4     0.0827   -19.9923    -0.54( 139-> 144) -0.47( 137-> 144)  0.37( 143-> 145)
    8    4.000   309.9     0.0401    -3.9935     0.65( 143-> 147) -0.40( 143-> 148)  0.26( 142-> 146)
    9    4.066   304.9     0.2191    -1.5505     0.47( 143-> 146)  0.35( 142-> 148)  0.29( 136-> 144)
