           6           1  0.368495967551833     
           7           2   1.41153667083340     
           7           6   1.21668873377883     
           8           7  0.926907040321682     
           9           8  0.951355992305865     
          10           3   1.43078258882687     
          10           6   1.24636130077865     
          10           9  0.951195595294356     
          11           9  0.964350446189731     
          12           8  0.941464467259389     
          13          12  0.983173573386212     
          14          13  0.887069951084633     
          15          14   1.85978624166157     
          16          14   1.07525924693407     
          17           1  0.542756065344494     
          18           3   1.29618084646202     
          18          17   1.10777079650074     
          19          18   1.18090713720642     
          20          19   1.38450194460674     
          21           4   1.29112406683648     
          21          17   1.19229525482385     
          21          20   1.14906344464407     
          22          19  0.993571040120297     
          23          20  0.991839434090849     
          24          23   1.84830912811818     
          25          23  0.939740762221601     
          26           1  0.395802760157310     
          27           4   1.41082332905939     
          27          26   1.26494698462291     
          28          27  0.934640708613643     
          29          28  0.964492278784139     
          30           5   1.50813728196043     
          30          26   1.20073205275590     
          30          29  0.909282364558589     
          31          28  0.966393481261446     
          32          29  0.957891556081660     
          33          32  0.994944815950040     
          34           1  0.533950065142128     
          35           5   1.24195974610662     
          35          34   1.15446506341099     
          36          35   1.21441313852964     
          37          36   1.29310037551106     
          38           2   1.22616946215522     
          38          34   1.17219558013182     
          38          37   1.20752530997699     
          39          36   1.00391425667621     
          40          37   1.05791695938533     
          41          40   1.85326994013039     
          42           2  0.938182608850087     
          42          40  0.828098168866864     
          43          42  0.924720488229085     
          44          43   1.85578341945180     
          45          43   1.04146272240113     
          46          45  0.971901721181041     
          47          16  0.954881741758920     
          48          47  0.990336810335651     
          49          48   1.85940933164207     
          50          49  0.996204025572177     
          51          49  0.986715007220739     
          52          51  0.932700327104873     
          53          52  0.982935144383719     
          54          53  0.946899607060719     
          55          54  0.975970116853241     
          56          54  0.956079410076784     
          57          56   1.00778733948878     
          58          57  0.957056610588075     
          59          58  0.966917681522930     
          60          59  0.996668045275695     
          61          59  0.975725827014559     
          62          61  0.976653787220948     
          63          62  0.981297534008254     
          64          63  0.970498688147200     
          65          64  0.993148986868529     
          66          64  0.980066375084209     
          67           3  0.929405349379762     
          68           4  0.926802350594508     
          69           5  0.927490497063276     
          70           8  0.936651678349334     
          71           9  0.940002977898780     
          72          11  0.979246531628439     
          73          11  0.974270433342925     
          74          11  0.980263656030573     
          75          12  0.963781113023994     
          76          12  0.954913157605928     
          77          13  0.968236881398622     
          78          13  0.959735553570135     
          79          22  0.964819359790082     
          80          22  0.972219058125414     
          81          22  0.964753010256733     
          82          25  0.960456904867078     
          83          25  0.965453263978266     
          84          25  0.974871165864630     
          85          28  0.943499424919221     
          86          29  0.939484760081925     
          87          31  0.976371780927648     
          88          31  0.978075456510764     
          89          31  0.980369870667546     
          90          32  0.968210859240639     
          91          32  0.968153485163760     
          92          33  0.987642381041195     
          93          33  0.985049126601088     
          94          33  0.973716167365428     
          95          39  0.966474464763299     
          96          39  0.963779811344000     
          97          39  0.971917605384787     
          98          42  0.922353467974294     
          99          46  0.987761973507161     
         100          46  0.989165981832207     
         101          46  0.974825747551937     
         102          47  0.959008581304134     
         103          47  0.955063975106071     
         104          48  0.941127000493150     
         105          50  0.966572473902903     
         106          50  0.969165109744555     
         107          50  0.973782114271680     
         108          51  0.963613236650168     
         109          51  0.964036258136930     
         110          52  0.975340170876374     
         111          52  0.973243111715700     
         112          53  0.973705870686652     
         113          53  0.969726489276284     
         114          54  0.964040522745810     
         115          55  0.984239606049839     
         116          55  0.979289816142177     
         117          55  0.980951865166466     
         118          56  0.959706368304692     
         119          56  0.968367108244209     
         120          57  0.968265471709704     
         121          57  0.962363551837113     
         122          58  0.957667308455084     
         123          58  0.968177487138293     
         124          59  0.953156692750611     
         125          60  0.979377693848865     
         126          60  0.976485317919753     
         127          60  0.971478231724164     
         128          61  0.961763397133449     
         129          61  0.962025264185069     
         130          62  0.972055689134462     
         131          62  0.967320581260574     
         132          63  0.968094645917435     
         133          63  0.967845825833192     
         134          64  0.957956532719738     
         135          65  0.975667113008803     
         136          65  0.978333339719410     
         137          65  0.979381908006552     
         138          66  0.979706325453395     
         139          66  0.983602694438332     
         140          66  0.980474681645569     
