  0.322507011049568     
  1.764934677178154E-002
 -3.393074031127696E-002
 -1.527286158932650E-002
 -2.250787318156000E-002
 -0.167441957265464     
  7.523956746200744E-002
 -2.621502456067581E-002
 -3.962752869413411E-002
  8.500718081907888E-003
 -8.857631486969897E-002
 -4.667011257952058E-002
 -4.568786723475338E-002
  0.188505168390910     
 -0.277634194587188     
 -0.147245618903125     
 -0.232718961921658     
  1.603691242409333E-002
 -5.024585754475464E-002
 -4.550354354245290E-002
  3.870150090061664E-002
 -6.504093830211133E-002
  0.143954184565100     
 -0.251411975163956     
 -9.164634378411574E-002
 -0.168615757196347     
  4.148845879070739E-002
 -3.257868993114243E-002
 -4.799067104859489E-002
  6.801466026077652E-002
 -8.128819987297042E-002
 -5.153450954622052E-002
 -8.747568024395491E-002
 -0.233983571170359     
  4.256701075097569E-002
  2.912356238024749E-002
 -3.215060010255577E-002
  3.255731821396690E-002
 -6.187122316399929E-002
  0.114065629755522     
 -0.243717399945977     
 -4.013479452571556E-002
  0.212962458746496     
 -0.253930756623517     
 -0.180076514126845     
 -7.028876484405089E-005
  7.159742800886759E-002
 -7.166436652047903E-002
 -4.261244483748161E-002
 -9.891836762664674E-002
 -5.437599746624944E-002
 -5.544297995310110E-002
 -7.948151887818344E-002
 -1.371175328028151E-002
 -9.456141598078815E-002
 -6.956399729576379E-002
 -4.996899858505799E-002
 -6.865630834893022E-002
 -3.524954471944852E-002
 -0.110962375536777     
 -7.342676537026094E-002
 -5.777762229704742E-002
 -8.982602648931248E-002
 -1.752762100850624E-002
 -0.118167541200743     
 -9.695734955458057E-002
  5.605844409146032E-002
  5.769447022963226E-002
  4.888763578978728E-002
  5.699887477895049E-002
  5.015739254689178E-002
  3.730516755373625E-002
  3.783551177555244E-002
  4.153425923691190E-002
  3.655151250424882E-002
  5.103242644013850E-002
  5.349421519992792E-002
  5.452615165374786E-002
  5.442111511872161E-002
  5.089717987940912E-002
  5.411285354397521E-002
  4.415169709568267E-002
  4.328701968344750E-002
  4.684854319603060E-002
  4.717009771543301E-002
  4.715989744646842E-002
  5.009578376126422E-002
  4.067652390590315E-002
  4.247832236797611E-002
  3.898020801659718E-002
  3.095375412641155E-002
  2.760876719800875E-002
  3.766065493187132E-002
  4.203499387833409E-002
  4.780393749608902E-002
  5.507889534819876E-002
  5.574654071788654E-002
  6.064787905565949E-002
  4.391558008179552E-002
  5.420092856910730E-002
  5.448224455572193E-002
  5.733814420970074E-002
  4.998635142637275E-002
  2.423713905014702E-002
  4.000818947441187E-002
  4.417529239884277E-002
  4.596200634697467E-002
  2.994636784409110E-002
  4.479802404959410E-002
  2.539932799220934E-002
  4.890629398194135E-002
  3.497115829643627E-002
  2.834484805676385E-002
  3.507010872320615E-002
  3.609937740656466E-002
  3.396377413625018E-002
  3.013997409577296E-002
  2.340364704558173E-002
  3.265540429505853E-002
  3.906224093418520E-002
  4.022026665642220E-002
  2.880608384348471E-002
  3.153991692360480E-002
  3.730038580649542E-002
  3.655029709836322E-002
  3.272430572003082E-002
  3.715542282231832E-002
  3.761883080883632E-002
  3.686276735449467E-002
  3.908311380969853E-002
  3.399422290201526E-002
  2.719120193507696E-002
  2.748503914091327E-002
  3.701889177970752E-002
  3.638101929789972E-002
  2.338111142696675E-002
  2.710608186897567E-002
  4.273100580741185E-002
  3.878843889524142E-002
  2.928287554183351E-002
