           6           1  0.326830409419779     
           7           2   1.37607229338844     
           7           6   1.33554282356058     
           8           7  0.919062123532527     
           9           8  0.952843119879571     
          10           3   1.41347309424937     
          10           6   1.20382727951244     
          10           9  0.905113575090866     
          11           9  0.970307276935814     
          12           8  0.931601902032787     
          13          12  0.966292443229850     
          14          13  0.925650284486147     
          15          14   1.81088558546491     
          16          14   1.09615480202104     
          17           1  0.633742370380372     
          18           3   1.31974899999913     
          18          17   1.14576635201721     
          19          18   1.14726730738482     
          20          19   1.39638976164918     
          21           4   1.33782495439604     
          21          17   1.09409740639581     
          21          20   1.14842067691386     
          22          19  0.995822082004254     
          23          20   1.00897163268107     
          24          23   1.80417003603009     
          25          23  0.981793684123191     
          26           1  0.333495775890571     
          27           4   1.39897410273462     
          27          26   1.28055326172136     
          28          27  0.889902528910325     
          29          28  0.940722858148468     
          30           5   1.37959155683198     
          30          26   1.28483583407432     
          30          29  0.935125771498837     
          31          28  0.981312217573719     
          32          29  0.950062513151574     
          33          32   1.01139486707141     
          34           1  0.494006107490197     
          35           5   1.32759914646250     
          35          34   1.11930824307575     
          36          35   1.20888077461522     
          37          36   1.30849227328143     
          38           2   1.25154686845283     
          38          34   1.18261260194753     
          38          37   1.17778996806309     
          39          36   1.02700920390182     
          40          37   1.12870517945419     
          41          40   1.76995444878218     
          42           2  0.919629726074539     
          42          40  0.835761331823586     
          43          42  0.949244775220192     
          44          43   1.84387609826008     
          45          43   1.02510584433200     
          46          45  0.978306717583660     
          47          16  0.959776538430338     
          48          47   1.01369797177118     
          49          48   1.90035883651023     
          50          49  0.967142306891652     
          51          49  0.953334931429151     
          52          51  0.970195981127188     
          53          52  0.971694011675339     
          54          53  0.962027272526609     
          55          54  0.993096784890071     
          56          54  0.969211482883521     
          57          56  0.998638850805371     
          58          57  0.979604452062343     
          59          58  0.981642230776983     
          60          59  0.973673225764009     
          61          59  0.959533400674834     
          62          61  0.979574140237789     
          63          62  0.982047628981661     
          64          63  0.971899325155494     
          65          64  0.986414334802298     
          66          64  0.986047606019284     
          67           3  0.925545718378155     
          68           4  0.922969965199734     
          69           5  0.932848303106558     
          70           8  0.943152375271216     
          71           9  0.947730500961513     
          72          11  0.978723947344867     
          73          11  0.977095271784471     
          74          11  0.980722589943568     
          75          12  0.967812777405098     
          76          12  0.959260426955592     
          77          13  0.962881519837290     
          78          13  0.956898321800090     
          79          22  0.967752366653055     
          80          22  0.971785837044332     
          81          22  0.960348941149757     
          82          25  0.957770640292025     
          83          25  0.970464604423269     
          84          25  0.954320380736085     
          85          28  0.946945908698158     
          86          29  0.933921617564514     
          87          31  0.978748876658012     
          88          31  0.977984052798653     
          89          31  0.980808519802999     
          90          32  0.960658569541067     
          91          32  0.966041218663996     
          92          33  0.978510219324075     
          93          33  0.982856643144829     
          94          33  0.979324142707545     
          95          39  0.954938531754352     
          96          39  0.953175679654872     
          97          39  0.973536924242223     
          98          42  0.931981750854955     
          99          46  0.989886422949507     
         100          46  0.978780101833506     
         101          46  0.982412726022068     
         102          47  0.950438815731941     
         103          47  0.954200971217547     
         104          48  0.935587538603672     
         105          50  0.978334074781957     
         106          50  0.976796353835950     
         107          50  0.976193934168449     
         108          51  0.963678796124013     
         109          51  0.967124767738922     
         110          52  0.973604876787867     
         111          52  0.965120255946452     
         112          53  0.964226014634957     
         113          53  0.964808355687921     
         114          54  0.950736592909487     
         115          55  0.973598021750220     
         116          55  0.977211221767641     
         117          55  0.979998214634555     
         118          56  0.958326768645227     
         119          56  0.953704668184579     
         120          57  0.958696962015218     
         121          57  0.964085838176528     
         122          58  0.967471791212120     
         123          58  0.960426400504208     
         124          59  0.951016242618915     
         125          60  0.978689929104060     
         126          60  0.983856954607297     
         127          60  0.980004547508100     
         128          61  0.962684073329419     
         129          61  0.964246057713058     
         130          62  0.966378708640287     
         131          62  0.967717225767531     
         132          63  0.963878375244782     
         133          63  0.959153882500490     
         134          64  0.955377352266593     
         135          65  0.974550097330155     
         136          65  0.980920207175467     
         137          65  0.978991173548968     
         138          66  0.973272882533033     
         139          66  0.980165889735545     
         140          66  0.980956220980732     
