  0.303803117878392     
  1.125400884882843E-002
 -4.860675132350067E-002
 -1.558208968920205E-002
 -6.548710249960621E-003
 -0.182600531143153     
  3.623867569486894E-002
 -2.783913566653773E-002
 -3.300381188431700E-002
  3.930006661114405E-002
 -0.103651288652125     
 -5.057362939056897E-002
 -3.609492894252053E-002
  0.211359283437881     
 -0.297792185651987     
 -0.161628731286639     
 -0.219804323291386     
  1.689657679354806E-002
 -4.478706180275704E-002
 -4.359808360363004E-002
  2.354881038375733E-002
 -7.845786349228412E-002
  0.146551173569188     
 -0.236945663945390     
 -0.111150637836338     
 -0.142684684681209     
  6.122740478585786E-002
 -2.707399398265498E-002
 -1.463806556652170E-002
  3.474311261705543E-002
 -9.619751837062296E-002
 -5.070181687341435E-002
 -9.219792278480732E-002
 -0.209368645691104     
  4.593002507904087E-002
  8.959187562026738E-003
 -5.505911960749543E-002
  5.527656032747963E-002
 -6.809464048712410E-002
  0.138547257280098     
 -0.211457206630682     
 -3.924505665615641E-002
  0.198990230241544     
 -0.260252260643427     
 -0.174319780572983     
  6.008571111625116E-003
  4.906464537502364E-002
 -5.465195595963213E-002
 -4.670111307239821E-003
 -9.107156009774631E-002
 -5.243663151604583E-002
 -6.911359787129800E-002
 -6.448899435450528E-002
 -1.750462866488522E-002
 -9.679359035304991E-002
 -7.076502621054725E-002
 -6.382057926717000E-002
 -7.823198356075700E-002
 -3.802354897141047E-002
 -9.508185175602257E-002
 -8.859451886605640E-002
 -6.775010408367521E-002
 -6.698041121206977E-002
 -2.902904898612135E-002
 -0.107386517665586     
 -0.111329994813361     
  6.917598146936832E-002
  5.985219821641519E-002
  5.996087922160764E-002
  6.118954892352224E-002
  4.902461056738150E-002
  4.028862915844056E-002
  3.587432574909499E-002
  2.996391226544870E-002
  3.727580258778229E-002
  4.326036305244219E-002
  4.588727641615220E-002
  5.302677096847219E-002
  4.965862471240989E-002
  5.138930263241825E-002
  4.327591671339248E-002
  4.167292152528523E-002
  4.702558704861981E-002
  4.259889664018490E-002
  4.816378277818423E-002
  4.615920084945668E-002
  3.110602217775382E-002
  4.074180062408761E-002
  4.551072573931725E-002
  3.398783547712658E-002
  3.354590254490597E-002
  3.103499372776564E-002
  4.886788223672156E-002
  2.832916653793693E-002
  5.338812657817060E-002
  4.250284698116802E-002
  5.622288494510741E-002
  5.870563234543835E-002
  4.964093986035556E-002
  6.095221960295338E-002
  4.718999863949391E-002
  5.351457278072824E-002
  5.914623347939107E-002
  4.418278990356073E-002
  3.969975346183352E-002
  4.606780892567974E-002
  4.193751998949158E-002
  3.844117805367553E-002
  3.608223889055817E-002
  2.946228891720615E-002
  1.380553289747821E-002
  3.373184414859831E-002
  3.352057222181426E-002
  3.203061125376494E-002
  4.232641234258583E-002
  3.214279484608717E-002
  3.065226471286608E-002
  3.267600776294188E-002
  2.891874745412770E-002
  3.300077679792746E-002
  2.836329446305108E-002
  3.440230857500570E-002
  3.208095445825210E-002
  3.331458197817327E-002
  4.982646516821898E-002
  3.592912762243283E-002
  3.201276276476950E-002
  3.992278351475242E-002
  2.766369220481402E-002
  3.250029692792611E-002
  3.272346081699939E-002
  4.381024987394677E-002
  3.975448612693877E-002
  3.873506283579087E-002
  2.854344410754206E-002
  2.978161193749529E-002
  3.997238614395937E-002
  3.011787405199029E-002
  4.000925194899185E-002
  3.272653444452733E-002
