 excitation energies, transition moments and TDA amplitudes
 state    eV      nm       fL        Rv(corr)
    1    2.242   553.0     0.3770     5.6826    -0.73( 143-> 144)  0.50( 142-> 144)  0.26( 142-> 146)
    2    2.397   517.3     0.4396    12.8895     0.70( 142-> 144)  0.50( 143-> 144)  0.30( 143-> 146)
    3    2.965   418.1     0.0178    20.0535     0.89( 141-> 144) -0.29( 140-> 144)  0.14( 142-> 144)
    4    3.423   362.2     0.0223     0.8389     0.80( 140-> 144)  0.32( 138-> 144)  0.31( 141-> 144)
    5    3.736   331.9     0.2871    -2.2750    -0.69( 143-> 145)  0.46( 142-> 145) -0.39( 143-> 146)
    6    3.822   324.4     0.0622     3.2669     0.50( 142-> 145)  0.42( 143-> 145) -0.40( 138-> 144)
    7    3.902   317.7     0.1306    28.3830    -0.45( 139-> 144)  0.36( 138-> 144)  0.34( 142-> 146)
    8    3.992   310.6     0.0543    30.1776     0.59( 135-> 144)  0.45( 137-> 144)  0.33( 139-> 144)
    9    4.034   307.3     0.2384    21.2170    -0.50( 143-> 146) -0.35( 143-> 147) -0.33( 142-> 145)
