           6           1  0.362651475362221     
           7           2   1.44358753041058     
           7           6   1.19904132093089     
           8           7  0.933570437609838     
           9           8  0.946659993693287     
          10           3   1.37396289998840     
          10           6   1.30265582095567     
          10           9  0.931358045398532     
          11           9  0.976532281777167     
          12           8  0.945029584682634     
          13          12  0.965447674066309     
          14          13  0.975480880462232     
          15          14   1.77689123674818     
          16          14   1.10289141064417     
          17           1  0.573436794387888     
          18           3   1.31685573188777     
          18          17   1.10360797569432     
          19          18   1.20030700284702     
          20          19   1.40477845027742     
          21           4   1.27753672745819     
          21          17   1.18811803921402     
          21          20   1.10882888084425     
          22          19  0.985879267685177     
          23          20   1.04709314915937     
          24          23   1.82888723761257     
          25          23  0.919108260752696     
          26           1  0.346971383626186     
          27           4   1.37602031753449     
          27          26   1.37121901443384     
          28          27  0.906658680474248     
          29          28  0.977896795729812     
          30           5   1.48269390360667     
          30          26   1.15452288097355     
          30          29  0.911517060250073     
          31          28  0.953912419772246     
          32          29  0.959462809245503     
          33          32  0.992540491209102     
          34           1  0.537606036694199     
          35           5   1.26380438208427     
          35          34   1.05268065733027     
          36          35   1.29556024619524     
          37          36   1.25183420901729     
          38           2   1.13786192963673     
          38          34   1.29302134618370     
          38          37   1.16563922267079     
          39          36  0.987832120607980     
          40          37   1.14318372755494     
          41          40   1.82260661330734     
          42           2  0.976293545556122     
          42          40  0.766035047864627     
          43          42  0.945372693969167     
          44          43   1.82710697680210     
          45          43   1.03574082147507     
          46          45  0.972040633252064     
          47          16  0.923701616172825     
          48          47   1.00667433970746     
          49          48   1.89831284661406     
          50          49  0.979746344885233     
          51          49  0.953378013890423     
          52          51  0.990573852071010     
          53          52  0.974606223963676     
          54          53  0.959362744574214     
          55          54  0.991531262599318     
          56          54  0.976253244238221     
          57          56  0.974390062897948     
          58          57  0.984425309676402     
          59          58  0.939448020008305     
          60          59  0.999816024105607     
          61          59  0.972569225017718     
          62          61  0.983439396326404     
          63          62  0.991041617796296     
          64          63  0.977585302233910     
          65          64  0.985147444502839     
          66          64  0.982467088246446     
          67           3  0.931809371275757     
          68           4  0.931908953659715     
          69           5  0.926960556342178     
          70           8  0.936105478028563     
          71           9  0.942564743622792     
          72          11  0.972487082266630     
          73          11  0.974340251774912     
          74          11  0.977610567687277     
          75          12  0.965198733890216     
          76          12  0.959814845564086     
          77          13  0.958182870128236     
          78          13  0.951359941591643     
          79          22  0.967254111949435     
          80          22  0.963022931284057     
          81          22  0.976427905989654     
          82          25  0.962451689375440     
          83          25  0.974017984134029     
          84          25  0.971188857133471     
          85          28  0.941280679913786     
          86          29  0.938204072570186     
          87          31  0.981595355125186     
          88          31  0.982113411511381     
          89          31  0.977047324133804     
          90          32  0.964758843733601     
          91          32  0.966045042361540     
          92          33  0.988133022047471     
          93          33  0.979547138703549     
          94          33  0.985330188895231     
          95          39  0.966889927862830     
          96          39  0.968670879789801     
          97          39  0.975006027490650     
          98          42  0.930749112931732     
          99          46  0.985289227809489     
         100          46  0.981064870338634     
         101          46  0.991259722744895     
         102          47  0.965618244149969     
         103          47  0.962979191210714     
         104          48  0.935181334584147     
         105          50  0.974553131214278     
         106          50  0.971861678531767     
         107          50  0.972743369343622     
         108          51  0.962952253418613     
         109          51  0.959573268269500     
         110          52  0.962455471837919     
         111          52  0.966845668975741     
         112          53  0.961919368918555     
         113          53  0.967738508706050     
         114          54  0.956245008769761     
         115          55  0.975966056103174     
         116          55  0.981673584076587     
         117          55  0.978315463839656     
         118          56  0.963188657686356     
         119          56  0.965587098646187     
         120          57  0.973460034444485     
         121          57  0.973399276048994     
         122          58  0.970064047771272     
         123          58  0.970630717903441     
         124          59  0.954405679442826     
         125          60  0.967423235234927     
         126          60  0.977997060251272     
         127          60  0.979012627417394     
         128          61  0.956944713234825     
         129          61  0.966438388957794     
         130          62  0.964974259624664     
         131          62  0.961977942112897     
         132          63  0.953416571470392     
         133          63  0.956612470135264     
         134          64  0.955586688216701     
         135          65  0.981847432823453     
         136          65  0.978535349912384     
         137          65  0.974321590060411     
         138          66  0.978780972529293     
         139          66  0.978240297333284     
         140          66  0.977846740922967     
