 excitation energies, transition moments and TDA amplitudes
 state    eV      nm       fL        Rv(corr)
    1    2.169   571.5     0.7593    -6.0841    -0.88( 143-> 144)  0.41( 142-> 146)  0.10( 136-> 145)
    2    2.377   521.6     0.0554     0.5986     0.81( 142-> 144)  0.51( 143-> 146)  0.17( 140-> 144)
    3    3.119   397.5     0.0052    23.9011     0.95( 141-> 144)  0.14( 140-> 144) -0.11( 140-> 145)
    4    3.432   361.3     0.0062     1.2567    -0.61( 140-> 144)  0.61( 143-> 145)  0.26( 139-> 144)
    5    3.556   348.7     0.0098     7.5779    -0.73( 143-> 145) -0.53( 140-> 144)  0.24( 143-> 146)
    6    3.800   326.3     0.2854    -7.4848    -0.53( 143-> 146)  0.44( 143-> 147)  0.32( 142-> 144)
    7    3.915   316.7     0.2379     5.3330    -0.63( 143-> 147) -0.45( 142-> 145) -0.28( 143-> 149)
    8    3.995   310.4     0.2859   -24.4441    -0.45( 139-> 144) -0.41( 137-> 144) -0.40( 140-> 144)
    9    4.061   305.3     0.1519     7.9514     0.71( 142-> 145)  0.31( 137-> 144) -0.28( 143-> 147)
