  0.325121392144657     
  2.654328313170273E-002
 -3.224837764779842E-002
 -4.762166790803057E-002
 -2.795913068826827E-002
 -0.137507032280130     
  3.226747671487962E-002
 -3.412054396743169E-002
 -3.672103589780917E-002
  5.077783184715168E-002
 -8.415822428677000E-002
 -4.392920547314016E-002
 -7.655559251748656E-002
  0.209693294407530     
 -0.292931501259390     
 -0.152782798954065     
 -0.216955181784618     
  1.765472593793316E-002
 -3.166304856654989E-002
 -5.783995250752039E-002
  4.463895083844838E-002
 -7.823729207423469E-002
  0.173857870567858     
 -0.238092402004866     
 -0.112950029139113     
 -0.213986931578788     
  8.077978461326119E-002
 -3.086268631167766E-002
 -2.907951688516786E-002
  3.921992062888746E-002
 -8.193019534749002E-002
 -5.121862307556579E-002
 -9.162599563612872E-002
 -0.216234070431845     
  3.011307549928732E-002
 -1.025044982660628E-002
 -7.491825205277447E-002
  4.032342027536595E-002
 -6.448943724551626E-002
  0.128429393849313     
 -0.219839571546061     
 -2.457919587803481E-002
  0.233594107073040     
 -0.288365956670380     
 -0.154187872601953     
  8.371467841569391E-003
  5.393383584007116E-002
 -7.537519358635691E-002
 -2.371161453201776E-002
 -8.605679868698157E-002
 -5.704756586393778E-002
 -6.021357817333861E-002
 -8.376576578469841E-002
 -1.931270427582277E-002
 -9.989241107186242E-002
 -6.047455926388690E-002
 -7.472652205240848E-002
 -8.203193549525789E-002
 -3.729569232662922E-002
 -0.109334681638114     
 -6.968516747505316E-002
 -6.827555431640420E-002
 -6.940001272718632E-002
 -4.089984317866779E-003
 -0.107335380804203     
 -0.107152396366240     
  5.938927005884020E-002
  6.085562519428611E-002
  5.818360193562644E-002
  5.445869927489511E-002
  4.100759821898659E-002
  4.230228231540034E-002
  4.140627810084607E-002
  3.966447186735655E-002
  4.184543524523554E-002
  4.660615699419635E-002
  4.327495467767095E-002
  3.674419122624784E-002
  4.721163048588306E-002
  4.695204649845885E-002
  5.516310819527848E-002
  4.300446721178397E-002
  3.914529820609114E-002
  3.681997606679210E-002
  5.195516889177865E-002
  5.397857293714714E-002
  4.721528828948973E-002
  3.745442205538119E-002
  3.836344091287514E-002
  3.727667050722772E-002
  3.619391397955740E-002
  3.125395171482159E-002
  4.136401542707302E-002
  3.135377343956924E-002
  5.037862980293728E-002
  4.650789727703741E-002
  5.191218018451615E-002
  6.230164956234285E-002
  6.015777603435724E-002
  6.003475430056660E-002
  3.968677006654164E-002
  5.924615134413813E-002
  6.508878125881845E-002
  3.784579794138021E-002
  4.448265483080138E-002
  4.022532992508199E-002
  4.381132790960773E-002
  4.014343294059408E-002
  3.921939177042022E-002
  3.372275366314603E-002
  3.678572515567580E-002
  2.196886902043649E-002
  3.829396164894039E-002
  4.016692238629960E-002
  3.552182270104320E-002
  3.089172916211624E-002
  3.800730629742677E-002
  3.704375877104016E-002
  4.171119144951263E-002
  2.802277494102690E-002
  4.572401964101747E-002
  4.278835178707552E-002
  3.337282969025379E-002
  3.146471564184139E-002
  3.070577566972854E-002
  4.099029256648945E-002
  1.965803805649191E-002
  4.378451642148695E-002
  2.600666125520901E-002
  3.948360468220991E-002
  2.919105407999856E-002
  3.592037420806471E-002
  3.253127420845803E-002
  4.480905217599396E-002
  3.028455765392624E-002
  2.308956834079023E-002
  3.123686296621231E-002
  3.530050775993065E-002
  3.070423071073347E-002
  4.302952180205155E-002
