           7           2   1.39551532505346     
           7           6   1.25014715999474     
           8           7  0.912948749023918     
           9           8  0.942634153687728     
          10           3   1.31657416792146     
          10           6   1.36251944517846     
          10           9  0.939966843067132     
          11           9  0.953632976298838     
          12           8  0.955741466502228     
          13          12  0.976219966478523     
          14          13  0.900858451390573     
          15          14   1.79631982774750     
          16          14   1.14911324601537     
          17           1  0.491879440233344     
          18           3   1.34088422710279     
          18          17   1.16275498716190     
          19          18   1.11994420851530     
          20          19   1.43320899293577     
          21           4   1.25562618957017     
          21          17   1.20808278559082     
          21          20   1.12618034533799     
          22          19  0.991997769411022     
          23          20   1.00535315490884     
          24          23   1.84761092794285     
          25          23  0.947724316865285     
          26           1  0.474718637249692     
          27           4   1.41334442435601     
          27          26   1.27785343742992     
          28          27  0.949702977508386     
          29          28  0.921792849827434     
          30           5   1.50415315096220     
          30          26   1.12322402872161     
          30          29  0.958847703079545     
          31          28  0.963121635614459     
          32          29  0.952351654165358     
          33          32   1.00263083722733     
          34           1  0.533492537111030     
          35           5   1.23939615174319     
          35          34   1.14797675110361     
          36          35   1.21779670036534     
          37          36   1.30377861277416     
          38           2   1.22473578732532     
          38          34   1.18700576820056     
          38          37   1.21089011339213     
          39          36   1.01174224234109     
          40          37   1.02553867640703     
          41          40   1.84091933515393     
          42           2  0.940055792838915     
          42          40  0.840829256855267     
          43          42  0.945920226841552     
          44          43   1.79916001440189     
          45          43   1.07573441001539     
          46          45  0.967691436484025     
          47          16  0.929060632726857     
          48          47  0.978413908087377     
          49          48   1.90882919362642     
          50          49  0.978650055958845     
          51          49  0.967880273392439     
          52          51  0.966678823169910     
          53          52  0.989372237820738     
          54          53  0.958156777814231     
          55          54  0.976286005480821     
          56          54  0.989378283850292     
          57          56  0.980507036386370     
          58          57  0.969768347622759     
          59          58  0.967442787459581     
          60          59  0.986082195195534     
          61          59  0.968443358236231     
          62          61   1.00231560426976     
          63          62  0.967386909703423     
          64          63  0.969521151453414     
          65          64   1.01888681506327     
          66          64  0.960405322407892     
          67           3  0.939736886989730     
          68           4  0.931315583424617     
          69           5  0.929637519158008     
          70           8  0.941942094699817     
          71           9  0.946724966212241     
          72          11  0.979685004800997     
          73          11  0.981294881285200     
          74          11  0.981463561245208     
          75          12  0.961918724213501     
          76          12  0.953613712537930     
          77          13  0.954369071254235     
          78          13  0.967139961780848     
          79          22  0.964392886287032     
          80          22  0.963169749477966     
          81          22  0.972118009717201     
          82          25  0.961892333962472     
          83          25  0.960474069123947     
          84          25  0.973563465502900     
          85          28  0.941058794697668     
          86          29  0.937492576487855     
          87          31  0.971249906532924     
          88          31  0.978565845119236     
          89          31  0.980774107483132     
          90          32  0.962711589320072     
          91          32  0.959794527797211     
          92          33  0.976570374560771     
          93          33  0.981547826115097     
          94          33  0.981050113087625     
          95          39  0.972219479245933     
          96          39  0.955832891407680     
          97          39  0.969529593967933     
          98          42  0.922659690151312     
          99          46  0.980749357652235     
         100          46  0.986236048066601     
         101          46  0.987611472776040     
         102          47  0.966797250493829     
         103          47  0.959380064774167     
         104          48  0.939452490655205     
         105          50  0.978081954926204     
         106          50  0.977073082982521     
         107          50  0.969184490271618     
         108          51  0.957281209829065     
         109          51  0.960973339107761     
         110          52  0.966950452103181     
         111          52  0.966219903932978     
         112          53  0.966808449522137     
         113          53  0.956237477127607     
         114          54  0.949509722211983     
         115          55  0.978485634760787     
         116          55  0.983457304617433     
         117          55  0.979169006264565     
         118          56  0.954463566373397     
         119          56  0.958616187966263     
         120          57  0.973220530554887     
         121          57  0.959789962521605     
         122          58  0.957913737007675     
         123          58  0.965799252280238     
         124          59  0.951360198266121     
         125          60  0.977352245852566     
         126          60  0.976275985293900     
         127          60  0.985765073436871     
         128          61  0.949966716872378     
         129          61  0.955780273924541     
         130          62  0.961486727160532     
         131          62  0.959544179230905     
         132          63  0.961130694765819     
         133          63  0.966120054905861     
         134          64  0.951535157599569     
         135          65  0.967114895161020     
         136          65  0.972553838374247     
         137          65  0.971215247729375     
         138          66  0.983482352945446     
         139          66  0.981321424659308     
         140          66  0.978797677406136     
