  0.301132484054961     
  2.711906987236068E-002
 -2.944172991307870E-002
 -3.566886487798016E-002
 -2.714193139504317E-002
 -0.132360607507673     
  1.561928463787643E-002
 -1.548997500514293E-002
 -4.353366110987533E-002
  4.031094385392464E-002
 -0.104896173417114     
 -5.320653841372636E-002
 -5.332938262606035E-002
  0.205508335889646     
 -0.250211699273155     
 -0.134847044016258     
 -0.237254090499461     
  2.029748460738201E-002
 -2.771270346147681E-002
 -9.166872111215518E-002
  6.212503098818178E-002
 -7.359936043581783E-002
  0.146509327080796     
 -0.261571554857543     
 -8.888737454181594E-002
 -0.201571823199115     
  3.365276307176623E-002
 -6.770577308772729E-003
 -3.518707107603181E-002
  2.726933453662284E-002
 -9.012012642501244E-002
 -4.599143726404087E-002
 -9.745899132126112E-002
 -0.197698517460027     
  1.684372789613997E-002
  1.718767526429943E-002
 -2.140646589116457E-002
  1.822902140801830E-002
 -6.178100023188549E-002
  0.132120437447873     
 -0.253247114970940     
 -3.985720330929077E-002
  0.235759640598048     
 -0.256309839371045     
 -0.174760032361018     
  8.880785603662122E-003
  5.535754823030059E-002
 -7.300872116833546E-002
 -2.345905983956253E-002
 -9.229646046514350E-002
 -6.291939238610134E-002
 -6.841126927718033E-002
 -7.644927051728878E-002
 -5.139149909126672E-002
 -0.112686407848337     
 -4.295400194320020E-002
 -6.277509881771071E-002
 -0.105413794628308     
 -3.589289201965418E-002
 -0.103473502875090     
 -7.553980061635279E-002
 -5.905790272876299E-002
 -6.718169971075305E-002
 -2.664964362364053E-002
 -0.105024976961046     
 -0.107504439070554     
  5.720037786064536E-002
  6.049491800509377E-002
  5.890809199423885E-002
  6.170101513071369E-002
  3.666648012061025E-002
  3.604478173477133E-002
  3.209948601715829E-002
  3.850590721527780E-002
  4.660815608282287E-002
  3.693392699372688E-002
  4.704157057281777E-002
  6.238876364170831E-002
  6.047783914844562E-002
  5.142484734692487E-002
  4.843060792727039E-002
  4.961608531910577E-002
  5.333533143761204E-002
  5.179797600469360E-002
  5.943722194578138E-002
  5.216225156563548E-002
  3.671228761894785E-002
  4.314766579632523E-002
  4.041126994786093E-002
  4.424042502213787E-002
  4.348759605892982E-002
  4.386249649177465E-002
  2.993710229747626E-002
  3.682608014424094E-002
  5.109642092480993E-002
  4.696682926091666E-002
  5.621064204079307E-002
  5.536091948420807E-002
  5.610467575396028E-002
  5.057892825241284E-002
  5.275265343834923E-002
  5.313955421963490E-002
  6.718778377835799E-002
  3.610456248154958E-002
  4.233746493922952E-002
  3.980514768985710E-002
  4.053367261970375E-002
  3.391405792804159E-002
  4.269353104645146E-002
  2.687318678847872E-002
  3.557793122120301E-002
  3.576015696531576E-002
  3.280063999824456E-002
  1.990130802304235E-002
  3.561945554650270E-002
  3.217991313882007E-002
  3.164088149501054E-002
  4.478602721412661E-002
  4.943284782283697E-002
  4.281993468455969E-002
  3.215885445587541E-002
  3.236795666818282E-002
  3.115093671778879E-002
  4.260595067300299E-002
  4.079464560281099E-002
  3.573667443062267E-002
  3.185375105849908E-002
  3.721924575241542E-002
  3.202931011303856E-002
  5.085956302446615E-002
  3.120065826934693E-002
  3.364042034049608E-002
  3.513615396765590E-002
  3.309551755388584E-002
  2.981830268963437E-002
  4.075648674732013E-002
  3.236000354980884E-002
  3.193244142443075E-002
  3.306433438740020E-002
  3.128765757352592E-002
