 excitation energies, transition moments and TDA amplitudes
 state    eV      nm       fL        Rv(corr)
    1    2.267   546.9     0.5984    -4.5131    -0.75( 142-> 143)  0.46( 141-> 143) -0.31( 141-> 145)
    2    2.326   533.1     0.2537    -0.1608    -0.72( 141-> 143) -0.45( 142-> 143)  0.31( 142-> 145)
    3    2.937   422.1     0.0680    -0.2598     0.91( 140-> 143) -0.18( 142-> 144) -0.15( 140-> 144)
    4    3.470   357.3     0.0329     7.1545     0.69( 139-> 143)  0.51( 138-> 143) -0.30( 142-> 144)
    5    3.583   346.0     0.1659    36.0290    -0.84( 142-> 144) -0.21( 138-> 143) -0.18( 142-> 145)
    6    3.665   338.3     0.0816     3.2102    -0.61( 141-> 144) -0.49( 142-> 145)  0.24( 138-> 143)
    7    3.740   331.5     0.0100     0.8422     0.52( 135-> 143)  0.49( 136-> 143)  0.36( 134-> 143)
    8    3.907   317.3     0.0067    -6.8911     0.78( 142-> 147) -0.59( 142-> 148)  0.10( 138-> 143)
    9    3.998   310.1     0.0993    15.9558    -0.50( 138-> 143) -0.46( 141-> 144)  0.35( 139-> 143)
