           6           1  0.330980723676511     
           7           2   1.34539212641256     
           7           6   1.23066638680185     
           8           7  0.950971355463780     
           9           8  0.964606217175968     
          10           3   1.43928558870276     
          10           6   1.29927350769063     
          10           9  0.905874195411771     
          11           9  0.947036255154956     
          12           8  0.929386742732490     
          13          12  0.981324607138540     
          14          13  0.911784306374535     
          15          14   1.84472061481001     
          16          14   1.07548770962909     
          17           1  0.484303160551712     
          18           3   1.23697942003820     
          18          17   1.14223228111397     
          19          18   1.23969809303174     
          20          19   1.40091641999235     
          21           4   1.36998727857003     
          21          17   1.20931210997727     
          21          20   1.06751342481508     
          22          19  0.994642134771404     
          23          20   1.00469464828174     
          24          23   1.81968352920396     
          25          23  0.962848686699942     
          26           1  0.510763799371715     
          27           4   1.34328595207642     
          27          26   1.26433508035584     
          28          27  0.921584402553429     
          29          28  0.953290405680959     
          30           5   1.52872160242815     
          30          26   1.12800796541779     
          30          29  0.884098614798405     
          31          28  0.970802448147068     
          32          29  0.980646589988114     
          33          32  0.992236803541124     
          34           1  0.503758658212561     
          35           5   1.20878563352186     
          35          34   1.14401984926717     
          36          35   1.20779549907333     
          37          36   1.36334284083432     
          38           2   1.29008424896687     
          38          34   1.21363782848475     
          38          37   1.08616964637729     
          39          36  0.992147613811155     
          40          37   1.18365377831284     
          41          40   1.73131548171634     
          42           2  0.947294458575736     
          42          40  0.841573644070178     
          43          42  0.911544656726211     
          44          43   1.85051615537390     
          45          43   1.06301867782567     
          46          45  0.966778319200055     
          47          16  0.971270496529641     
          48          47  0.983618038859074     
          49          48   1.89251601005427     
          50          49  0.969672908730489     
          51          49  0.994342865736429     
          52          51  0.951633514044093     
          53          52  0.984484962555719     
          54          53  0.968161527975090     
          55          54  0.969894624544681     
          56          54  0.977957181729530     
          57          56  0.985763142027109     
          58          57  0.982285355018842     
          59          58  0.945402623558418     
          60          59   1.00254428903550     
          61          59  0.972438343616128     
          62          61  0.983181801611465     
          63          62  0.975160843902369     
          64          63  0.980318803770698     
          65          64  0.990265463529593     
          66          64  0.976551273940305     
          67           3  0.934737190783516     
          68           4  0.926745257915164     
          69           5  0.932080188366565     
          70           8  0.933827720522023     
          71           9  0.950466841964570     
          72          11  0.979586843626205     
          73          11  0.980678491805565     
          74          11  0.982429381267068     
          75          12  0.959420784035983     
          76          12  0.968407584189545     
          77          13  0.960658458549413     
          78          13  0.942785497657210     
          79          22  0.967567646104184     
          80          22  0.969667240388729     
          81          22  0.959320232243283     
          82          25  0.971414615327454     
          83          25  0.959420582440212     
          84          25  0.961800858071076     
          85          28  0.937281777977764     
          86          29  0.939604060566370     
          87          31  0.980319987970049     
          88          31  0.975459659023879     
          89          31  0.976555734030414     
          90          32  0.961152236343480     
          91          32  0.959498154047611     
          92          33  0.977088447454548     
          93          33  0.980308144216549     
          94          33  0.982683214858151     
          95          39  0.965151865666661     
          96          39  0.967769216856060     
          97          39  0.976146305477432     
          98          42  0.932611022058680     
          99          46  0.988984333514904     
         100          46  0.983999205339080     
         101          46  0.986561063525555     
         102          47  0.958822440401351     
         103          47  0.951529245807434     
         104          48  0.935821334888603     
         105          50  0.974867927183561     
         106          50  0.978316870124339     
         107          50  0.976298307623760     
         108          51  0.956474899861478     
         109          51  0.959377967232386     
         110          52  0.970396755838514     
         111          52  0.963843724873162     
         112          53  0.961062759401026     
         113          53  0.961833975513591     
         114          54  0.955093723985995     
         115          55  0.980327192253739     
         116          55  0.984335994809687     
         117          55  0.981696046285963     
         118          56  0.961807925653614     
         119          56  0.955470620140190     
         120          57  0.956968742929548     
         121          57  0.969447072629292     
         122          58  0.963558085165317     
         123          58  0.956547210007152     
         124          59  0.946933189608295     
         125          60  0.971758336661178     
         126          60  0.975327727757325     
         127          60  0.977800998476203     
         128          61  0.963787236306279     
         129          61  0.964391182380645     
         130          62  0.963771785619456     
         131          62  0.972400259127244     
         132          63  0.962934078342947     
         133          63  0.961211515896033     
         134          64  0.959323246084058     
         135          65  0.983066900555720     
         136          65  0.976887786589245     
         137          65  0.980006172976056     
         138          66  0.983881071563001     
         139          66  0.977042435921714     
         140          66  0.980098098420606     
