  0.304681630435923     
  2.448751034917152E-003
 -2.476912694189082E-002
 -3.158415743560283E-002
 -2.966816430016994E-002
 -0.140091701761243     
  2.475624986129388E-002
 -1.502412877606307E-002
 -1.856071553771166E-002
  2.869497494068662E-002
 -8.566106815973740E-002
 -5.556830396785450E-002
 -6.458165939962335E-002
  0.221900709691843     
 -0.265577747053444     
 -0.156205528620459     
 -0.193661904572576     
  3.986148812831569E-002
  2.111378796042374E-002
 -3.551257035803523E-002
  2.994415071234879E-002
 -7.262255145477425E-002
  0.147873976554360     
 -0.265959669378762     
 -9.767043819713717E-002
 -0.169189021849041     
  4.116435583759737E-002
 -3.254142998819276E-002
 -3.061566105404179E-002
 -5.101593005536031E-003
 -9.069128301315654E-002
 -5.314863138667736E-002
 -9.078515265877307E-002
 -0.197251035559258     
 -1.691142532499246E-002
 -4.625569539728058E-002
 -6.661896910437815E-002
  1.815578163454701E-002
 -5.404344269995764E-002
  0.146328641387147     
 -0.255433505717121     
 -2.980775580091688E-003
  0.206262436586567     
 -0.230037674937838     
 -0.163934861448568     
  8.353879348577564E-003
  4.772915493961971E-002
 -6.575434355824594E-002
 -1.308283239533470E-002
 -9.041961300636459E-002
 -5.526513512930631E-002
 -4.890411569194342E-002
 -8.662566103082625E-002
 -1.929197953554507E-002
 -0.115715274983473     
 -6.605040417689878E-002
 -6.987993686955285E-002
 -7.806186932447456E-002
 -4.753388123865498E-002
 -9.874325395305927E-002
 -9.414217567423844E-002
 -5.161537256967375E-002
 -5.197673017353566E-002
 -2.742733504250783E-002
 -0.103897919657983     
 -0.121132052862015     
  5.607666508910469E-002
  5.245981018548385E-002
  6.497405373107468E-002
  4.478385137461349E-002
  5.554636836455906E-002
  3.615101380265129E-002
  4.682020132448028E-002
  3.534010454099545E-002
  2.498716118633704E-002
  5.079817156036737E-002
  4.074905769790149E-002
  3.912859042729366E-002
  4.886173914326097E-002
  5.077604102162014E-002
  4.179827594367713E-002
  3.827614706896765E-002
  4.664250714089180E-002
  4.623104165901781E-002
  5.206498734830922E-002
  5.275807627156015E-002
  5.218553292962758E-002
  3.928403874216768E-002
  3.559883746853110E-002
  4.730281055945385E-002
  3.230106144183353E-002
  3.793849282285910E-002
  4.148937148533238E-002
  4.131012013705559E-002
  6.530714479967037E-002
  5.828182930243053E-002
  5.476644537580500E-002
  6.008027447462583E-002
  4.933543014862396E-002
  4.310017606649175E-002
  4.242869273206062E-002
  5.430461553493271E-002
  6.949146247864235E-002
  3.690233919259434E-002
  3.722825697053911E-002
  3.988822742441389E-002
  4.946250952907694E-002
  4.070274982271693E-002
  3.976670734116372E-002
  3.026226204582227E-002
  3.845981896206330E-002
  3.025453550610591E-002
  3.202896131562094E-002
  3.401271706099263E-002
  3.084704726832166E-002
  3.628494653877079E-002
  3.609790842004001E-002
  3.295491959847086E-002
  4.018902249364864E-002
  3.539107176708911E-002
  3.900153905632353E-002
  3.317028936826072E-002
  3.271613135142881E-002
  3.594448171227660E-002
  3.705472382511499E-002
  4.189181502808914E-002
  3.940431345814188E-002
  3.454270727596687E-002
  2.844840865382270E-002
  4.387578898985478E-002
  3.999530200441248E-002
  3.632744841431879E-002
  4.673524438491161E-002
  2.991289518658646E-002
  3.588920044918198E-002
  2.404614591229026E-002
  3.203758845783555E-002
  2.544848089118834E-002
  2.653728436697644E-002
  4.106552103278782E-002
