 excitation energies, transition moments and TDA amplitudes
 state    eV      nm       fL        Rv(corr)
    1    2.103   589.5     0.4369    -4.5863    -0.75( 143-> 144) -0.44( 142-> 144) -0.21( 142-> 145)
    2    2.244   552.5     0.2917    -0.1677     0.73( 142-> 144) -0.44( 143-> 144) -0.28( 143-> 146)
    3    2.584   479.8     0.0012    -4.5181     0.80( 143-> 145) -0.59( 143-> 147)  0.04( 141-> 144)
    4    3.072   403.6     0.0158    32.8695     0.75( 142-> 145) -0.63( 142-> 147) -0.10( 141-> 144)
    5    3.209   386.3     0.0058    -8.0715     0.81( 141-> 144) -0.31( 140-> 144) -0.30( 142-> 146)
    6    3.565   347.8     0.0116     0.7313    -0.42( 142-> 146)  0.41( 143-> 147) -0.36( 143-> 146)
    7    3.649   339.8     0.1265    -4.8047     0.53( 140-> 144) -0.47( 143-> 146)  0.35( 141-> 144)
    8    3.684   336.6     0.1994   -12.4482     0.61( 143-> 146)  0.44( 140-> 144) -0.29( 142-> 146)
    9    3.920   316.3     0.0556     3.5881    -0.41( 142-> 147)  0.40( 142-> 146) -0.33( 142-> 145)
