           6           1  0.345376084611527     
           7           2   1.37064938195478     
           7           6   1.27481715095464     
           8           7  0.939038703422229     
           9           8  0.968272061096760     
          10           3   1.43138370537422     
          10           6   1.24950474419251     
          10           9  0.891994625602306     
          11           9  0.977209139182584     
          12           8  0.917404000174962     
          13          12  0.993956414051027     
          14          13  0.912675526574517     
          15          14   1.83133702536881     
          16          14   1.10276831263084     
          17           1  0.583640805360844     
          18           3   1.25454489447313     
          18          17   1.12406150322990     
          19          18   1.21387626954855     
          20          19   1.40829748876855     
          21           4   1.31347715481971     
          21          17   1.20817696145689     
          21          20   1.07503338079379     
          22          19  0.982240679212666     
          23          20   1.04998911714689     
          24          23   1.78572956329035     
          25          23  0.966300982492278     
          26           1  0.360747392336841     
          27           4   1.34272727616017     
          27          26   1.29602598876265     
          28          27  0.935705453694496     
          29          28  0.932346659190631     
          30           5   1.40501355338108     
          30          26   1.22256438352725     
          30          29  0.929391565359762     
          31          28  0.961513004477239     
          32          29  0.951558012674421     
          33          32  0.998340815190472     
          34           1  0.493685178341456     
          35           5   1.35001087600369     
          35          34   1.09672144446728     
          36          35   1.11670727311062     
          37          36   1.43472508929787     
          38           2   1.19662882867200     
          38          34   1.28194673009888     
          38          37   1.10697967456530     
          39          36  0.977443251763512     
          40          37   1.07619877077615     
          41          40   1.76777371819257     
          42           2   1.00836503084944     
          42          40  0.901163142661528     
          43          42  0.861129180604788     
          44          43   1.86833443636352     
          45          43   1.03058573988051     
          46          45  0.989784994043437     
          47          16  0.932543236337405     
          48          47  0.980994058189389     
          49          48   1.91656905429679     
          50          49  0.975610550547999     
          51          49  0.942458702399097     
          52          51  0.996118125644279     
          53          52  0.982884193309593     
          54          53  0.962362206628698     
          55          54  0.985964775070632     
          56          54  0.985497143968083     
          57          56  0.971499096505521     
          58          57  0.978046711054882     
          59          58  0.983667990412494     
          60          59  0.966674270285375     
          61          59  0.961184959689511     
          62          61  0.975757322686088     
          63          62  0.984261029038557     
          64          63  0.973805412611416     
          65          64  0.986777504853664     
          66          64  0.986612663994196     
          67           3  0.933926485934529     
          68           4  0.934213642735604     
          69           5  0.930040291243908     
          70           8  0.935604129145543     
          71           9  0.947082484585960     
          72          11  0.973952663326867     
          73          11  0.967883600930657     
          74          11  0.979896455482354     
          75          12  0.965548126503678     
          76          12  0.956972245901878     
          77          13  0.955245429138095     
          78          13  0.956500062333217     
          79          22  0.967440803198946     
          80          22  0.970080200596047     
          81          22  0.975620394104796     
          82          25  0.958300806485850     
          83          25  0.960187992758020     
          84          25  0.970515682176495     
          85          28  0.942105517859978     
          86          29  0.941200214445348     
          87          31  0.973395333580899     
          88          31  0.979533488216231     
          89          31  0.982279691978464     
          90          32  0.966134655885819     
          91          32  0.969206254515432     
          92          33  0.981211604232191     
          93          33  0.983866141247123     
          94          33  0.979414157329549     
          95          39  0.966651384769164     
          96          39  0.965124215938318     
          97          39  0.978886469903230     
          98          42  0.922757077315495     
          99          46  0.986362851190134     
         100          46  0.978351496502305     
         101          46  0.983467056518106     
         102          47  0.963196212135219     
         103          47  0.967525095465199     
         104          48  0.937001709713158     
         105          50  0.972240186481362     
         106          50  0.980794123988597     
         107          50  0.966812037576662     
         108          51  0.957107016185869     
         109          51  0.949493785832932     
         110          52  0.965839215112731     
         111          52  0.957302027107347     
         112          53  0.957959033182782     
         113          53  0.964816366234819     
         114          54  0.948575685875120     
         115          55  0.978015631269332     
         116          55  0.974732816100851     
         117          55  0.974482646805778     
         118          56  0.959812356114949     
         119          56  0.960323388869122     
         120          57  0.969393089763732     
         121          57  0.968925814312176     
         122          58  0.958804876951058     
         123          58  0.960533808619307     
         124          59  0.951160871804450     
         125          60  0.981623718717324     
         126          60  0.983165563696956     
         127          60  0.980110863836727     
         128          61  0.960322697288495     
         129          61  0.964760346004393     
         130          62  0.963072732133201     
         131          62  0.966012872543147     
         132          63  0.963640001458962     
         133          63  0.958958628466102     
         134          64  0.956244846995866     
         135          65  0.981098176372836     
         136          65  0.979345760820876     
         137          65  0.975695079451241     
         138          66  0.979104835835427     
         139          66  0.981985258864730     
         140          66  0.977071568770635     
