  0.319225148285523     
  2.147626728005259E-002
 -1.453710801808761E-002
 -4.915739418116516E-002
 -6.019209712826790E-002
 -0.166171924446167     
  4.647540191550092E-002
 -8.035718978472772E-003
 -1.747634062019809E-002
  3.574695675403117E-002
 -0.117165826791465     
 -6.051815423333107E-002
 -3.263388088264740E-002
  0.203239455214359     
 -0.309671601999030     
 -0.157774286273257     
 -0.211411000788834     
  1.613697702293404E-002
 -1.705342012365207E-002
 -5.776718539065051E-002
  5.178515247825066E-002
 -8.050757962783095E-002
  0.135790945282956     
 -0.253776274845325     
 -8.059225933817071E-002
 -0.180253984826990     
  4.444254187648777E-002
 -7.708871166039799E-003
 -1.894515773138306E-002
  3.118196110664950E-002
 -8.207158656225033E-002
 -6.802952165900233E-002
 -8.012488561797060E-002
 -0.205438090102716     
  1.911566438796442E-002
 -1.226476741368554E-002
 -5.365324801129479E-002
  4.109906849913392E-002
 -5.659007562520912E-002
  0.137255619060336     
 -0.241767494924423     
 -1.679554723605836E-002
  0.217602325523202     
 -0.293999705289663     
 -0.134756091349226     
  1.401329077299573E-002
  4.425897786119526E-002
 -7.183497878537359E-002
 -2.876017975913925E-002
 -8.580402209031401E-002
 -6.533463442402798E-002
 -5.038460634712649E-002
 -7.424230055656711E-002
 -3.291521335106928E-002
 -0.113688295012562     
 -7.026314636065845E-002
 -6.431426242427829E-002
 -8.063442942034893E-002
 -1.930558443513419E-002
 -0.100576407444025     
 -7.680787249879550E-002
 -6.555739214948364E-002
 -6.188357460551597E-002
 -2.714407196400792E-002
 -9.679591739593096E-002
 -0.107990148921973     
  5.155397700107733E-002
  5.681512361097807E-002
  5.377901488672199E-002
  5.177211651386449E-002
  4.316500252292788E-002
  3.827678379815358E-002
  2.944099068135797E-002
  3.258172274406002E-002
  3.242623338785278E-002
  4.692846527903127E-002
  4.756874148699675E-002
  7.361909603088168E-002
  4.440254091998508E-002
  4.975412089854103E-002
  4.544816569633181E-002
  4.641322666798131E-002
  6.403289933483769E-002
  5.381309616246177E-002
  5.538598675694595E-002
  5.273568326686584E-002
  3.666703142424677E-002
  4.027875258845282E-002
  4.591551288160733E-002
  3.349209840886214E-002
  3.067342072084323E-002
  4.593944081856061E-002
  3.793793595914952E-002
  3.590582694717437E-002
  6.373914408134407E-002
  4.648374712376135E-002
  5.141415275368832E-002
  6.856381244623200E-002
  5.733822745962347E-002
  4.734876733257098E-002
  4.208075553758661E-002
  5.920143720703297E-002
  5.460070010923423E-002
  3.439306215915827E-002
  3.929345519458416E-002
  4.480062053574219E-002
  4.602806368444268E-002
  3.774093769023912E-002
  3.598242065158663E-002
  4.190622859339410E-002
  3.185772115560115E-002
  4.719500995776005E-002
  3.574543067540603E-002
  4.026711801036742E-002
  3.733544900451014E-002
  2.718074130135517E-002
  2.923721422448278E-002
  3.308203767212237E-002
  3.120293901046733E-002
  3.514483053658024E-002
  3.824921661275160E-002
  2.706146196314663E-002
  3.011571382037070E-002
  3.873478198945923E-002
  3.028063832771111E-002
  4.238354722783966E-002
  3.743958266093861E-002
  2.527759495922766E-002
  4.717012773928997E-002
  2.919012228413176E-002
  3.454544593575026E-002
  2.700599515980107E-002
  2.605543510607200E-002
  2.939572039284588E-002
  4.063270513974582E-002
  3.335333426245657E-002
  2.858809382356509E-002
  3.102350466866111E-002
  3.258538088934793E-002
  3.725693133851526E-002
