 excitation energies, transition moments and TDA amplitudes
 state    eV      nm       fL        Rv(corr)
    1    2.216   559.4     0.6470     7.6321     0.87( 141-> 142)  0.37( 140-> 144)  0.19( 140-> 143)
    2    2.455   505.1     0.1257    -4.1122    -0.83( 140-> 142)  0.44( 141-> 144)  0.24( 141-> 143)
    3    3.431   361.3     0.0171    16.3482     0.94( 139-> 142) -0.16( 140-> 143)  0.15( 136-> 142)
    4    3.650   339.7     0.0258    -4.8801    -0.73( 138-> 142)  0.40( 141-> 143)  0.28( 141-> 144)
    5    3.675   337.3     0.0016   -15.6569    -0.72( 141-> 143)  0.45( 141-> 144) -0.30( 138-> 142)
    6    3.862   321.1     0.0469    14.6827    -0.58( 141-> 145)  0.57( 141-> 146)  0.30( 138-> 142)
    7    4.027   307.9     0.0193   -14.5789    -0.79( 140-> 143)  0.33( 140-> 144)  0.29( 141-> 143)
    8    4.097   302.6     0.1901     2.2911     0.51( 141-> 146)  0.34( 135-> 142) -0.33( 136-> 142)
    9    4.160   298.1     1.2137    19.5738    -0.44( 140-> 145)  0.42( 141-> 145)  0.41( 140-> 144)
