 excitation energies, transition moments and TDA amplitudes
 state    eV      nm       fL        Rv(corr)
    1    2.282   543.2     0.8107     8.9622    -0.88( 143-> 144) -0.41( 142-> 146)  0.10( 142-> 144)
    2    2.403   515.9     0.1213    -0.7808     0.84( 142-> 144) -0.42( 143-> 146) -0.21( 141-> 144)
    3    3.090   401.2     0.0193     8.4816     0.94( 141-> 144) -0.18( 143-> 146)  0.13( 142-> 144)
    4    3.687   336.3     0.0795    16.3287     0.58( 143-> 145)  0.55( 140-> 144)  0.38( 139-> 144)
    5    3.693   335.7     0.0139     1.4176    -0.70( 143-> 145)  0.56( 140-> 144) -0.20( 143-> 146)
    6    3.803   326.1     0.0033     0.6486    -0.66( 137-> 144)  0.53( 139-> 144) -0.30( 140-> 144)
    7    3.893   318.5     0.0279   -20.4514    -0.52( 136-> 144) -0.44( 135-> 144) -0.29( 136-> 145)
    8    3.923   316.0     0.1205     2.5049    -0.64( 143-> 148) -0.45( 143-> 147) -0.32( 143-> 146)
    9    4.075   304.2     0.4546     6.4401     0.46( 142-> 147)  0.43( 143-> 146) -0.34( 143-> 147)
