  0.299744646562101     
  2.375743604340785E-002
 -2.405333420180522E-002
 -3.271071783576573E-002
 -1.628286348289798E-002
 -0.120827943343699     
  4.612902342645597E-002
 -2.254295802852724E-002
 -1.951657765175785E-002
  8.868605402029495E-003
 -0.100660254222353     
 -4.694717727410413E-002
 -5.448341970380444E-002
  0.225748386539489     
 -0.272982951405178     
 -0.167268330127101     
 -0.225866901501926     
 -1.122619017928983E-002
 -2.119510264755053E-002
 -6.766150421092121E-002
  1.990874194051928E-002
 -7.764856730656700E-002
  0.161013727499977     
 -0.234418641233185     
 -0.108607809868248     
 -0.178008556773694     
  3.398716270000168E-002
 -2.411505201060127E-002
 -3.482205474566857E-002
  4.336412884633489E-002
 -8.057139354589893E-002
 -7.301856946938923E-002
 -8.974453709239683E-002
 -0.219243806493150     
  2.267747938009146E-002
  1.701713335972910E-002
 -5.861679023667588E-002
  3.589321353053121E-002
 -6.595413466466482E-002
  0.151795904204727     
 -0.229201174875341     
 -4.111160526500246E-002
  0.201221339501210     
 -0.264968486449829     
 -0.133295048428576     
  1.734838480508394E-002
  4.459067320932819E-002
 -7.492260234321613E-002
 -1.293533680910919E-002
 -8.588789753572801E-002
 -7.047178722236858E-002
 -6.406446497163909E-002
 -7.183826741074295E-002
 -3.371898420086694E-002
 -8.425498244113250E-002
 -8.150203319869131E-002
 -6.977383482800370E-002
 -7.023306788002071E-002
 -6.862203357154151E-003
 -0.100735799852623     
 -6.783845426144719E-002
 -4.834564761360483E-002
 -6.729854438511573E-002
 -3.090446335963293E-002
 -0.108580365797931     
 -0.100058661013865     
  5.573134265737822E-002
  5.914210653460761E-002
  5.169583828935798E-002
  5.823474118157901E-002
  5.564679947922369E-002
  4.099673727008069E-002
  4.041194761456934E-002
  2.707893916717063E-002
  3.832220654125795E-002
  4.416153989322447E-002
  5.422521070574138E-002
  3.548269361659506E-002
  5.306715843384668E-002
  4.501820956111136E-002
  6.057610278996584E-002
  4.839763142997522E-002
  3.719666078089567E-002
  5.115306834056788E-002
  6.209528674284348E-002
  4.590763525918640E-002
  3.463318845558516E-002
  4.990124052512301E-002
  4.687039852036212E-002
  3.107410169685754E-002
  2.855432059849938E-002
  2.754537290126591E-002
  5.371518718748614E-002
  5.157232333781514E-002
  4.531476325055872E-002
  4.266894660241383E-002
  5.454144227548063E-002
  6.836051076195027E-002
  5.109627354070279E-002
  4.437019643786311E-002
  4.954950498237243E-002
  6.317580169151049E-002
  5.594042156242796E-002
  2.626745259012597E-002
  4.277470644098846E-002
  4.808124627562160E-002
  4.127055665914825E-002
  4.528817640569838E-002
  3.727718270594027E-002
  3.427406213294759E-002
  2.670303370734184E-002
  2.898199877087249E-002
  3.489779898278755E-002
  3.480840754194992E-002
  3.576825471041400E-002
  4.207492615954733E-002
  4.085490883259890E-002
  2.772841423536043E-002
  2.594826843729925E-002
  2.904248456054315E-002
  2.798331455215952E-002
  2.777055035264209E-002
  3.743205121238546E-002
  3.962326248795611E-002
  2.804260805152359E-002
  3.115706897396553E-002
  2.955903707674279E-002
  3.765915110418061E-002
  2.741131870667790E-002
  3.569102873370844E-002
  4.059663423317472E-002
  2.901533566356140E-002
  3.387238982979457E-002
  2.284613544430714E-002
  3.134378186391384E-002
  2.742178932165640E-002
  3.981260178961021E-002
  3.708254661602362E-002
  2.585813644100254E-002
  3.908739358577240E-002
