 excitation energies, transition moments and TDA amplitudes
 state    eV      nm       fL        Rv(corr)
    1    2.318   534.9     0.8377    -9.7759     0.87( 143-> 144) -0.37( 142-> 146) -0.17( 142-> 144)
    2    2.421   512.0     0.1341    -8.6021    -0.85( 142-> 144) -0.37( 143-> 146) -0.19( 140-> 144)
    3    3.183   389.6     0.0499    -9.5507    -0.95( 141-> 144)  0.14( 140-> 144) -0.11( 140-> 145)
    4    3.595   344.9     0.0168     1.5165    -0.64( 140-> 144)  0.51( 143-> 146) -0.36( 143-> 148)
    5    3.752   330.4     0.1320     3.4657    -0.62( 143-> 148)  0.57( 140-> 144) -0.45( 143-> 147)
    6    3.798   326.4     0.1155    16.4751     0.63( 143-> 145)  0.49( 139-> 144)  0.33( 137-> 144)
    7    3.849   322.2     0.0239     0.3255     0.59( 143-> 145) -0.45( 139-> 144) -0.45( 137-> 144)
    8    4.073   304.4     0.3797   -71.2721     0.55( 142-> 146)  0.41( 142-> 145) -0.39( 142-> 148)
    9    4.128   300.4     0.2288    29.8719     0.47( 143-> 146) -0.40( 142-> 145)  0.33( 143-> 147)
