           6           1  0.377122398839814     
           7           2   1.37920371706030     
           7           6   1.31312978376511     
           8           7  0.911454463738574     
           9           8  0.968418494586619     
          10           3   1.56339205311844     
          10           6   1.17064591272298     
          10           9  0.874228979281878     
          11           9  0.961458451872979     
          12           8  0.933871732397192     
          13          12   1.00412147745441     
          14          13  0.910533071064653     
          15          14   1.84374657007259     
          16          14   1.08222127718192     
          17           1  0.504477715152430     
          18           3   1.17796489217299     
          18          17   1.21267726580303     
          19          18   1.15939209156061     
          20          19   1.45925945656189     
          21           4   1.35218342263040     
          21          17   1.15012658822059     
          21          20   1.09969115582241     
          22          19   1.00872909405697     
          23          20  0.975518962877000     
          24          23   1.82975126193335     
          25          23  0.987053144538464     
          26           1  0.456345130815135     
          27           4   1.37401302153669     
          27          26   1.26810741935609     
          28          27  0.934818979543423     
          29          28  0.945543818557839     
          30           5   1.46221101949028     
          30          26   1.16144446848939     
          30          29  0.946335242145191     
          31          28  0.966223689802697     
          32          29  0.934517243847647     
          33          32   1.00123405649262     
          34           1  0.501102148556427     
          35           5   1.27179586516311     
          35          34   1.08833605737864     
          36          35   1.24788864117820     
          37          36   1.28901086596165     
          38           2   1.21410027064960     
          38          34   1.22656452301534     
          38          37   1.20361344298198     
          39          36   1.01754059104316     
          40          37   1.05757500817727     
          41          40   1.82850098493373     
          42           2  0.949544945806199     
          42          40  0.851389822710227     
          43          42  0.903426089365987     
          44          43   1.79487846006522     
          45          43   1.10597877222679     
          46          45  0.972591493199444     
          47          16  0.935434999195806     
          48          47  0.998092221479000     
          49          48   1.89900791731056     
          50          49  0.974444730870625     
          51          49  0.970113738434175     
          52          51  0.947120982453548     
          53          52  0.996237629136484     
          54          53  0.958842133175243     
          55          54   1.00306150522779     
          56          54  0.943846434362941     
          57          56   1.00388981080882     
          58          57  0.961655067412322     
          59          58  0.971341799218761     
          60          59   1.01509050263289     
          61          59  0.950514015262684     
          62          61  0.992321489008896     
          63          62  0.982991107498289     
          64          63  0.970475903327256     
          65          64  0.967398622949167     
          66          64  0.991288373312788     
          67           3  0.929125511704125     
          68           4  0.925735062322436     
          69           5  0.932381841439543     
          70           8  0.936322321480173     
          71           9  0.951006612343449     
          72          11  0.976088603431049     
          73          11  0.978289018157014     
          74          11  0.981227356968226     
          75          12  0.962098642331326     
          76          12  0.953547925139590     
          77          13  0.938492241460988     
          78          13  0.962540294955816     
          79          22  0.968760462270916     
          80          22  0.964537497985475     
          81          22  0.955962367440172     
          82          25  0.945824600490485     
          83          25  0.965309459223742     
          84          25  0.954660632778957     
          85          28  0.935768170678623     
          86          29  0.940359829243405     
          87          31  0.976429424951118     
          88          31  0.976341796722274     
          89          31  0.975449269500195     
          90          32  0.968238525127092     
          91          32  0.969893096655986     
          92          33  0.981615442382827     
          93          33  0.978520707570481     
          94          33  0.982251098385989     
          95          39  0.969977389090471     
          96          39  0.969999193625129     
          97          39  0.955439371591672     
          98          42  0.925511867331832     
          99          46  0.980133311460002     
         100          46  0.983619242884443     
         101          46  0.987170690982672     
         102          47  0.957519295845934     
         103          47  0.968683228384739     
         104          48  0.940466560841367     
         105          50  0.973300392021450     
         106          50  0.972743852140618     
         107          50  0.974297908681569     
         108          51  0.956849800166619     
         109          51  0.968090528810417     
         110          52  0.967192478994969     
         111          52  0.971176998433340     
         112          53  0.968620558757145     
         113          53  0.963710729941255     
         114          54  0.949331826622488     
         115          55  0.971098944609320     
         116          55  0.975403911531550     
         117          55  0.975980321471208     
         118          56  0.967569216510753     
         119          56  0.961963226225991     
         120          57  0.968234829130715     
         121          57  0.973450295046456     
         122          58  0.971249502095110     
         123          58  0.960058441551069     
         124          59  0.945007750267078     
         125          60  0.973235373261730     
         126          60  0.969705227328975     
         127          60  0.977391137611194     
         128          61  0.966381164473852     
         129          61  0.971026654133480     
         130          62  0.969512422576245     
         131          62  0.971047557428309     
         132          63  0.965856857097876     
         133          63  0.962392123810668     
         134          64  0.962190337100855     
         135          65  0.981086522602012     
         136          65  0.982782333145709     
         137          65  0.983160625777088     
         138          66  0.978169916293416     
         139          66  0.980978650992051     
         140          66  0.976091662068444     
