  0.331790949120297     
  1.092843000195076E-002
 -3.868384923687529E-002
 -4.386146289258619E-002
 -3.040292054123839E-002
 -0.154803043892403     
  2.964474337387957E-002
 -3.717651257662347E-002
 -2.294405151446188E-002
  3.250035757164227E-002
 -9.800456021092874E-002
 -4.747908640054010E-002
 -5.629743084015271E-002
  0.221954902956636     
 -0.233036761171337     
 -0.163757191896605     
 -0.213989967937168     
  1.266660107410011E-002
 -3.807796544557629E-002
 -7.305037475720244E-002
  5.093294730906850E-002
 -7.959925533391221E-002
  0.168464703669754     
 -0.253209585199299     
 -8.523288206960800E-002
 -0.172537109206237     
  3.731117890916380E-002
 -1.581654023238510E-002
 -2.724641461733590E-002
  4.156329722235341E-002
 -8.492872962224052E-002
 -4.883953936247210E-002
 -0.104526534740443     
 -0.204437549953933     
  3.605368880873838E-002
 -8.061336941418418E-004
 -5.740966577297257E-002
  2.623883235043101E-002
 -5.639475269017513E-002
  0.168423511645079     
 -0.225168045415637     
 -2.493181647641052E-002
  0.226177200792870     
 -0.280385834026349     
 -0.174715610794157     
  2.204444426787688E-003
  4.272910229063509E-002
 -8.966957753461902E-002
 -3.392890826361494E-002
 -9.080811535031508E-002
 -5.639953698164657E-002
 -6.244408783827549E-002
 -5.846673121420753E-002
 -4.528351207551928E-002
 -0.125853987548505     
 -7.074796924735161E-002
 -6.319369096851446E-002
 -6.944592171030362E-002
 -1.942631335709954E-002
 -0.102503508569918     
 -6.616603047089420E-002
 -6.945831879678810E-002
 -8.072818576400831E-002
 -1.763043225493544E-002
 -0.146591190893217     
 -8.315109713497915E-002
  6.149404121820423E-002
  5.719221450575385E-002
  5.244481830727443E-002
  4.957415895791872E-002
  4.630210521386557E-002
  3.761554879652718E-002
  3.367895182317771E-002
  3.662940547921945E-002
  3.511515837423340E-002
  4.990950025900009E-002
  5.354734343199463E-002
  4.287733248127890E-002
  4.820670215797429E-002
  5.257274559051173E-002
  4.874246366733737E-002
  4.980156026345661E-002
  5.118596457687286E-002
  5.334803946934819E-002
  5.060972383154860E-002
  4.878463314326231E-002
  4.836795709748565E-002
  3.418924163859294E-002
  3.454851881802345E-002
  3.910950658538082E-002
  4.232181524232825E-002
  3.556650140019957E-002
  2.059168772622699E-002
  3.928116035619844E-002
  4.802500377195573E-002
  5.554186733761501E-002
  5.512862965680954E-002
  5.882164142214674E-002
  4.142055643667364E-002
  4.594587381650961E-002
  5.946956666570258E-002
  5.103652528801439E-002
  6.526590634104545E-002
  2.027463964965348E-002
  4.606738865809967E-002
  3.846625224408973E-002
  4.339739555616773E-002
  4.355670226116826E-002
  4.102996596370134E-002
  3.611758393226383E-002
  3.891642046802302E-002
  4.775730375364662E-002
  3.884645789877617E-002
  3.833733434201614E-002
  3.400880289816877E-002
  3.856891306169963E-002
  2.368233030026001E-002
  3.084234839215549E-002
  3.532254414955605E-002
  2.894603702491205E-002
  3.630501799543884E-002
  3.487778869725777E-002
  3.176213431742092E-002
  3.954513795300163E-002
  3.470569202160412E-002
  2.880803736081483E-002
  3.171981448315953E-002
  3.748641535347641E-002
  3.793651378731167E-002
  3.895553755364667E-002
  4.063364867253771E-002
  2.777562579284898E-002
  3.073494035777646E-002
  5.117196432881255E-002
  2.385066247408807E-002
  3.142425055494757E-002
  2.845686846646978E-002
  3.308217018075776E-002
  4.566170491152755E-002
  3.676668600588873E-002
