 excitation energies, transition moments and TDA amplitudes
 state    eV      nm       fL        Rv(corr)
    1    2.284   542.9     0.3680    -1.5647    -0.64( 140-> 142)  0.59( 141-> 142)  0.26( 141-> 144)
    2    2.331   531.8     0.4678   -11.1257     0.65( 141-> 142)  0.58( 140-> 142)  0.27( 140-> 144)
    3    3.230   383.8     0.0144   -28.1781    -0.93( 139-> 142) -0.14( 140-> 143)  0.14( 141-> 143)
    4    3.608   343.6     0.0422    -0.6561     0.58( 138-> 142)  0.46( 136-> 142) -0.35( 141-> 145)
    5    3.733   332.2     0.0600     3.7321     0.66( 141-> 145)  0.51( 141-> 143)  0.33( 141-> 144)
    6    3.767   329.2     0.1975     9.6001     0.50( 141-> 143) -0.48( 141-> 145)  0.32( 140-> 145)
    7    3.847   322.3     0.0216   -31.9880    -0.56( 140-> 143) -0.45( 140-> 144) -0.45( 140-> 145)
    8    3.893   318.5     0.1159    62.8923    -0.68( 140-> 145)  0.39( 140-> 143)  0.29( 141-> 143)
    9    3.985   311.2     0.0077    -2.1762     0.53( 134-> 142) -0.44( 133-> 142) -0.29( 140-> 143)
