           6           1  0.342191376555494     
           7           2   1.39092998653097     
           7           6   1.26745637820539     
           8           7  0.914657249342615     
           9           8  0.950436715412862     
          10           3   1.42456279023939     
          10           6   1.26124086690047     
          10           9  0.909961982366102     
          11           9  0.976338687384801     
          12           8  0.941968816050916     
          13          12   1.00469996855340     
          14          13  0.906014869145795     
          15          14   1.89459418940482     
          16          14   1.02311714206130     
          17           1  0.504940157622455     
          18           3   1.25439839799235     
          18          17   1.18357350575060     
          19          18   1.12537091519524     
          20          19   1.47860706339197     
          21           4   1.29557257877054     
          21          17   1.22136254774187     
          21          20   1.07590950917251     
          22          19  0.999784261635574     
          23          20  0.975119726551160     
          24          23   1.83885437638708     
          25          23  0.982067466678027     
          26           1  0.407773713340415     
          27           4   1.37528281121980     
          27          26   1.30503351389295     
          28          27  0.898869592724450     
          29          28  0.968737764300782     
          30           5   1.54373598461579     
          30          26   1.16661081465327     
          30          29  0.906023879185115     
          31          28  0.974439141188463     
          32          29  0.947908717652008     
          33          32  0.995012474281778     
          34           1  0.507511451967955     
          35           5   1.19661678436081     
          35          34   1.20367302355812     
          36          35   1.20192793951862     
          37          36   1.29763022373164     
          38           2   1.19691496214739     
          38          34   1.16422347413514     
          38          37   1.21892513081180     
          39          36   1.01385653235611     
          40          37   1.09007146722916     
          41          40   1.83741136205585     
          42           2  0.926795792699549     
          42          40  0.814612685536754     
          43          42   1.00162572448800     
          44          43   1.78208048595310     
          45          43   1.03445710624187     
          46          45  0.977989592097322     
          47          16  0.967020271623900     
          48          47  0.980789080182138     
          49          48   1.89124904948490     
          50          49  0.995231886683457     
          51          49  0.962199341961176     
          52          51  0.951261260410371     
          53          52   1.00145745736514     
          54          53  0.962150075981603     
          55          54  0.970930417819561     
          56          54  0.979042151673201     
          57          56  0.976476643360828     
          58          57  0.989552148733789     
          59          58  0.940272563289584     
          60          59  0.994265313521473     
          61          59  0.988693849074804     
          62          61  0.981240116971668     
          63          62  0.970054133980844     
          64          63  0.988811955050177     
          65          64  0.964862269304664     
          66          64  0.991723686440706     
          67           3  0.928716233681308     
          68           4  0.936141289293923     
          69           5  0.933936975099108     
          70           8  0.937647216407804     
          71           9  0.945042823614506     
          72          11  0.976282643734228     
          73          11  0.980794924050298     
          74          11  0.977189257406481     
          75          12  0.958687647968895     
          76          12  0.953652247790124     
          77          13  0.944946588670453     
          78          13  0.957471906906383     
          79          22  0.959918008194269     
          80          22  0.967489624199343     
          81          22  0.963158704553664     
          82          25  0.953193385719510     
          83          25  0.969113387432775     
          84          25  0.956671136205798     
          85          28  0.945306070434509     
          86          29  0.940784616584920     
          87          31  0.973583363359721     
          88          31  0.977599251653394     
          89          31  0.978970274464332     
          90          32  0.967532750099531     
          91          32  0.967827751821991     
          92          33  0.982125674579226     
          93          33  0.983761962073097     
          94          33  0.983243633670427     
          95          39  0.974106650592803     
          96          39  0.964798199338298     
          97          39  0.957834574276902     
          98          42  0.928000230482639     
          99          46  0.988691438482207     
         100          46  0.986695183880062     
         101          46  0.975414501016243     
         102          47  0.959345623087707     
         103          47  0.956163690656979     
         104          48  0.944867556605931     
         105          50  0.972288877835635     
         106          50  0.970815045769008     
         107          50  0.966681554998651     
         108          51  0.962201067975691     
         109          51  0.965539013953710     
         110          52  0.968473304199529     
         111          52  0.962259905990874     
         112          53  0.957702776759205     
         113          53  0.967502950116062     
         114          54  0.952774135010160     
         115          55  0.980120843581165     
         116          55  0.978649120161851     
         117          55  0.986217970496629     
         118          56  0.964679740089519     
         119          56  0.964089237956287     
         120          57  0.972870796709619     
         121          57  0.968594864590242     
         122          58  0.968484536610714     
         123          58  0.969061320521628     
         124          59  0.948088400424168     
         125          60  0.977609154090434     
         126          60  0.982085897870100     
         127          60  0.973518002565326     
         128          61  0.957993443341816     
         129          61  0.959997779290060     
         130          62  0.967449074564125     
         131          62  0.965160163077987     
         132          63  0.965728132168614     
         133          63  0.958795106515739     
         134          64  0.953159927621240     
         135          65  0.981032312491372     
         136          65  0.974656250093312     
         137          65  0.979074074582042     
         138          66  0.979544291073444     
         139          66  0.977194601449719     
         140          66  0.974574959365678     
