  0.296024707836036     
  3.766187128245013E-002
 -2.805152427618562E-002
 -2.413729738102877E-002
 -1.880006905645981E-002
 -0.134920021756688     
  4.955043814652882E-002
 -2.637494546335706E-002
 -2.833175094733331E-002
  8.994618952274713E-003
 -9.416148180658634E-002
 -6.895427774439344E-002
 -6.465295477790267E-002
  0.215182659014303     
 -0.246129924384038     
 -0.148666651657413     
 -0.217037603604087     
 -1.098761217664812E-002
 -1.900977592593556E-002
 -4.626659256083165E-002
  4.601909224152312E-002
 -5.792904352664241E-002
  0.133338993861242     
 -0.239840970134484     
 -0.111663330644651     
 -0.171678786985566     
  2.018661239045771E-002
 -1.287466191566455E-002
 -2.725130353321426E-002
  3.963495509196946E-002
 -8.766544044096491E-002
 -4.123720486726956E-002
 -9.954606955745060E-002
 -0.212238235506828     
  4.074498934600612E-002
 -8.312614258761286E-003
 -6.997689886487102E-002
  4.851985641460388E-002
 -5.992620906985824E-002
  0.139666350529310     
 -0.229991902311426     
 -2.782460809309217E-002
  0.188582248763518     
 -0.302347906368804     
 -0.128245835408809     
  3.498923419025557E-002
  3.957267589592206E-002
 -8.449376506456829E-002
 -2.071494590046541E-002
 -9.774307675499827E-002
 -6.726864025018209E-002
 -6.017624324959048E-002
 -7.955341023837192E-002
 -1.190815962918546E-002
 -0.105146830786484     
 -6.532465782979902E-002
 -7.461076644002684E-002
 -6.242242653160535E-002
 -2.864607931284802E-002
 -0.101788720891380     
 -6.821769898698893E-002
 -7.745119857830662E-002
 -6.897399142370464E-002
 -2.656213861276235E-002
 -0.113391988558550     
 -9.911229897484652E-002
  5.534527560304536E-002
  6.099907533638460E-002
  5.476308579361611E-002
  5.064703904934953E-002
  4.982630452824111E-002
  3.088873044865392E-002
  4.174970597119221E-002
  4.606469380496314E-002
  3.317819175604320E-002
  3.311803041856287E-002
  3.851817632294796E-002
  4.332209828524802E-002
  5.336903489925382E-002
  5.479116673365592E-002
  5.837705776726487E-002
  4.260607866259436E-002
  4.066732235234172E-002
  4.313533568011885E-002
  5.763535232541395E-002
  4.812153912614503E-002
  3.591784608987136E-002
  3.871277521665584E-002
  4.167956984135579E-002
  4.362701032475091E-002
  4.295660638338727E-002
  4.670930590149602E-002
  2.822880803303063E-002
  3.124491683056840E-002
  4.773827854229806E-002
  5.323713370673588E-002
  5.162510148583610E-002
  6.607471027753353E-002
  6.364090506664999E-002
  6.114209012503025E-002
  4.522412641484463E-002
  6.370443568996054E-002
  4.645625597801228E-002
  2.690173946561114E-002
  4.018847385714031E-002
  3.777455058015433E-002
  5.290173500580353E-002
  4.316950405191733E-002
  3.824456530214593E-002
  4.201508743208804E-002
  4.018414280043636E-002
  3.414288245149466E-002
  3.693843884456471E-002
  4.006439184323407E-002
  3.709655553711932E-002
  3.434491985534582E-002
  2.770750246096676E-002
  2.560472644120437E-002
  3.597392558227597E-002
  2.168641778216784E-002
  3.396257251758672E-002
  2.216623838982590E-002
  2.779692770794528E-002
  3.489768041038099E-002
  5.097489732697891E-002
  3.151246414913877E-002
  3.558737805808709E-002
  4.000449307715537E-002
  3.817185408845214E-002
  3.530442120446831E-002
  2.112457413144020E-002
  3.927912968749003E-002
  2.354379863299705E-002
  3.072816089744346E-002
  3.311486581396561E-002
  3.145518823975368E-002
  2.703874919540439E-002
  4.303385067176979E-002
  4.050291169558651E-002
  3.968835310291219E-002
