 excitation energies, transition moments and TDA amplitudes
 state    eV      nm       fL        Rv(corr)
    1    2.230   555.9     0.3266    -8.2143    -0.64( 143-> 144) -0.60( 142-> 144) -0.28( 142-> 146)
    2    2.324   533.4     0.4559    -2.3482     0.61( 143-> 144) -0.61( 142-> 144)  0.32( 143-> 146)
    3    3.238   383.0     0.0065   -17.9479     0.80( 141-> 144) -0.41( 139-> 144)  0.24( 138-> 144)
    4    3.553   349.0     0.0029    11.1092     0.53( 138-> 144) -0.48( 141-> 144) -0.43( 139-> 144)
    5    3.783   327.7     0.0302    20.6228     0.67( 143-> 147)  0.51( 143-> 148) -0.43( 143-> 145)
    6    3.842   322.7     0.0807   -16.9682     0.53( 143-> 145)  0.45( 137-> 144) -0.34( 139-> 144)
    7    3.914   316.8     0.0341    -4.7448    -0.59( 143-> 145)  0.42( 137-> 144) -0.28( 139-> 144)
    8    3.980   311.5     0.1600    61.6337     0.42( 138-> 144)  0.41( 139-> 144)  0.38( 136-> 144)
    9    4.136   299.8     0.1672    48.7566    -0.67( 142-> 145)  0.30( 139-> 144)  0.24( 142-> 148)
