           7           2   1.44584967145446     
           7           6   1.25590017625012     
           8           7  0.926014734784409     
           9           8  0.937761542780333     
          10           3   1.36056364760373     
          10           6   1.29714829822575     
          10           9  0.929788463820375     
          11           9  0.966808807732188     
          12           8  0.941448669333399     
          13          12  0.947737939499958     
          14          13  0.930212121048405     
          15          14   1.85164483087721     
          16          14   1.05320075887045     
          17           1  0.528922023822826     
          18           3   1.32877527852112     
          18          17   1.10166820335648     
          19          18   1.15779128855665     
          20          19   1.46277282264687     
          21           4   1.33150631490920     
          21          17   1.19711734890196     
          21          20   1.10379595579056     
          22          19  0.985849249661106     
          23          20  0.994419696564744     
          24          23   1.83318402851845     
          25          23  0.949101044102302     
          26           1  0.473544272571234     
          27           4   1.38001958087114     
          27          26   1.25117863030602     
          28          27  0.922419972980008     
          29          28  0.962688595866595     
          30           5   1.49326335529677     
          30          26   1.15395087141687     
          30          29  0.930012309999567     
          31          28  0.953073062476657     
          32          29  0.961132910901718     
          33          32  0.999429120563726     
          34           1  0.535625336763854     
          35           5   1.25387655625373     
          35          34   1.10796971837325     
          36          35   1.25222030892610     
          37          36   1.30626335097449     
          38           2   1.18976264265475     
          38          34   1.22080251924058     
          38          37   1.19989668119013     
          39          36  0.985739614883593     
          40          37   1.03257234664765     
          41          40   1.83439228295091     
          42           2  0.951891931420771     
          42          40  0.870051374910083     
          43          42  0.895955790907372     
          44          43   1.74438516625658     
          45          43   1.17197623745532     
          46          45  0.951006365277502     
          47          16  0.983745321324832     
          48          47  0.950821876012561     
          49          48   1.87572073719027     
          50          49   1.01289993104347     
          51          49  0.953090089528716     
          52          51  0.954918019487258     
          53          52  0.988594569309372     
          54          53  0.950419785043884     
          55          54  0.994827143120251     
          56          54  0.988392122735274     
          57          56  0.947653077204253     
          58          57  0.994004368398648     
          59          58  0.978661737653935     
          60          59  0.979446339189533     
          61          59  0.958844851904228     
          62          61  0.982606336812547     
          63          62  0.985214236715402     
          64          63  0.972750886737005     
          65          64  0.981333939128734     
          66          64  0.989230842515318     
          67           3  0.935541622856585     
          68           4  0.926319821792188     
          69           5  0.927488118418519     
          70           8  0.943358960583782     
          71           9  0.945581063949652     
          72          11  0.978118300245963     
          73          11  0.978495309416434     
          74          11  0.975937815021191     
          75          12  0.970017532882052     
          76          12  0.964384600962537     
          77          13  0.966158573610749     
          78          13  0.961887700286178     
          79          22  0.966068654322893     
          80          22  0.975216194900700     
          81          22  0.963118054541543     
          82          25  0.957002146357038     
          83          25  0.962698567339173     
          84          25  0.972964364554885     
          85          28  0.943118571471416     
          86          29  0.934766325488851     
          87          31  0.981983174585354     
          88          31  0.982828630509884     
          89          31  0.979305593127717     
          90          32  0.967010885202125     
          91          32  0.964687954129220     
          92          33  0.964593980478074     
          93          33  0.987604735461105     
          94          33  0.984040748627121     
          95          39  0.976241125884271     
          96          39  0.965174385648918     
          97          39  0.977114637224713     
          98          42  0.927451080155744     
          99          46  0.981543493731320     
         100          46  0.983220674414889     
         101          46  0.991883823823289     
         102          47  0.957678999434168     
         103          47  0.969619354572556     
         104          48  0.945994552549577     
         105          50  0.966959849344537     
         106          50  0.954050787888044     
         107          50  0.962994696814977     
         108          51  0.960295262527025     
         109          51  0.966955549694250     
         110          52  0.966146762549889     
         111          52  0.967917433614967     
         112          53  0.963032012773327     
         113          53  0.960069520950604     
         114          54  0.949347122611238     
         115          55  0.974219911693162     
         116          55  0.973109878633591     
         117          55  0.979882577681098     
         118          56  0.971411602091586     
         119          56  0.964170794734902     
         120          57  0.971017170464745     
         121          57  0.970159249334509     
         122          58  0.963560420570876     
         123          58  0.963073469198410     
         124          59  0.951011780806004     
         125          60  0.975815273950369     
         126          60  0.981599794927908     
         127          60  0.982293586002633     
         128          61  0.967638163972795     
         129          61  0.961707324901693     
         130          62  0.962488563172883     
         131          62  0.972226729844418     
         132          63  0.962861237522584     
         133          63  0.967761626572855     
         134          64  0.958554024339799     
         135          65  0.975231392683463     
         136          65  0.982534424677520     
         137          65  0.980384120137923     
         138          66  0.980022413583418     
         139          66  0.975808002397649     
         140          66  0.979960079409088     
