  0.298569632877126     
  2.028513137505694E-002
 -3.650503462147725E-002
 -1.386430963988960E-002
 -2.279540646306000E-002
 -0.157800102100345     
  3.405998511914365E-003
 -2.718040647097375E-002
 -3.041127384789544E-002
  2.741749843974395E-002
 -9.853175837967854E-002
 -3.770263578359412E-002
 -5.364890598708261E-002
  0.231486428051964     
 -0.292738080363049     
 -0.146540194334960     
 -0.210787103788345     
  1.144595226417477E-002
 -5.036946716664481E-002
 -5.898746695483581E-002
  4.022612837324502E-002
 -7.165507142378669E-002
  0.143644211899341     
 -0.236416658069745     
 -0.103005631920690     
 -0.155148241632546     
  3.555014317997296E-002
 -2.528178953362925E-002
 -3.476503133370112E-002
  5.466279929252105E-002
 -9.525640516943223E-002
 -5.886253447688805E-002
 -8.421616828558420E-002
 -0.212900995226566     
  5.219512772829749E-002
  1.594042114485505E-002
 -4.855094644842328E-002
  9.264088733787812E-003
 -6.793162433439104E-002
  0.127413936013445     
 -0.251253340317107     
 -3.719099390036629E-002
  0.255271880996037     
 -0.226634553218369     
 -0.163684556089332     
 -2.808622194077515E-003
  4.875572696380592E-002
 -7.491715688960099E-002
 -2.055325791101215E-002
 -0.100121500152802     
 -5.761265903545443E-002
 -6.941969756627131E-002
 -6.494885004387907E-002
 -4.607711107156387E-002
 -0.117326331462580     
 -7.073107595950834E-002
 -7.521692935856716E-002
 -7.200000364591119E-002
 -2.022166684343407E-002
 -0.120801770663514     
 -7.292141432133015E-002
 -8.101252202895193E-002
 -5.481583112325072E-002
 -3.347183425551847E-003
 -0.105089737573371     
 -0.126077257418598     
  6.174919192470307E-002
  5.943275302335771E-002
  5.124438643112594E-002
  5.529815939953475E-002
  5.031233306558058E-002
  4.139832712770442E-002
  4.635158860607658E-002
  3.473933448169841E-002
  4.347999787839940E-002
  5.043144708499492E-002
  5.464156474737836E-002
  4.166518483360715E-002
  5.230905479040915E-002
  5.254738907590772E-002
  5.053989039361584E-002
  4.553965578429719E-002
  4.074290554947979E-002
  4.377012253824508E-002
  4.479418446093186E-002
  4.418154020770104E-002
  3.871830364537865E-002
  3.931014017969126E-002
  4.233711914403138E-002
  2.410955546262739E-002
  3.673106185840280E-002
  3.773370948428711E-002
  4.616131390885803E-002
  3.418545257454109E-002
  4.985935050044665E-002
  5.719579413334430E-002
  4.204903331496956E-002
  5.757327025760040E-002
  6.483645107736236E-002
  3.445952943613451E-002
  6.051840048361445E-002
  6.344387215879010E-002
  4.819542673797395E-002
  3.706292029811054E-002
  3.697054735866212E-002
  3.855202735110852E-002
  4.187695010372894E-002
  4.344746453052206E-002
  4.357863830165842E-002
  2.850421004431758E-002
  5.153641553158017E-002
  5.101586913076395E-002
  4.946163370791223E-002
  3.077389756995541E-002
  2.564341356064670E-002
  3.569530470830540E-002
  3.023935912028530E-002
  3.761562414345676E-002
  4.101942084441168E-002
  3.254953080559619E-002
  3.969542589395991E-002
  3.204233118591004E-002
  4.255628228350672E-002
  4.939778617325186E-002
  4.090684767321173E-002
  2.325202496675216E-002
  3.316752844015758E-002
  2.999031075954661E-002
  3.650405105304999E-002
  2.820620027390197E-002
  2.559214927545550E-002
  4.332937586637620E-002
  3.706807212620444E-002
  4.295829513454863E-002
  2.713955029572512E-002
  3.449550655827682E-002
  4.260602530992130E-002
  2.918792052135522E-002
  2.429060986891551E-002
  3.058584359253824E-002
