 excitation energies, transition moments and TDA amplitudes
 state    eV      nm       fL        Rv(corr)
    1    2.190   566.3     0.7164    -3.6540     0.85( 143-> 144) -0.43( 142-> 146)  0.15( 142-> 144)
    2    2.266   547.3     0.0752     0.1439    -0.84( 142-> 144) -0.40( 143-> 146) -0.17( 143-> 145)
    3    3.167   391.4     0.0070   -14.1056     0.90( 141-> 144) -0.27( 142-> 145) -0.17( 143-> 145)
    4    3.456   358.8     0.0254     6.8694    -0.61( 143-> 146) -0.46( 140-> 144)  0.45( 143-> 145)
    5    3.500   354.3     0.1356    28.1974    -0.78( 143-> 145) -0.29( 140-> 144) -0.26( 143-> 147)
    6    3.673   337.5     0.1114    -9.1654     0.69( 143-> 147) -0.47( 143-> 148) -0.31( 140-> 144)
    7    3.722   333.1     0.0343   -46.7512    -0.73( 142-> 145)  0.35( 142-> 146) -0.32( 143-> 147)
    8    3.900   317.9     0.3903    13.7711     0.55( 140-> 144) -0.42( 143-> 146)  0.41( 142-> 148)
    9    4.101   302.3     1.3284   -34.3814    -0.52( 142-> 146) -0.39( 143-> 147) -0.38( 143-> 148)
