           6           1  0.435028277477465     
           7           2   1.29613765718835     
           7           6   1.23051554185413     
           8           7  0.954938958345243     
           9           8  0.949042375684403     
          10           3   1.39842281533146     
          10           6   1.23308325878958     
          10           9  0.947978125321564     
          11           9  0.955904543042081     
          12           8  0.934872489759026     
          13          12  0.981182126086902     
          14          13  0.944443109774017     
          15          14   1.81937698663968     
          16          14   1.08224663907128     
          17           1  0.528492593596034     
          18           3   1.27719567635130     
          18          17   1.14671684971148     
          19          18   1.18701755070276     
          20          19   1.40759781909770     
          21           4   1.36008661250965     
          21          17   1.18277362389185     
          21          20   1.07595023363408     
          22          19  0.969536105219440     
          23          20   1.03289704701443     
          24          23   1.81957948886995     
          25          23  0.940864683445819     
          26           1  0.403652028541766     
          27           4   1.34273695212116     
          27          26   1.24539158724837     
          28          27  0.958768386653274     
          29          28  0.951469932321060     
          30           5   1.45123515370091     
          30          26   1.22899783040754     
          30          29  0.936096755302975     
          31          28  0.948225627255495     
          32          29  0.951838036594557     
          33          32   1.00248954593407     
          34           1  0.449880083772037     
          35           5   1.26900818844838     
          35          34   1.19321558251931     
          36          35   1.18770674920389     
          37          36   1.35581227520080     
          38           2   1.37179455926606     
          38          34   1.15031795897855     
          38          37   1.09345995778457     
          39          36   1.00233679077414     
          40          37   1.12829771714722     
          41          40   1.74480099016438     
          42           2  0.941735529514739     
          42          40  0.877328321858521     
          43          42  0.897477879017021     
          44          43   1.88596845220227     
          45          43   1.04550470357705     
          46          45  0.969764766999087     
          47          16  0.966703126871822     
          48          47  0.988040253625297     
          49          48   1.88515551429397     
          50          49  0.977602173125728     
          51          49  0.994241949969843     
          52          51  0.958373659106247     
          53          52  0.984622101067360     
          54          53  0.958999729678273     
          55          54  0.977108569701489     
          56          54  0.973189553024898     
          57          56  0.985973689353631     
          58          57  0.966459428134595     
          59          58  0.976579809361548     
          60          59  0.981595744925263     
          61          59  0.961169032736919     
          62          61  0.981669100167996     
          63          62  0.981897084051421     
          64          63  0.969677097009102     
          65          64  0.990319445910701     
          66          64  0.988127073025148     
          67           3  0.933263121998153     
          68           4  0.930057924740560     
          69           5  0.934753139589742     
          70           8  0.930052205899800     
          71           9  0.936933707080256     
          72          11  0.979520772953121     
          73          11  0.973366604159581     
          74          11  0.975483682951625     
          75          12  0.962024335986829     
          76          12  0.962143468172748     
          77          13  0.941678920327895     
          78          13  0.954690618574452     
          79          22  0.970257773568685     
          80          22  0.974603946105406     
          81          22  0.970781848620283     
          82          25  0.960318299735578     
          83          25  0.974080899149295     
          84          25  0.967223387375634     
          85          28  0.946684711334948     
          86          29  0.941689376491011     
          87          31  0.976033014525073     
          88          31  0.974701148440052     
          89          31  0.980812769462497     
          90          32  0.967142903048434     
          91          32  0.963400586357918     
          92          33  0.983976271124229     
          93          33  0.965826415776536     
          94          33  0.984889559384950     
          95          39  0.966560928648378     
          96          39  0.962125836122891     
          97          39  0.974275598982941     
          98          42  0.924105747230147     
          99          46  0.976381135423934     
         100          46  0.989028938496019     
         101          46  0.985082909194320     
         102          47  0.949443332856020     
         103          47  0.963480878381432     
         104          48  0.936730309477750     
         105          50  0.976375563662128     
         106          50  0.974998681873091     
         107          50  0.968161310060388     
         108          51  0.949166456302132     
         109          51  0.959666271424640     
         110          52  0.978136211977300     
         111          52  0.963868724276841     
         112          53  0.958219227040623     
         113          53  0.968575522314065     
         114          54  0.955563760010386     
         115          55  0.985042694614048     
         116          55  0.980565292735732     
         117          55  0.981055639835061     
         118          56  0.963544843524449     
         119          56  0.960162272196558     
         120          57  0.968106605573777     
         121          57  0.967073386432354     
         122          58  0.968436172167814     
         123          58  0.959082691573031     
         124          59  0.948609317692944     
         125          60  0.977698348326399     
         126          60  0.977017772219275     
         127          60  0.976192323880634     
         128          61  0.964753917162177     
         129          61  0.960756945251754     
         130          62  0.964393032780504     
         131          62  0.970387931492765     
         132          63  0.962723999714660     
         133          63  0.962389717360111     
         134          64  0.953827387683989     
         135          65  0.979816473699915     
         136          65  0.973822653338785     
         137          65  0.973487529838294     
         138          66  0.975382410199600     
         139          66  0.979472209465698     
         140          66  0.974955247827930     
