  0.291472973500244     
  1.776904341252328E-002
 -2.760423640781173E-002
 -2.886046755058036E-002
 -3.307271085365748E-002
 -0.145678864849612     
  4.855812370456203E-002
 -1.185804428713944E-002
 -2.979532025091647E-002
  3.164042541227241E-002
 -8.575355980758825E-002
 -5.878753801520809E-002
 -5.154837239349064E-002
  0.210086838896418     
 -0.288779797234216     
 -0.153399048761407     
 -0.207177105844783     
  2.113400500907714E-002
 -9.114352220425559E-003
 -4.207174599891239E-002
  3.903615734531130E-002
 -8.087134990533684E-002
  0.119489721589722     
 -0.258876875840348     
 -8.924469726284023E-002
 -0.180341264375240     
  2.686664978015330E-002
 -4.984485410562733E-003
 -3.450184534883327E-002
  4.968361468746174E-002
 -8.079680935372302E-002
 -6.488915006682650E-002
 -9.410270079577021E-002
 -0.213168291261954     
  1.047117256812413E-002
 -2.102810268957267E-002
 -7.293759008289946E-002
  2.561555610031663E-002
 -5.475369473050140E-002
  0.164813889831443     
 -0.217556304131403     
 -4.000161323652662E-002
  0.202080513175865     
 -0.275649234005370     
 -0.151014561961393     
  1.302629912561404E-002
  6.041086957555342E-002
 -7.700641184020451E-002
 -2.979245876861558E-002
 -8.292952733426606E-002
 -5.570342668189721E-002
 -5.314446201652601E-002
 -7.495816879496164E-002
 -3.919110338283716E-002
 -0.103527934322234     
 -8.107279444875459E-002
 -5.559901230132702E-002
 -7.665975078208742E-002
 -1.133675479422003E-002
 -0.111412570469482     
 -5.073511834383293E-002
 -8.160112698055411E-002
 -9.969420616730140E-002
 -1.548494406461831E-002
 -0.111606269343048     
 -8.871680087006695E-002
  4.555234660325236E-002
  7.180914731512233E-002
  5.945244846082787E-002
  5.359917975016126E-002
  4.914870804045746E-002
  4.674357680313790E-002
  5.011642937200356E-002
  3.166186048263397E-002
  4.450298900407590E-002
  3.169662645246751E-002
  4.140152330691993E-002
  5.645757490454861E-002
  4.570562240040688E-002
  4.650188919757781E-002
  4.639108815892834E-002
  5.048837466769096E-002
  5.358203738491951E-002
  4.407046161652328E-002
  5.826900437519911E-002
  5.058022360562875E-002
  4.457894111907146E-002
  3.025808324896717E-002
  4.692791465840307E-002
  3.998912202494631E-002
  3.366439695092238E-002
  3.490573526823149E-002
  3.245155903717289E-002
  3.452007117752409E-002
  4.792494919284995E-002
  5.653829588009363E-002
  5.616966246056720E-002
  5.561236598206476E-002
  4.754855145066395E-002
  5.763167760868892E-002
  5.287886484093596E-002
  5.329289602956855E-002
  6.220122022051655E-002
  3.836778590138634E-002
  4.906775974588651E-002
  5.000918802928378E-002
  4.198491250181502E-002
  3.976543296606228E-002
  3.785843859657323E-002
  3.659696034522575E-002
  2.546894410706801E-002
  3.565210461635726E-002
  3.380875097317093E-002
  4.221988967028423E-002
  4.136050826719473E-002
  3.908650311711159E-002
  3.142399860235934E-002
  3.314835114324866E-002
  2.941687065140952E-002
  4.191103828666021E-002
  2.905023031172127E-002
  3.900040879639000E-002
  3.360358472646763E-002
  3.530494775995663E-002
  3.731115166498189E-002
  2.604213088503782E-002
  3.826598004811321E-002
  4.210743650107263E-002
  2.798025209692168E-002
  1.888592039075532E-002
  4.632623748693643E-002
  2.960983183149024E-002
  2.692727186234944E-002
  3.134127511294049E-002
  3.457976015000597E-002
  2.611284503492328E-002
  3.120451328404483E-002
  4.056239268338790E-002
  3.672149697638760E-002
  3.332619874840770E-002
