 excitation energies, transition moments and TDA amplitudes
 state    eV      nm       fL        Rv(corr)
    1    2.174   570.4     0.7789    -0.8600     0.88( 142-> 143)  0.36( 141-> 145) -0.16( 140-> 143)
    2    2.409   514.7     0.1387     0.8764    -0.85( 141-> 143)  0.38( 142-> 145)  0.22( 142-> 144)
    3    3.011   411.8     0.0422     0.3786     0.92( 140-> 143)  0.16( 139-> 143) -0.15( 138-> 143)
    4    3.523   351.9     0.0105     2.0391     0.90( 139-> 143) -0.30( 142-> 145) -0.12( 134-> 143)
    5    3.684   336.6     0.0179    10.4154     0.86( 142-> 144) -0.24( 142-> 145) -0.23( 138-> 143)
    6    3.770   328.9     0.0027    -3.9099     0.53( 135-> 143)  0.52( 134-> 143)  0.32( 133-> 144)
    7    3.930   315.5     0.1747    37.0621     0.54( 138-> 143) -0.47( 142-> 145) -0.28( 142-> 148)
    8    4.034   307.3     0.1916     9.0233    -0.60( 141-> 144)  0.36( 138-> 143)  0.36( 142-> 148)
    9    4.084   303.6     0.1124    -9.3842     0.48( 138-> 143)  0.47( 141-> 144) -0.39( 142-> 146)
