           6           1  0.326250083615517     
           7           2   1.50066849142109     
           7           6   1.24011023181752     
           8           7  0.916884537061378     
           9           8  0.950409900094375     
          10           3   1.43380273048041     
          10           6   1.23898172491940     
          10           9  0.950838471498195     
          11           9  0.952745619050709     
          12           8  0.946367878248134     
          13          12  0.965827495687338     
          14          13  0.926617907959804     
          15          14   1.80170460118122     
          16          14   1.12043547467445     
          17           1  0.503288988370464     
          18           3   1.24322816731793     
          18          17   1.19325763450496     
          19          18   1.14446764229299     
          20          19   1.42613866347483     
          21           4   1.30831422284412     
          21          17   1.15460351315118     
          21          20   1.13714847854052     
          22          19   1.01432435347874     
          23          20   1.02525160561525     
          24          23   1.80036236871063     
          25          23  0.949300625622807     
          26           1  0.405787257356726     
          27           4   1.40010198334015     
          27          26   1.21282539432296     
          28          27  0.943741832033978     
          29          28  0.929582532321767     
          30           5   1.45765889939868     
          30          26   1.22389992807306     
          30          29  0.937837993026127     
          31          28  0.974992012871747     
          32          29  0.933880595385570     
          33          32  0.996071262946025     
          34           1  0.605941634217214     
          35           5   1.26901218151900     
          35          34   1.08925836534324     
          36          35   1.21669351430588     
          37          36   1.27146595068950     
          38           2   1.12210354975225     
          38          34   1.21968094566934     
          38          37   1.20906764710378     
          39          36   1.03261673804430     
          40          37   1.07608250089864     
          41          40   1.85339450999670     
          42           2  0.943647673458821     
          42          40  0.824448870191157     
          43          42  0.915198353490139     
          44          43   1.80339268950281     
          45          43   1.09602278337154     
          46          45  0.965963918527523     
          47          16  0.920966100326654     
          48          47   1.02698996288025     
          49          48   1.88432682020720     
          50          49  0.970807595071567     
          51          49  0.958642514465684     
          52          51  0.986253520412470     
          53          52  0.994791207169339     
          54          53  0.959806261369147     
          55          54  0.978081776918486     
          56          54  0.957025248470607     
          57          56  0.995049375960109     
          58          57  0.971219526394521     
          59          58  0.980484893563419     
          60          59  0.973850123721635     
          61          59  0.989101792425787     
          62          61  0.987892927497260     
          63          62  0.962334740148930     
          64          63  0.965049157200570     
          65          64  0.985055760487545     
          66          64  0.998566446758722     
          67           3  0.939740424586666     
          68           4  0.919920657402979     
          69           5  0.928599255007005     
          70           8  0.943479338030095     
          71           9  0.943102199904258     
          72          11  0.977277179068513     
          73          11  0.976575029253690     
          74          11  0.983174075398286     
          75          12  0.964457078737432     
          76          12  0.967954242973511     
          77          13  0.970740228427273     
          78          13  0.953806662804842     
          79          22  0.956491457293731     
          80          22  0.972832540397583     
          81          22  0.958465305082082     
          82          25  0.961303446853053     
          83          25  0.973920964106477     
          84          25  0.963366871797687     
          85          28  0.934746128235997     
          86          29  0.941631202017166     
          87          31  0.973397072695284     
          88          31  0.974934653347927     
          89          31  0.975247011752960     
          90          32  0.967625272567803     
          91          32  0.969590925288634     
          92          33  0.985211668201865     
          93          33  0.981724988294708     
          94          33  0.982668363095716     
          95          39  0.948556652497815     
          96          39  0.959547000587244     
          97          39  0.969344901735972     
          98          42  0.934801188917327     
          99          46  0.987676403355393     
         100          46  0.980071168208214     
         101          46  0.987441978373609     
         102          47  0.957172456846122     
         103          47  0.961270974255881     
         104          48  0.935460726810091     
         105          50  0.978092640728626     
         106          50  0.975118765457403     
         107          50  0.971919289284066     
         108          51  0.952798742429979     
         109          51  0.962180932975087     
         110          52  0.960321566667368     
         111          52  0.965358311923366     
         112          53  0.964884154543079     
         113          53  0.960875809523180     
         114          54  0.952920202332773     
         115          55  0.978970886695792     
         116          55  0.982614123257939     
         117          55  0.981418295856216     
         118          56  0.961622703252909     
         119          56  0.959336889998155     
         120          57  0.962839337206118     
         121          57  0.971511650022868     
         122          58  0.954303971161841     
         123          58  0.953854187841528     
         124          59  0.943900852675835     
         125          60  0.980446073719502     
         126          60  0.977221294457445     
         127          60  0.976053986314852     
         128          61  0.947530278195150     
         129          61  0.956338653819839     
         130          62  0.969738103409354     
         131          62  0.959711828418172     
         132          63  0.963135392348515     
         133          63  0.968700545607464     
         134          64  0.957086611309992     
         135          65  0.976490855984415     
         136          65  0.976560194506199     
         137          65  0.981207223874885     
         138          66  0.978668052686898     
         139          66  0.972478767499187     
         140          66  0.977643111563293     
