 excitation energies, transition moments and TDA amplitudes
 state    eV      nm       fL        Rv(corr)
    1    2.244   552.6     0.7126     1.7852    -0.88( 143-> 144) -0.40( 142-> 146) -0.11( 142-> 145)
    2    2.379   521.1     0.0860    -4.2311     0.84( 142-> 144) -0.43( 143-> 146)  0.15( 141-> 144)
    3    3.028   409.4     0.0556    16.0877    -0.92( 141-> 144)  0.21( 140-> 144)  0.13( 142-> 144)
    4    3.578   346.6     0.0254    -5.0269     0.70( 140-> 144) -0.49( 143-> 146) -0.30( 139-> 144)
    5    3.682   336.7     0.3105    15.0057     0.85( 143-> 145) -0.26( 143-> 147)  0.21( 142-> 145)
    6    3.911   317.0     0.0229     5.5348     0.60( 142-> 145) -0.41( 136-> 144) -0.32( 143-> 145)
    7    3.985   311.1     0.0859    32.7437    -0.38( 137-> 144)  0.36( 140-> 144) -0.35( 143-> 148)
    8    4.004   309.6     0.0362     4.2657     0.65( 143-> 148) -0.52( 143-> 147) -0.27( 142-> 145)
    9    4.093   302.9     0.2585    34.3682    -0.58( 139-> 144)  0.44( 137-> 144)  0.31( 143-> 146)
