           6           1  0.351794474363371     
           7           2   1.30953291139758     
           7           6   1.27220499046682     
           8           7  0.979199165266525     
           9           8  0.922074214894329     
          10           3   1.48945382363961     
          10           6   1.20792719486942     
          10           9  0.921812264254650     
          11           9  0.989358063241580     
          12           8  0.946856475452774     
          13          12  0.996903452022029     
          14          13  0.892655594967907     
          15          14   1.88753881720226     
          16          14   1.06048215195812     
          17           1  0.534200164088493     
          18           3   1.22496799251852     
          18          17   1.15708147882878     
          19          18   1.20833091221300     
          20          19   1.45043341964440     
          21           4   1.38778095995300     
          21          17   1.14027985563103     
          21          20   1.09132195430359     
          22          19  0.985042497670858     
          23          20  0.980304157753421     
          24          23   1.82133573300156     
          25          23  0.978542959889794     
          26           1  0.423282842037815     
          27           4   1.30759259079836     
          27          26   1.25829174032193     
          28          27  0.959628974632829     
          29          28  0.952078425381301     
          30           5   1.47269667399190     
          30          26   1.20809611938322     
          30          29  0.946966634198637     
          31          28  0.962708131327433     
          32          29  0.932190596398144     
          33          32   1.01919373766668     
          34           1  0.516370183143506     
          35           5   1.22856322539533     
          35          34   1.12172961622886     
          36          35   1.25607803559544     
          37          36   1.31704693833005     
          38           2   1.27045420446572     
          38          34   1.22723218746033     
          38          37   1.13057273447766     
          39          36   1.01459134685658     
          40          37   1.10455441998126     
          41          40   1.76894426582664     
          42           2  0.940527881400964     
          42          40  0.858581028289504     
          43          42  0.932015961938646     
          44          43   1.83468387546797     
          45          43   1.06133839150984     
          46          45  0.971507050452199     
          47          16  0.953655059507940     
          48          47  0.989807557365373     
          49          48   1.91481644247371     
          50          49  0.966854867972264     
          51          49  0.957591865616229     
          52          51  0.969520379975929     
          53          52  0.978872690014335     
          54          53  0.968739603461717     
          55          54  0.981469069621460     
          56          54  0.980794191030513     
          57          56  0.977327782397655     
          58          57  0.975517542205807     
          59          58  0.963885455812823     
          60          59  0.985927946584649     
          61          59  0.973902674434923     
          62          61  0.975962356511358     
          63          62  0.991887830985093     
          64          63  0.960909692997121     
          65          64  0.982937115890888     
          66          64  0.992296917134573     
          67           3  0.929232854334095     
          68           4  0.925511427889979     
          69           5  0.932856384945750     
          70           8  0.927094555699165     
          71           9  0.945004197901908     
          72          11  0.976248634540322     
          73          11  0.970968074920632     
          74          11  0.975139724049583     
          75          12  0.962381644053272     
          76          12  0.947147035652359     
          77          13  0.960429370657624     
          78          13  0.962421258918531     
          79          22  0.963016760040369     
          80          22  0.971017207040711     
          81          22  0.967449864113947     
          82          25  0.958420955614297     
          83          25  0.970433330364445     
          84          25  0.956953101192439     
          85          28  0.937327699354241     
          86          29  0.937275656484773     
          87          31  0.979495828649776     
          88          31  0.976098505939088     
          89          31  0.979129206619489     
          90          32  0.970024605132614     
          91          32  0.966389557240519     
          92          33  0.980318115041896     
          93          33  0.969381653414577     
          94          33  0.982529270019496     
          95          39  0.962805879299281     
          96          39  0.967976086114342     
          97          39  0.958061227169493     
          98          42  0.926187968186654     
          99          46  0.987293743138279     
         100          46  0.981029439957098     
         101          46  0.989827135873591     
         102          47  0.957705016912975     
         103          47  0.957222003289165     
         104          48  0.931087639387578     
         105          50  0.972145631310041     
         106          50  0.977025988875425     
         107          50  0.975997702811914     
         108          51  0.962019724627565     
         109          51  0.958456321031018     
         110          52  0.969121994377934     
         111          52  0.960338640513020     
         112          53  0.956530190458166     
         113          53  0.961043487252393     
         114          54  0.946192517377273     
         115          55  0.976153467170471     
         116          55  0.978106089481162     
         117          55  0.980759002598998     
         118          56  0.963387303030852     
         119          56  0.958465235116101     
         120          57  0.971098771925874     
         121          57  0.970683474791024     
         122          58  0.963306620506126     
         123          58  0.972040579822105     
         124          59  0.954080770893011     
         125          60  0.976694009553752     
         126          60  0.981350756066078     
         127          60  0.982638187101683     
         128          61  0.960288002464217     
         129          61  0.966361855057023     
         130          62  0.966049342674372     
         131          62  0.961374718583978     
         132          63  0.961330881626573     
         133          63  0.962783281708413     
         134          64  0.955246535111144     
         135          65  0.978249217150368     
         136          65  0.980829534272738     
         137          65  0.981221107992428     
         138          66  0.973633296067030     
         139          66  0.976878061811597     
         140          66  0.977362380376702     
