  0.294735651493371     
  1.500514129381614E-002
 -1.827921420278766E-002
 -3.540759646025826E-002
 -4.903680568003743E-002
 -0.130186000088182     
  7.130006256554466E-003
 -6.802622590200258E-003
 -2.187698098162638E-002
  2.860055127676597E-002
 -8.354527580858306E-002
 -5.395490131059244E-002
 -6.354476980734347E-002
  0.243312787183017     
 -0.240819464446463     
 -0.171355165568502     
 -0.207827738922485     
  5.402637842720015E-002
 -1.910759379369242E-002
 -6.581218974585479E-002
  2.589547508252110E-002
 -8.837337292372460E-002
  0.157267157238593     
 -0.259058177335778     
 -7.318347551644244E-002
 -0.177957747915342     
  3.724932736835695E-002
 -1.454891264058578E-002
 -1.666389232957322E-002
  7.900620240030687E-003
 -8.133159528705747E-002
 -5.766373672439062E-002
 -9.426116252027139E-002
 -0.215745086975600     
  1.516660819734650E-002
 -2.216169152759040E-002
 -3.496884774365050E-002
  2.951852061099380E-004
 -6.130886148709802E-002
  0.164639741920451     
 -0.241646379597356     
 -1.630158664161563E-002
  0.219467615740298     
 -0.281086931946868     
 -0.154262472106577     
  1.147068014353358E-002
  3.339902074729872E-002
 -6.210166625323321E-002
 -1.533218443754603E-002
 -0.113171052052221     
 -5.015829389747051E-002
 -5.325145731888536E-002
 -7.899559749379570E-002
 -1.621925894699583E-002
 -0.105206388707487     
 -4.881335832838651E-002
 -7.541855105504069E-002
 -7.352907623325855E-002
 -2.604542473109728E-002
 -9.836653850835564E-002
 -6.538867555429384E-002
 -6.919373810665164E-002
 -8.877059614077876E-002
 -4.359173834960028E-002
 -9.596267299159056E-002
 -0.113450743025161     
  5.823994789569953E-002
  4.533839783038451E-002
  4.877180326806974E-002
  5.347663104855671E-002
  5.450126007923806E-002
  4.420551634993841E-002
  3.360830258051173E-002
  4.932367377852198E-002
  4.278485814780286E-002
  3.247985866044245E-002
  4.625134732723690E-002
  4.646709223456447E-002
  4.353752142540501E-002
  4.613567741874647E-002
  4.372349317184465E-002
  4.955900056166274E-002
  5.394599637512165E-002
  5.167627368577032E-002
  5.232445969309796E-002
  4.582835085782999E-002
  4.104504041285251E-002
  4.604725712153934E-002
  4.565211379913947E-002
  3.905062575243434E-002
  3.410294358542887E-002
  3.672786153939445E-002
  3.958289496373735E-002
  3.176593970222374E-002
  5.646887061875572E-002
  6.326642961717022E-002
  4.837043463209878E-002
  6.005767629106740E-002
  3.831971524870748E-002
  5.255922243364253E-002
  5.834878597045656E-002
  4.802125573331351E-002
  6.135705632950883E-002
  4.181234795490452E-002
  4.220864123922663E-002
  4.113747026225589E-002
  3.505583526439382E-002
  3.302225760011068E-002
  3.071592105094512E-002
  2.976485894566283E-002
  3.129290059398038E-002
  3.083353579659687E-002
  2.770837163850481E-002
  3.284323037582826E-002
  3.696872476627922E-002
  2.209643687389962E-002
  3.414148586082510E-002
  4.597324611634002E-002
  4.544853568777030E-002
  2.841063772894337E-002
  3.804628934530907E-002
  3.503564317687591E-002
  3.379522418441738E-002
  3.122381141844399E-002
  2.909047455270197E-002
  4.059442768600940E-002
  3.993589619348381E-002
  3.251822456276821E-002
  3.656129399742369E-002
  4.384955259129220E-002
  3.378128043491069E-002
  2.926029149932696E-002
  3.039464100899925E-002
  3.144640409686716E-002
  3.339412762868144E-002
  4.079450160711751E-002
  3.318391303560198E-002
  3.073276828425509E-002
  4.664587061695391E-002
  3.284265512285622E-002
