 excitation energies, transition moments and TDA amplitudes
 state    eV      nm       fL        Rv(corr)
    1    2.077   596.9     0.1147    -5.2848    -0.86( 142-> 144) -0.27( 143-> 145)  0.24( 143-> 146)
    2    2.182   568.1     0.6246    -3.6296     0.87( 143-> 144) -0.34( 142-> 145)  0.24( 142-> 146)
    3    3.097   400.3     0.0053   -21.1828    -0.61( 141-> 144) -0.46( 143-> 146)  0.37( 143-> 147)
    4    3.164   391.8     0.0286    20.9656     0.65( 143-> 147)  0.57( 141-> 144) -0.39( 143-> 146)
    5    3.462   358.1     0.1476   -48.7542     0.71( 142-> 147) -0.61( 142-> 146)  0.15( 143-> 146)
    6    3.557   348.6     0.0385    33.1303    -0.49( 142-> 145)  0.40( 141-> 144)  0.38( 140-> 144)
    7    3.620   342.5     0.0559    13.7036     0.59( 140-> 144)  0.45( 142-> 145)  0.29( 139-> 144)
    8    3.797   326.5     0.1099     7.5973     0.56( 143-> 145)  0.54( 143-> 146)  0.41( 143-> 147)
    9    3.901   317.8     0.1744   -54.5626     0.62( 139-> 144) -0.38( 136-> 144) -0.32( 137-> 144)
