           6           1  0.349825058234212     
           7           2   1.31088076529407     
           7           6   1.34575998407020     
           8           7  0.939786047846185     
           9           8  0.962312947188076     
          10           3   1.47926733105669     
          10           6   1.14550317660231     
          10           9  0.983885710832950     
          11           9  0.936816018666270     
          12           8  0.949070331891886     
          13          12  0.955672285383270     
          14          13  0.931162726532786     
          15          14   1.89126050973625     
          16          14   1.02974250330747     
          17           1  0.592609366326001     
          18           3   1.19404648388881     
          18          17   1.20329212186442     
          19          18   1.26112632839573     
          20          19   1.35924522267021     
          21           4   1.22865208593293     
          21          17   1.11210880375704     
          21          20   1.20406104602777     
          22          19  0.955686383874803     
          23          20  0.960938089706525     
          24          23   1.81726520298071     
          25          23   1.01138245985238     
          26           1  0.372840537369337     
          27           4   1.49469020362965     
          27          26   1.22216121960581     
          28          27  0.916717053225239     
          29          28  0.955457774029838     
          30           5   1.38647095873119     
          30          26   1.24030613854010     
          30          29  0.946542645985063     
          31          28  0.971433856494130     
          32          29  0.952274315074624     
          33          32  0.995409973058989     
          34           1  0.488244322053254     
          35           5   1.29330932072930     
          35          34   1.19937501914497     
          36          35   1.13997068653118     
          37          36   1.38384173140210     
          38           2   1.30079081393161     
          38          34   1.14739812266110     
          38          37   1.13340218944022     
          39          36   1.00111989603748     
          40          37   1.11330189169701     
          41          40   1.78934749447270     
          42           2  0.949280465856440     
          42          40  0.848333767023750     
          43          42  0.947243382081942     
          44          43   1.79264733204663     
          45          43   1.07297381994516     
          46          45  0.972927944554534     
          47          16  0.972716377981381     
          48          47  0.970061762113342     
          49          48   1.89013482807242     
          50          49  0.968929531236052     
          51          49  0.972265696390351     
          52          51  0.973040533931761     
          53          52  0.979445349221298     
          54          53  0.948619563756291     
          55          54  0.982012901529006     
          56          54   1.00111577210437     
          57          56  0.978899850035277     
          58          57  0.978721578719890     
          59          58  0.983002819169198     
          60          59  0.991203583284326     
          61          59  0.970749909714868     
          62          61  0.975424750861983     
          63          62  0.996730692308344     
          64          63  0.953603227069932     
          65          64   1.00131859101970     
          66          64  0.984740942944347     
          67           3  0.935055219211302     
          68           4  0.926602119478900     
          69           5  0.937736690999717     
          70           8  0.932177431818265     
          71           9  0.933530006613102     
          72          11  0.978658817324041     
          73          11  0.980587550188976     
          74          11  0.974725709891647     
          75          12  0.964172754375997     
          76          12  0.966453666734736     
          77          13  0.961602895917881     
          78          13  0.961769207192780     
          79          22  0.980153493633389     
          80          22  0.975811956796493     
          81          22  0.976483375206523     
          82          25  0.951295294776867     
          83          25  0.965810324107498     
          84          25  0.948088993173286     
          85          28  0.941904042819626     
          86          29  0.934514628222911     
          87          31  0.978187727071038     
          88          31  0.974902178253766     
          89          31  0.979208825477457     
          90          32  0.968577026234800     
          91          32  0.965843010899097     
          92          33  0.986483706751334     
          93          33  0.982661336845323     
          94          33  0.982119525165041     
          95          39  0.972571907281312     
          96          39  0.958841769297192     
          97          39  0.966779819410585     
          98          42  0.928005410698875     
          99          46  0.991605580368689     
         100          46  0.981201933461652     
         101          46  0.980764884099155     
         102          47  0.956620875422865     
         103          47  0.963886217632640     
         104          48  0.937263333007198     
         105          50  0.973343027931195     
         106          50  0.972842710365707     
         107          50  0.975498561363669     
         108          51  0.958692621109443     
         109          51  0.962176409707613     
         110          52  0.967838840524651     
         111          52  0.970852231508481     
         112          53  0.964767520499797     
         113          53  0.961792225691466     
         114          54  0.946651205021623     
         115          55  0.973505344863710     
         116          55  0.981169024972992     
         117          55  0.977683477491392     
         118          56  0.951483618284435     
         119          56  0.957309898185349     
         120          57  0.969557887156293     
         121          57  0.958822508141878     
         122          58  0.959687097204426     
         123          58  0.958911701553998     
         124          59  0.951299170226579     
         125          60  0.981654987385813     
         126          60  0.981227001536816     
         127          60  0.975482438653335     
         128          61  0.961689060334789     
         129          61  0.966674122332492     
         130          62  0.961345484788114     
         131          62  0.967589728002871     
         132          63  0.964106386771119     
         133          63  0.959750896008014     
         134          64  0.952573630095260     
         135          65  0.974090214552286     
         136          65  0.977042419479722     
         137          65  0.979547181102338     
         138          66  0.983319050958251     
         139          66  0.977414887748895     
         140          66  0.981930639955412     
