  0.295763672709857     
  6.918977281737071E-003
 -1.651268171202513E-002
 -1.068818350198342E-002
 -3.888266638287163E-002
 -0.131558559471196     
  2.419985860311513E-002
 -2.423577815145617E-002
 -4.760643003197629E-002
  4.370143692789785E-002
 -8.651884984607960E-002
 -4.182027597221616E-002
 -5.625563437475822E-002
  0.212153060141850     
 -0.278403440009395     
 -0.137899947240173     
 -0.199096151499510     
  3.023023491920940E-002
 -1.278166975681660E-002
 -5.356684127140809E-002
  4.628339909149615E-002
 -7.545975970265495E-002
  0.149807561371726     
 -0.274863730942832     
 -8.795557544529231E-002
 -0.174865039742455     
  4.653772885647101E-002
 -1.424102863681043E-002
 -3.611906269278897E-002
  1.092240762308405E-002
 -7.954801687329116E-002
 -5.962857280891143E-002
 -8.827041039184991E-002
 -0.223059920011623     
  2.674144189917937E-002
 -2.923872894427237E-002
 -5.898768769537188E-002
  2.269355879604529E-003
 -5.050636638100503E-002
  0.112363597700627     
 -0.243734960250196     
 -2.900344139771871E-002
  0.225446912527103     
 -0.275842602281087     
 -0.144697192399742     
  1.731459057452200E-002
  5.278266972826007E-002
 -8.202349466599390E-002
 -3.430713103914496E-002
 -9.609924077776810E-002
 -6.458442636312167E-002
 -5.646666010493462E-002
 -5.525804731238004E-002
 -3.825179300216242E-002
 -0.112279131142191     
 -6.948022683180888E-002
 -6.503182997080081E-002
 -7.632148263372862E-002
 -2.222655565969234E-002
 -0.115901433956191     
 -5.085622847900861E-002
 -7.602359148528848E-002
 -7.612476321344985E-002
 -8.591970308278185E-003
 -0.127425501433359     
 -9.278644195792474E-002
  5.216706391807635E-002
  5.892642937026282E-002
  5.991589048384849E-002
  5.939646718571134E-002
  3.946159158264195E-002
  3.562920143311554E-002
  4.251921751655896E-002
  4.705413437021810E-002
  5.057123750437342E-002
  4.641886842290177E-002
  3.963348507829645E-002
  5.054633549573706E-002
  5.145152690139798E-002
  5.375982649654010E-002
  5.251916917030153E-002
  3.440119722660961E-002
  5.942122526649996E-002
  5.050208845320869E-002
  5.508513673211690E-002
  4.514275199180762E-002
  3.793136390014229E-002
  4.691976259170239E-002
  3.985211196160843E-002
  3.882684184850349E-002
  3.343787330335524E-002
  3.100790398296205E-002
  3.459712999610876E-002
  3.694157369278106E-002
  6.019879821299445E-002
  4.766929668852726E-002
  6.316876279672179E-002
  6.008220921137031E-002
  5.966242447766967E-002
  4.814342929931803E-002
  5.256440788049976E-002
  7.772059854098712E-002
  4.807968539298135E-002
  3.128852927974879E-002
  4.065102317337310E-002
  4.296183675761267E-002
  4.051692167800447E-002
  3.282385983499259E-002
  4.335699562531314E-002
  3.448245585627840E-002
  3.587008215317089E-002
  3.595299712987488E-002
  3.916121490467561E-002
  3.266807252215187E-002
  3.878677496155447E-002
  2.861283278283389E-002
  2.453182901154249E-002
  3.835431431649650E-002
  3.818406742249247E-002
  3.288379538379982E-002
  4.735132473018322E-002
  2.868605131270630E-002
  4.160071201422910E-002
  3.308259100421218E-002
  2.839237282140306E-002
  3.117442590010722E-002
  3.072842937199416E-002
  4.001581181492209E-002
  3.644604078279989E-002
  3.505734775821501E-002
  2.339936993975100E-002
  4.043022309346267E-002
  3.031777227851407E-002
  4.584381647175817E-002
  2.633891956666212E-002
  3.805639015515860E-002
  2.389576674912441E-002
  3.930509986752262E-002
  3.484957263619604E-002
  3.106559087995175E-002
