 excitation energies, transition moments and TDA amplitudes
 state    eV      nm       fL        Rv(corr)
    1    2.148   577.2     0.6382     7.5422     0.84( 143-> 144)  0.35( 142-> 146)  0.27( 141-> 144)
    2    2.351   527.3     0.2297    -2.2072    -0.79( 142-> 144)  0.41( 143-> 146)  0.25( 141-> 144)
    3    2.806   441.9     0.0654     1.4709     0.89( 141-> 144)  0.24( 142-> 144) -0.22( 143-> 146)
    4    3.589   345.5     0.0114     0.7670     0.65( 137-> 144) -0.38( 138-> 144)  0.35( 143-> 146)
    5    3.658   339.0     0.0305     8.4478    -0.45( 137-> 144)  0.45( 143-> 145)  0.43( 139-> 144)
    6    3.733   332.1     0.0531    13.4733    -0.70( 139-> 144)  0.44( 143-> 145)  0.30( 143-> 147)
    7    3.815   325.0     0.1239    -3.0966     0.64( 143-> 145) -0.45( 143-> 147)  0.35( 143-> 148)
    8    3.957   313.3     0.0932    -0.7948    -0.65( 143-> 147) -0.43( 142-> 145)  0.27( 142-> 148)
    9    4.089   303.2     0.2412    47.6740    -0.60( 136-> 144) -0.40( 138-> 144)  0.25( 142-> 146)
