           6           1  0.359502129952589     
           7           2   1.47788078797227     
           7           6   1.18253358553110     
           8           7  0.942804658055601     
           9           8  0.944289834967115     
          10           3   1.43128476462647     
          10           6   1.28929197400804     
          10           9  0.900638862422186     
          11           9  0.966089191562516     
          12           8  0.942108312695169     
          13          12  0.973311468939519     
          14          13  0.938519564714504     
          15          14   1.81603340933299     
          16          14   1.08821246149067     
          17           1  0.510065971617765     
          18           3   1.27567399293257     
          18          17   1.14206048103690     
          19          18   1.19512073452610     
          20          19   1.41226452228457     
          21           4   1.29079738322162     
          21          17   1.17445193425483     
          21          20   1.13053852563761     
          22          19  0.984901619733509     
          23          20  0.993582097829470     
          24          23   1.80009906132195     
          25          23  0.986435149970362     
          26           1  0.431682696843464     
          27           4   1.44507428710136     
          27          26   1.23336240799578     
          28          27  0.926443590473495     
          29          28  0.951565546623747     
          30           5   1.43987794397944     
          30          26   1.18799288577565     
          30          29  0.939028815369411     
          31          28  0.962899955003781     
          32          29  0.933074314161800     
          33          32   1.01503083835369     
          34           1  0.548632911502390     
          35           5   1.28637593866131     
          35          34   1.12203148847103     
          36          35   1.22628900371135     
          37          36   1.29749603229359     
          38           2   1.13187080596678     
          38          34   1.20598263483106     
          38          37   1.20043679846323     
          39          36   1.01148645790786     
          40          37   1.10722528842588     
          41          40   1.77571757566719     
          42           2  0.937928681633425     
          42          40  0.845461835394696     
          43          42  0.939792361529731     
          44          43   1.78997767736716     
          45          43   1.09704479983275     
          46          45  0.963831534718646     
          47          16  0.954743738206969     
          48          47  0.985904751911630     
          49          48   1.87934353291028     
          50          49  0.979604309475762     
          51          49  0.984556770241684     
          52          51  0.959188469093141     
          53          52  0.983781760778461     
          54          53  0.990335504694625     
          55          54  0.980229575616170     
          56          54  0.938840977439327     
          57          56  0.991462710746090     
          58          57  0.952206923485731     
          59          58  0.975227433886031     
          60          59  0.969422587121241     
          61          59  0.978134039685923     
          62          61  0.979964746971381     
          63          62  0.975642203949107     
          64          63  0.947885500367557     
          65          64  0.981042962202742     
          66          64  0.999559417989504     
          67           3  0.930724726786479     
          68           4  0.926737821950767     
          69           5  0.929617788725962     
          70           8  0.935421081225598     
          71           9  0.952416652685464     
          72          11  0.979275039813559     
          73          11  0.982912752310461     
          74          11  0.979216386958917     
          75          12  0.966638569410686     
          76          12  0.959419002587715     
          77          13  0.964030831347634     
          78          13  0.951724419026410     
          79          22  0.967446157848693     
          80          22  0.968045126804938     
          81          22  0.973202457218928     
          82          25  0.969470506611777     
          83          25  0.935338481722963     
          84          25  0.967497100461816     
          85          28  0.942170033540811     
          86          29  0.941338945102021     
          87          31  0.980045397280775     
          88          31  0.978366673772465     
          89          31  0.982917280153207     
          90          32  0.961785806195915     
          91          32  0.965091720718914     
          92          33  0.981890874344069     
          93          33  0.980945029553484     
          94          33  0.976247298135792     
          95          39  0.972167735870272     
          96          39  0.969850705255670     
          97          39  0.948566908987348     
          98          42  0.925411282771957     
          99          46  0.978504009993977     
         100          46  0.987938160285170     
         101          46  0.987829217500988     
         102          47  0.949012820907834     
         103          47  0.966998090042193     
         104          48  0.942027902018431     
         105          50  0.977724239513696     
         106          50  0.968731424896482     
         107          50  0.976028290185992     
         108          51  0.958732726098974     
         109          51  0.959189948605866     
         110          52  0.965102510789176     
         111          52  0.964875121677329     
         112          53  0.955719850617230     
         113          53  0.951903522554729     
         114          54  0.951597834464761     
         115          55  0.977304881054252     
         116          55  0.979137807335924     
         117          55  0.981470157629416     
         118          56  0.964662803917281     
         119          56  0.961856857037257     
         120          57  0.972182109090576     
         121          57  0.962607286289871     
         122          58  0.968477484328068     
         123          58  0.965017281197041     
         124          59  0.955025066548481     
         125          60  0.976653936524298     
         126          60  0.979858094939659     
         127          60  0.982210271849915     
         128          61  0.963513447682253     
         129          61  0.963420438041772     
         130          62  0.968060136595932     
         131          62  0.971097262606129     
         132          63  0.965277032977987     
         133          63  0.972294852732590     
         134          64  0.953130703024906     
         135          65  0.977578339028562     
         136          65  0.973218177692269     
         137          65  0.977441223311982     
         138          66  0.975071785432048     
         139          66  0.978211337684030     
         140          66  0.974804472868468     
