  0.310960863848935     
  1.205209135916219E-002
 -2.051711489287644E-002
 -3.457255310083163E-002
 -5.183774827879173E-002
 -0.134789471914047     
  3.219676221028633E-002
 -2.973884948618277E-002
 -3.749869469557510E-002
  4.075199471704893E-002
 -7.616642757596193E-002
 -4.414563519592729E-002
 -5.751402971959418E-002
  0.234945480339963     
 -0.244764543968490     
 -0.162038739723038     
 -0.208754379375589     
  3.139183009937296E-002
 -3.401459386403527E-002
 -6.426796789904632E-002
  3.575948167959009E-002
 -7.854558883028773E-002
  0.156035324018564     
 -0.215727862283980     
 -0.104389215286393     
 -0.203811850422825     
  4.862973029247009E-002
 -1.980973603882674E-002
 -3.201745639098963E-002
  5.066330448166045E-002
 -9.401630223462210E-002
 -5.705362784386914E-002
 -9.808647651456148E-002
 -0.216628857644332     
  2.762517921766783E-002
 -1.512760979963801E-002
 -6.458723894417506E-002
  2.486964697449157E-002
 -7.253717290579154E-002
  0.151687009699497     
 -0.205579221839331     
 -2.437006544334697E-002
  0.233397392450401     
 -0.256249045064650     
 -0.162832303174580     
  3.950720264487284E-003
  4.463281285400944E-002
 -7.739964477567973E-002
 -4.147604747873412E-002
 -9.396798850473065E-002
 -5.791771639871168E-002
 -5.685303978753709E-002
 -6.937678279619242E-002
 -1.942136248714910E-002
 -0.102154094922676     
 -8.363585780664895E-002
 -6.800439424449412E-002
 -6.747564689132535E-002
 -3.305705744580134E-002
 -0.111628257943472     
 -6.395623115438109E-002
 -6.817710527577425E-002
 -7.060869951227833E-002
 -3.658328415123524E-002
 -0.105823577319955     
 -9.184861587300830E-002
  5.627804809243930E-002
  6.645377576504186E-002
  5.832705817388883E-002
  4.209617841409652E-002
  3.522385499317027E-002
  3.705675699128075E-002
  4.949104551772099E-002
  4.314695565689508E-002
  3.595527476433524E-002
  5.362068428073108E-002
  4.467261869459416E-002
  4.173486528472503E-002
  4.897694256582641E-002
  5.111767970039915E-002
  4.406028084057301E-002
  4.610770446739709E-002
  4.635095153651703E-002
  3.638287712637378E-002
  4.406331481343451E-002
  4.948187855299269E-002
  4.150188921017395E-002
  2.800213933668527E-002
  3.679008324192024E-002
  3.493683004127068E-002
  3.839967819874879E-002
  4.918424515981357E-002
  3.166018169338358E-002
  4.077004458671485E-002
  4.527566688531770E-002
  5.353005497081109E-002
  4.830984411056061E-002
  5.717034010752509E-002
  5.461412417602873E-002
  5.002481368250145E-002
  4.013422912377496E-002
  5.714401270676972E-002
  5.925287481189756E-002
  2.871687974765558E-002
  4.191810487217740E-002
  4.540524555847503E-002
  3.785017538691604E-002
  4.991531288232465E-002
  4.061668912278893E-002
  3.431915884764691E-002
  3.441789945182794E-002
  3.309399103116550E-002
  3.500159394935087E-002
  4.266979756006428E-002
  3.097317175059522E-002
  2.556017893222184E-002
  4.387487493650721E-002
  2.355480370542040E-002
  3.455498629909581E-002
  2.914108664682480E-002
  3.315155051968377E-002
  2.896924241835075E-002
  4.108079901502848E-002
  3.207757155717650E-002
  2.862885630513690E-002
  3.288011079905373E-002
  3.685352501706374E-002
  3.883872187542936E-002
  3.608797361897220E-002
  3.602199761749669E-002
  3.088910514383192E-002
  3.142557847625660E-002
  3.961722189260586E-002
  2.378442889345977E-002
  3.243649144626781E-002
  3.687010010405678E-002
  3.097587722576789E-002
  4.269998858264989E-002
  4.222992697213435E-002
  3.740334417656199E-002
