 excitation energies, transition moments and TDA amplitudes
 state    eV      nm       fL        Rv(corr)
    1    2.220   558.4     0.6397     0.4800     0.87( 141-> 142) -0.30( 140-> 144) -0.29( 140-> 143)
    2    2.410   514.5     0.0819    -0.6028    -0.83( 140-> 142) -0.37( 141-> 144) -0.33( 141-> 143)
    3    3.312   374.3     0.0476    11.5614     0.74( 139-> 142)  0.37( 141-> 143) -0.37( 138-> 142)
    4    3.475   356.8     0.0457     3.2455    -0.72( 141-> 143)  0.52( 139-> 142)  0.19( 141-> 144)
    5    3.636   341.0     0.0066     1.1993     0.64( 141-> 144) -0.54( 138-> 142) -0.24( 137-> 142)
    6    3.812   325.3     0.1772     1.8358    -0.68( 140-> 143)  0.35( 137-> 142)  0.30( 140-> 144)
    7    3.893   318.5     0.1839   -13.6054     0.59( 141-> 145)  0.44( 141-> 146) -0.35( 140-> 143)
    8    4.020   308.4     0.0142     1.4785     0.70( 135-> 142)  0.50( 137-> 142) -0.32( 138-> 142)
    9    4.053   305.9     0.2311    10.7238    -0.77( 141-> 146) -0.27( 137-> 142) -0.27( 141-> 144)
