           6           1  0.327148553215065     
           7           2   1.32179187710509     
           7           6   1.28064180396200     
           8           7  0.967508155302914     
           9           8  0.931907441205489     
          10           3   1.36233662364898     
          10           6   1.27353568420645     
          10           9  0.956154589587907     
          11           9  0.964993581966990     
          12           8  0.933077166742889     
          13          12  0.985645894329749     
          14          13  0.901871249352578     
          15          14   1.88651064557583     
          16          14   1.05949251135203     
          17           1  0.611818501413786     
          18           3   1.30793881071669     
          18          17   1.13517228842382     
          19          18   1.19057672265441     
          20          19   1.35792278177379     
          21           4   1.17543640416613     
          21          17   1.15785031166076     
          21          20   1.20820308131565     
          22          19  0.969603779282017     
          23          20  0.992415650111317     
          24          23   1.88275920339437     
          25          23  0.900681249150715     
          26           1  0.451076968849518     
          27           4   1.53047417759409     
          27          26   1.14466114789747     
          28          27  0.921289057070087     
          29          28  0.970419198838408     
          30           5   1.39376555927412     
          30          26   1.29773147131981     
          30          29  0.896077839870540     
          31          28  0.976775147732760     
          32          29  0.969678052839590     
          33          32  0.994925260595138     
          34           1  0.419134211348369     
          35           5   1.31211255113343     
          35          34   1.17869369806201     
          36          35   1.11118655291264     
          37          36   1.45068798532509     
          38           2   1.31064157370902     
          38          34   1.21143866428109     
          38          37   1.11512563135096     
          39          36   1.00658477624725     
          40          37  0.984945665074098     
          41          40   1.86354195513323     
          42           2  0.920604747295924     
          42          40  0.876546298905625     
          43          42  0.954918265076149     
          44          43   1.82720677043750     
          45          43   1.03949762439539     
          46          45  0.979732037157929     
          47          16  0.968876923973068     
          48          47  0.963889769937734     
          49          48   1.93229911399226     
          50          49  0.978724330032082     
          51          49  0.938175983319122     
          52          51  0.975100885805114     
          53          52  0.999319573250003     
          54          53  0.981069560752893     
          55          54  0.986127455647855     
          56          54  0.943975268772114     
          57          56  0.997224541975458     
          58          57  0.970816378788465     
          59          58  0.963390149532093     
          60          59  0.984781183241609     
          61          59  0.977656674376940     
          62          61  0.984337548423741     
          63          62  0.970320075379364     
          64          63  0.975095597016817     
          65          64  0.988885669474771     
          66          64  0.974839156084542     
          67           3  0.936645845830080     
          68           4  0.920083638224193     
          69           5  0.935351508596102     
          70           8  0.938655756506175     
          71           9  0.942123201972658     
          72          11  0.980080710392006     
          73          11  0.976838852353191     
          74          11  0.976384049608192     
          75          12  0.964791387492632     
          76          12  0.953749165667569     
          77          13  0.961081899110459     
          78          13  0.955544669323858     
          79          22  0.969258318802275     
          80          22  0.977563930995146     
          81          22  0.975636215573556     
          82          25  0.967819752582155     
          83          25  0.971269001255525     
          84          25  0.980266961724159     
          85          28  0.936118480789111     
          86          29  0.934866883983694     
          87          31  0.974017208715785     
          88          31  0.977809866719980     
          89          31  0.980865949593562     
          90          32  0.964988309564124     
          91          32  0.960171419538111     
          92          33  0.976225081803724     
          93          33  0.984271378347802     
          94          33  0.981028715250804     
          95          39  0.967276838757788     
          96          39  0.961438812626940     
          97          39  0.971416140644954     
          98          42  0.927209824300720     
          99          46  0.981948296501859     
         100          46  0.981470986380225     
         101          46  0.989151895518955     
         102          47  0.966655387758157     
         103          47  0.957366869562655     
         104          48  0.938200146595718     
         105          50  0.974591116701245     
         106          50  0.975068198247099     
         107          50  0.973575417567723     
         108          51  0.953861946215250     
         109          51  0.966146527940714     
         110          52  0.961429664798803     
         111          52  0.960919833236343     
         112          53  0.956586175082009     
         113          53  0.953919587303780     
         114          54  0.952504817346733     
         115          55  0.980719107252591     
         116          55  0.981789253504361     
         117          55  0.973923811984769     
         118          56  0.973271047252847     
         119          56  0.962601845299135     
         120          57  0.961587118033303     
         121          57  0.971523258236984     
         122          58  0.969098420602689     
         123          58  0.960071342577379     
         124          59  0.955651722247411     
         125          60  0.981014293976973     
         126          60  0.982108506718372     
         127          60  0.975379677038929     
         128          61  0.957066366261877     
         129          61  0.959126633202863     
         130          62  0.967583255469810     
         131          62  0.965996637253937     
         132          63  0.966672202599506     
         133          63  0.965976135861363     
         134          64  0.961329421861536     
         135          65  0.977318631747911     
         136          65  0.981336813788148     
         137          65  0.979021775155449     
         138          66  0.979685345323159     
         139          66  0.983093124065074     
         140          66  0.980904427159171     
