  0.296333949085077     
 -2.897554070049324E-004
 -2.475906962554131E-002
 -1.823824234822524E-002
 -3.993631639868500E-002
 -0.119889348446230     
  7.485603114135042E-003
 -1.313076510307898E-002
 -4.179846956194488E-002
  2.959163947499510E-002
 -9.479493113537085E-002
 -6.806988884985010E-002
 -5.024578376590405E-002
  0.202277237708943     
 -0.254873285413655     
 -0.138006702684744     
 -0.208573754500424     
  4.702344047735174E-002
 -3.282031090661164E-003
 -5.549701714056798E-002
  6.931222995405584E-002
 -7.618179099157274E-002
  0.119421304600827     
 -0.262766228466641     
 -9.294251576664170E-002
 -0.165536637215215     
  3.894713136166494E-002
 -2.419759709701097E-003
 -2.283666955272068E-002
  8.701318964575488E-003
 -8.664326832739988E-002
 -5.968711753845568E-002
 -9.604597185699770E-002
 -0.211209925060952     
  3.757649527335705E-003
 -2.372871976924884E-002
 -5.703016729069077E-002
 -1.813316797077835E-002
 -5.902717005531599E-002
  0.202254254652435     
 -0.200303434072610     
 -3.485820398485551E-002
  0.212161976018388     
 -0.282454446381246     
 -0.154071357774478     
  1.605685650371447E-002
  7.044263829008512E-002
 -8.286211479257766E-002
 -2.940672453503179E-002
 -0.108656948220267     
 -4.649537439167606E-002
 -6.513745990755293E-002
 -6.924274248587903E-002
 -1.653800882336753E-002
 -0.102870656436544     
 -6.423913325112807E-002
 -6.251093563760790E-002
 -7.339961470673462E-002
 -2.452186193360451E-002
 -0.104434972663154     
 -7.713406259496303E-002
 -6.767274330767314E-002
 -5.309688794014988E-002
 -1.010449964982207E-002
 -0.115690597210368     
 -0.100785563930169     
  5.249607551221036E-002
  6.485067441191650E-002
  5.414896795693824E-002
  5.080739799658829E-002
  3.534274488551070E-002
  3.358870267591108E-002
  4.522894946777056E-002
  4.637331216587548E-002
  2.758255144512700E-002
  6.385972314915123E-002
  5.036111976155944E-002
  4.669549447342447E-002
  4.878324735639139E-002
  5.094362308064582E-002
  4.416130452636868E-002
  4.513630829609305E-002
  4.942152480163442E-002
  4.740919599465543E-002
  5.142240821966237E-002
  5.234421958813917E-002
  3.978558210470395E-002
  4.192515119313056E-002
  3.377971883247588E-002
  4.346620543328661E-002
  2.654305285070102E-002
  2.781057433558765E-002
  2.550916288230021E-002
  4.287265721893918E-002
  5.942450381657394E-002
  6.013978284502053E-002
  6.052870713210001E-002
  6.470029071457073E-002
  4.438762028570309E-002
  4.926858602993101E-002
  5.708345231298151E-002
  6.067283359322340E-002
  6.969512605659411E-002
  2.074170495899508E-002
  4.092169048350325E-002
  2.992179974532416E-002
  3.833179634188388E-002
  4.289742329126756E-002
  3.921179267748676E-002
  3.497887846142311E-002
  2.202978315258786E-002
  3.248044923618842E-002
  3.259114643346295E-002
  3.143903763849509E-002
  2.700409579367924E-002
  3.798491510230650E-002
  3.425483346889557E-002
  3.134622895721995E-002
  3.808753233597717E-002
  3.679620985271459E-002
  2.863136124723298E-002
  4.201546975662496E-002
  2.543109750856276E-002
  3.041173127157770E-002
  2.916035775232295E-002
  4.405544525764704E-002
  2.745914605598132E-002
  2.816000764229198E-002
  3.529253453734182E-002
  3.419757246247379E-002
  3.165387602459124E-002
  3.381885719441180E-002
  4.186747594371809E-002
  2.527542780200231E-002
  3.216979051740920E-002
  3.664115970747051E-002
  2.665830511138212E-002
  3.816337548201920E-002
  4.003131861709508E-002
  1.763140471512337E-002
