           6           1  0.422471639902184     
           7           2   1.45069921455725     
           7           6   1.19230176805971     
           8           7  0.938430999515087     
           9           8  0.941459971243956     
          10           3   1.38604016957243     
          10           6   1.24890610587389     
          10           9  0.929257017967258     
          11           9  0.935900949744289     
          12           8  0.960988389516794     
          13          12  0.951543733146620     
          14          13  0.920532961138173     
          15          14   1.84107434938412     
          16          14   1.07609418979620     
          17           1  0.517316243872649     
          18           3   1.31220109478169     
          18          17   1.09232976375517     
          19          18   1.20881915503726     
          20          19   1.40812902481379     
          21           4   1.23211117600935     
          21          17   1.28838426503656     
          21          20   1.07395087139828     
          22          19   1.00998922100984     
          23          20   1.02172528561943     
          24          23   1.81520621953899     
          25          23  0.938963775017296     
          26           1  0.399216381574885     
          27           4   1.46098076493132     
          27          26   1.23654787336028     
          28          27  0.894028181763601     
          29          28  0.952672215513980     
          30           5   1.37463574666501     
          30          26   1.25157817632939     
          30          29  0.927235869895427     
          31          28  0.989180907986432     
          32          29  0.954039395616837     
          33          32  0.998243151358968     
          34           1  0.484666249286860     
          35           5   1.31647817498730     
          35          34   1.18335364027217     
          36          35   1.11003175301178     
          37          36   1.44376496356126     
          38           2   1.19144890271868     
          38          34   1.17312120492677     
          38          37   1.18938100026279     
          39          36  0.992969889506694     
          40          37   1.00847030082740     
          41          40   1.90955662142640     
          42           2  0.942721609013550     
          42          40  0.825976327157599     
          43          42  0.944689140131490     
          44          43   1.78637402650300     
          45          43   1.08801729898622     
          46          45  0.971332912348883     
          47          16  0.967267089750292     
          48          47   1.00392916478575     
          49          48   1.87408459596677     
          50          49  0.981788234467386     
          51          49  0.963648849267961     
          52          51  0.975807991970060     
          53          52  0.966928496991286     
          54          53  0.975824608553730     
          55          54  0.975445340776711     
          56          54  0.983939212247659     
          57          56  0.975269487699047     
          58          57  0.975209858504484     
          59          58  0.985347351302126     
          60          59  0.993019113459734     
          61          59  0.954609190112248     
          62          61  0.993301157823359     
          63          62  0.965682755834234     
          64          63   1.01446883538294     
          65          64  0.960286986228805     
          66          64  0.995326011512658     
          67           3  0.931525427027774     
          68           4  0.935045539514512     
          69           5  0.938833970289114     
          70           8  0.938768394318243     
          71           9  0.953893499631075     
          72          11  0.982292261316797     
          73          11  0.980499782902023     
          74          11  0.977146070067222     
          75          12  0.963199202628188     
          76          12  0.941866126542647     
          77          13  0.960245787709257     
          78          13  0.966269916333514     
          79          22  0.971552598305837     
          80          22  0.951559596130577     
          81          22  0.964619431895524     
          82          25  0.967019009201799     
          83          25  0.974258954555024     
          84          25  0.962258324960785     
          85          28  0.946372000040639     
          86          29  0.935619017802947     
          87          31  0.973614707393246     
          88          31  0.971097626814299     
          89          31  0.977394642215026     
          90          32  0.958885511174226     
          91          32  0.965218248256483     
          92          33  0.978796117489703     
          93          33  0.984281905557061     
          94          33  0.979813101102350     
          95          39  0.975453787496434     
          96          39  0.958964069109209     
          97          39  0.967965816508048     
          98          42  0.927561274685962     
          99          46  0.985218082290977     
         100          46  0.988002569403876     
         101          46  0.980769282543674     
         102          47  0.954055727794419     
         103          47  0.944664046111121     
         104          48  0.939394380586392     
         105          50  0.975428985696181     
         106          50  0.976763777429202     
         107          50  0.966973541985644     
         108          51  0.963329314112174     
         109          51  0.965168443515317     
         110          52  0.967920198096486     
         111          52  0.977482031030881     
         112          53  0.966874324779281     
         113          53  0.961053478822834     
         114          54  0.948758234546034     
         115          55  0.982058120527567     
         116          55  0.980798990661620     
         117          55  0.979816333068778     
         118          56  0.964749898514847     
         119          56  0.950656840609985     
         120          57  0.964458680754698     
         121          57  0.972936694172581     
         122          58  0.961665009455768     
         123          58  0.956222140358066     
         124          59  0.951772984648048     
         125          60  0.981277606795582     
         126          60  0.975078619029609     
         127          60  0.979847142117077     
         128          61  0.959702326302853     
         129          61  0.960601744785805     
         130          62  0.965854476817591     
         131          62  0.969180814996011     
         132          63  0.960781733967540     
         133          63  0.951412491448429     
         134          64  0.950227117087238     
         135          65  0.981313754090961     
         136          65  0.985071073745650     
         137          65  0.980081750935936     
         138          66  0.975597741435968     
         139          66  0.971682836825032     
         140          66  0.979487391687413     
