  0.287099360115848     
  1.945645812624575E-002
 -5.446380372302873E-002
 -2.224705146638417E-002
 -2.897520235671269E-002
 -0.160224647075598     
  4.670318212307167E-002
 -4.115460108037627E-002
 -2.131637759827409E-002
  1.653035305557538E-002
 -9.573745567931091E-002
 -6.347823329677293E-002
 -5.610603099379574E-002
  0.212909256891572     
 -0.249125907504832     
 -0.174003535572248     
 -0.205231420717399     
  3.463349374155378E-003
 -5.817162366723139E-002
 -5.412772616424899E-002
  1.805175580625384E-002
 -6.393535308379583E-002
  0.141035986999187     
 -0.261844075166395     
 -7.366133888586557E-002
 -0.136317274123957     
  2.257909381984113E-004
  2.341939655067460E-003
 -1.631554839153893E-002
  4.084433656427233E-002
 -7.091733715225335E-002
 -5.442732072204937E-002
 -9.641214245964225E-002
 -0.203841437933168     
  2.177097080864332E-002
  1.278808661654018E-002
 -7.008928546409354E-002
  3.382503425242867E-002
 -6.644886063173150E-002
  0.171061247117094     
 -0.218555447984992     
 -6.174359896938952E-002
  0.231746533294884     
 -0.250168390734485     
 -0.157731196686852     
  1.401627678852924E-002
  5.650189480294188E-002
 -6.279532458106285E-002
 -1.134678421881752E-002
 -9.895491859257000E-002
 -7.021062946524559E-002
 -4.964139101126275E-002
 -5.889652667474721E-002
 -2.450146628056782E-002
 -0.114934612938273     
 -7.221679891662625E-002
 -6.513291051241321E-002
 -8.537564408644549E-002
 -2.937912171895363E-002
 -9.535098456323876E-002
 -6.445153455855479E-002
 -6.458099145708740E-002
 -7.250810926508766E-002
 -1.378026157572965E-002
 -0.105999180878491     
 -0.106295640379588     
  4.886436963423724E-002
  6.166179393649074E-002
  5.473392139250288E-002
  4.428890098869376E-002
  5.141125835220117E-002
  3.500163250686517E-002
  3.767054255802182E-002
  4.809475094835292E-002
  3.645291592628208E-002
  3.659263157028958E-002
  4.061728291710309E-002
  5.496655305611486E-002
  5.838282477553913E-002
  5.748393813190122E-002
  4.876394077601165E-002
  5.412945917710832E-002
  5.351344256038837E-002
  4.420629049580738E-002
  5.881650153796825E-002
  4.823050569358300E-002
  4.209326198904106E-002
  3.636151539724153E-002
  4.793492853449077E-002
  3.006911175912286E-002
  3.958998467529495E-002
  3.364768106714278E-002
  3.483340942216784E-002
  3.644455377894951E-002
  5.139716053946186E-002
  4.536658704336138E-002
  5.280331256992077E-002
  5.094859212504543E-002
  5.363957368931138E-002
  5.156048031757954E-002
  5.016018414506240E-002
  5.729904795681595E-002
  6.305466299693629E-002
  4.150477880769465E-002
  3.565073284894449E-002
  3.530505471043577E-002
  4.711919942585896E-002
  3.591659573204087E-002
  4.295166237895975E-002
  3.421198873695086E-002
  4.192145888649346E-002
  3.960420095062311E-002
  2.805563858839977E-002
  2.900579492584454E-002
  2.091288221419252E-002
  2.779656846107148E-002
  3.492043631253572E-002
  3.429706965598667E-002
  4.300421452710412E-002
  3.632202086661318E-002
  3.610284886256232E-002
  2.716682115580216E-002
  4.071206092880697E-002
  2.557604156664872E-002
  3.511292550765255E-002
  3.573236672630609E-002
  3.192107342113093E-002
  3.735338395764809E-002
  2.985612410231420E-002
  2.945589656745440E-002
  3.655461424879758E-002
  3.059660174289147E-002
  2.746037169981241E-002
  3.472762069088531E-002
  3.085363416065801E-002
  3.444511425209662E-002
  3.290385298869469E-002
  4.265572656877015E-002
  2.977551052588523E-002
  3.420285098371911E-002
