 excitation energies, transition moments and TDA amplitudes
 state    eV      nm       fL        Rv(corr)
    1    2.268   546.7     0.6831     2.5283     0.87( 143-> 144)  0.36( 142-> 146) -0.22( 142-> 145)
    2    2.308   537.2     0.1476    -1.7884     0.85( 142-> 144) -0.36( 143-> 146)  0.26( 143-> 145)
    3    3.057   405.6     0.0136     4.8468    -0.94( 141-> 144)  0.13( 137-> 144)  0.12( 142-> 144)
    4    3.651   339.6     0.0104    -3.7221     0.78( 140-> 144) -0.41( 143-> 145) -0.27( 139-> 144)
    5    3.825   324.2     0.0126    -3.8653    -0.54( 143-> 146) -0.53( 142-> 145) -0.45( 143-> 145)
    6    3.859   321.3     0.1998   -11.5231     0.56( 143-> 145) -0.54( 142-> 145) -0.24( 142-> 146)
    7    3.968   312.4     0.1679    -1.1105    -0.45( 143-> 149) -0.43( 138-> 144) -0.39( 143-> 146)
    8    4.009   309.3     0.0360    -2.3570     0.62( 143-> 149) -0.41( 138-> 144) -0.35( 137-> 144)
    9    4.123   300.7     0.3505   -33.3100    -0.38( 139-> 144)  0.36( 137-> 144) -0.31( 142-> 146)
