 excitation energies, transition moments and TDA amplitudes
 state    eV      nm       fL        Rv(corr)
    1    2.269   546.3     0.4873     2.7948    -0.74( 143-> 144) -0.45( 142-> 144) -0.38( 142-> 146)
    2    2.333   531.5     0.3446    -0.1385    -0.74( 142-> 144)  0.46( 143-> 144)  0.32( 143-> 146)
    3    3.105   399.3     0.0073   -13.1002     0.95( 141-> 144)  0.14( 139-> 145) -0.12( 142-> 145)
    4    3.391   365.6     0.0520    11.2166     0.84( 139-> 144) -0.35( 143-> 146)  0.22( 137-> 144)
    5    3.663   338.5     0.0135    -3.3679     0.68( 143-> 145) -0.62( 143-> 147)  0.23( 143-> 146)
    6    3.780   328.0     0.0480   -52.8923     0.77( 142-> 145) -0.33( 142-> 147)  0.24( 142-> 146)
    7    3.895   318.3     0.1843     4.3324    -0.52( 142-> 147) -0.45( 143-> 146) -0.39( 137-> 144)
    8    3.928   315.6     0.1074   -29.6109     0.54( 143-> 147)  0.54( 143-> 145) -0.28( 143-> 148)
    9    4.021   308.4     0.0371    -8.9947     0.53( 137-> 144) -0.39( 138-> 144) -0.35( 142-> 147)
