           7           2   1.39682369948672     
           7           6   1.27717089471633     
           8           7  0.892761306933060     
           9           8  0.964558338846717     
          10           3   1.40851522675181     
          10           6   1.29849049672280     
          10           9  0.915692103877271     
          11           9  0.971347832841984     
          12           8  0.970800576854708     
          13          12  0.958695217854805     
          14          13  0.938491209548847     
          15          14   1.80878008186925     
          16          14   1.08450654605992     
          17           1  0.596613522287913     
          18           3   1.26306207960410     
          18          17   1.10204098633136     
          19          18   1.26669247081129     
          20          19   1.38418995290705     
          21           4   1.34194655088214     
          21          17   1.15970195655332     
          21          20   1.10213449616448     
          22          19  0.974681562057362     
          23          20  0.968305273993664     
          24          23   1.83403441006808     
          25          23  0.986445210091276     
          26           1  0.382225513061695     
          27           4   1.38348364760409     
          27          26   1.32142208105926     
          28          27  0.883086184113554     
          29          28  0.968116243748429     
          30           5   1.41981420212058     
          30          26   1.20072448444943     
          30          29  0.961705203467226     
          31          28  0.985400663100207     
          32          29  0.929398292190385     
          33          32   1.01590597371920     
          34           1  0.500358106196414     
          35           5   1.24665323544067     
          35          34   1.21005024205925     
          36          35   1.18582892542483     
          37          36   1.31850977850873     
          38           2   1.22234532321304     
          38          34   1.17022117302739     
          38          37   1.18935796264592     
          39          36  0.989787855332703     
          40          37   1.14312916853853     
          41          40   1.74135204262513     
          42           2  0.940887112187126     
          42          40  0.855503615177824     
          43          42  0.947077059818269     
          44          43   1.78856092986926     
          45          43   1.08024349876195     
          46          45  0.968066464071359     
          47          16  0.960233673891967     
          48          47  0.985893328023215     
          49          48   1.86132236852782     
          50          49   1.00300136963056     
          51          49  0.965004386826672     
          52          51  0.945171378409298     
          53          52  0.991285948829537     
          54          53  0.955799499384234     
          55          54  0.987055524511729     
          56          54  0.978117829294451     
          57          56  0.966366871422899     
          58          57  0.995485275764921     
          59          58  0.945177606036314     
          60          59  0.985642287750040     
          61          59  0.973993413031997     
          62          61  0.981221562361855     
          63          62  0.997239023943857     
          64          63  0.951191943611790     
          65          64  0.977468533536282     
          66          64  0.995433903551173     
          67           3  0.936082419683072     
          68           4  0.924272214893134     
          69           5  0.940629116609081     
          70           8  0.936494734204090     
          71           9  0.941984382288433     
          72          11  0.971466438363801     
          73          11  0.979503114191446     
          74          11  0.974618740965176     
          75          12  0.963607875831926     
          76          12  0.959271821318231     
          77          13  0.952288010533704     
          78          13  0.964539269314849     
          79          22  0.974373143960382     
          80          22  0.976768676198098     
          81          22  0.967091392586625     
          82          25  0.949082523283150     
          83          25  0.963159711797410     
          84          25  0.966317282196146     
          85          28  0.939029562585009     
          86          29  0.926018620405149     
          87          31  0.976376117883469     
          88          31  0.976901354810407     
          89          31  0.971577724708863     
          90          32  0.961870168259783     
          91          32  0.964485889268339     
          92          33  0.975500984451156     
          93          33  0.982372721070302     
          94          33  0.977029611421570     
          95          39  0.974064096822280     
          96          39  0.976457877533032     
          97          39  0.965355730452660     
          98          42  0.925383500389245     
          99          46  0.979577645244996     
         100          46  0.988632041890693     
         101          46  0.986628899278987     
         102          47  0.966519536323374     
         103          47  0.952252425551514     
         104          48  0.944328445154426     
         105          50  0.973248613291260     
         106          50  0.963734996500107     
         107          50  0.973390109481685     
         108          51  0.966698231536809     
         109          51  0.963626996257016     
         110          52  0.973797088779203     
         111          52  0.973358133825318     
         112          53  0.966840309067793     
         113          53  0.965055214478908     
         114          54  0.950223821742330     
         115          55  0.982478552496086     
         116          55  0.973026376128467     
         117          55  0.979476969310986     
         118          56  0.964294398817498     
         119          56  0.960450587558822     
         120          57  0.965291980858404     
         121          57  0.967177896694757     
         122          58  0.957664988446681     
         123          58  0.963043098722045     
         124          59  0.955528658888747     
         125          60  0.979388800709834     
         126          60  0.981042845360759     
         127          60  0.974924403635486     
         128          61  0.954921880759123     
         129          61  0.970764515927244     
         130          62  0.965075670045432     
         131          62  0.960711451252269     
         132          63  0.959606359634860     
         133          63  0.961366063157103     
         134          64  0.959311305374112     
         135          65  0.980565968751155     
         136          65  0.976783074603073     
         137          65  0.981790888087447     
         138          66  0.977186407231985     
         139          66  0.972877073541749     
         140          66  0.979152031877205     
