  0.304516524876315     
  2.785185432010895E-003
 -7.029593404913026E-002
 -3.298783223710267E-002
 -1.278774063255472E-002
 -0.170638063988282     
  4.217583211950204E-002
 -3.220294993087247E-002
 -3.087821832558113E-002
  3.534782582289475E-002
 -8.062210015131122E-002
 -5.233224262523972E-002
 -4.627799997745630E-002
  0.193824856605178     
 -0.288737823008553     
 -0.130170923539824     
 -0.227083825811309     
  1.340321267650291E-002
 -2.887907216286223E-002
 -6.902939028766042E-002
  1.817767653426161E-002
 -7.821187193766832E-002
  0.166763461505577     
 -0.225195213100656     
 -9.578859133176287E-002
 -0.153583876573926     
  3.477387352207595E-002
 -2.472768764981303E-002
 -2.456218276645838E-002
  5.045734290409909E-002
 -9.658924025128623E-002
 -3.955225042969435E-002
 -8.345524847726171E-002
 -0.207049442287036     
  4.248773535472372E-002
  2.004504917614236E-002
 -4.414362358974699E-002
  3.669502559020410E-002
 -5.904295228464651E-002
  0.158121281315881     
 -0.247160254955290     
 -3.210883222060446E-002
  0.220337857395307     
 -0.293826362648604     
 -0.145620804737137     
  8.602496793443937E-003
  4.217499016896742E-002
 -9.185874437765840E-002
 -1.959257679386450E-002
 -8.332070096380750E-002
 -7.870742847153434E-002
 -5.853664563701599E-002
 -7.710174965165528E-002
 -2.051374176861298E-002
 -0.123340686319308     
 -5.939273176162896E-002
 -7.479510464515737E-002
 -6.333195684729276E-002
 -2.572152544102213E-002
 -0.108986801205368     
 -6.847988380109804E-002
 -7.492551653493340E-002
 -7.030630413557137E-002
 -1.706282043963991E-002
 -0.102611685467489     
 -0.101586865482519     
  5.119596244286184E-002
  5.534368584014926E-002
  4.394462971717006E-002
  5.447064141571967E-002
  3.946521217587440E-002
  3.810213135074259E-002
  3.782722848398778E-002
  4.771974723392836E-002
  3.604526585552204E-002
  5.088390566137646E-002
  4.715723843405428E-002
  5.001841037101584E-002
  5.718561775248787E-002
  4.884378439857384E-002
  5.260118619933718E-002
  4.640018503460308E-002
  5.550837133857478E-002
  4.258189091349662E-002
  4.409233885382868E-002
  5.840169243877791E-002
  3.571388592777403E-002
  3.289180164576577E-002
  4.211481847531195E-002
  3.183255676175778E-002
  3.868399900192598E-002
  3.151466003697545E-002
  3.485569171794911E-002
  4.128847335067887E-002
  5.371398921161741E-002
  5.785893545682264E-002
  4.470414112816812E-002
  6.038435772354378E-002
  5.482592236148465E-002
  5.550341143311965E-002
  4.359723158691242E-002
  7.037838542594654E-002
  4.739522577677857E-002
  4.329829043042632E-002
  4.216083791235037E-002
  4.750033221230821E-002
  4.316061955574213E-002
  4.165358355825521E-002
  3.282222827454495E-002
  3.449825967574260E-002
  4.653408765621925E-002
  2.641364738494223E-002
  5.004312757419227E-002
  4.436014235173202E-002
  2.716341422918134E-002
  3.703866078795159E-002
  2.703915401073342E-002
  4.053931175297376E-002
  3.694051904858020E-002
  2.404899937619887E-002
  4.879134833422649E-002
  3.341060659225203E-002
  4.085681156100407E-002
  3.598724409242338E-002
  3.369551521925096E-002
  2.862855427552513E-002
  3.228190183497914E-002
  3.767900760715626E-002
  3.329616403551239E-002
  3.432796315869302E-002
  2.170608166571819E-002
  2.869146743277340E-002
  3.744053174044248E-002
  2.690219922829129E-002
  3.498717237648052E-002
  3.769281836621685E-002
  2.274930714428547E-002
  4.296515902906040E-002
  3.203296974336245E-002
  2.864114175708798E-002
