 excitation energies, transition moments and TDA amplitudes
 state    eV      nm       fL        Rv(corr)
    1    2.152   576.1     0.1375   -15.5786     0.79( 139-> 141)  0.41( 140-> 141) -0.30( 140-> 143)
    2    2.326   533.0     0.5606     5.5919     0.76( 140-> 141)  0.41( 139-> 143) -0.38( 139-> 141)
    3    3.225   384.4     0.0054   -39.4997    -0.90( 138-> 141)  0.26( 139-> 142) -0.16( 137-> 142)
    4    3.500   354.3     0.0508     6.7510    -0.60( 140-> 143)  0.47( 137-> 141) -0.40( 139-> 142)
    5    3.637   340.9     0.2227    21.4175     0.83( 140-> 142)  0.39( 137-> 141)  0.14( 138-> 141)
    6    3.808   325.6     0.2671    23.1277    -0.65( 139-> 142) -0.39( 137-> 141) -0.29( 139-> 143)
    7    3.961   313.0     0.4492    46.2001     0.59( 140-> 145)  0.41( 139-> 142) -0.40( 140-> 143)
    8    4.027   307.9     0.0756    -9.4167    -0.50( 139-> 145)  0.43( 139-> 144)  0.40( 140-> 144)
    9    4.152   298.6     0.8027    10.4739     0.47( 140-> 145)  0.46( 139-> 143)  0.33( 140-> 144)
