           6           1  0.374231963854309     
           7           2   1.40292472627301     
           7           6   1.21065013432348     
           8           7  0.960725903603594     
           9           8  0.950581046673815     
          10           3   1.36615205422492     
          10           6   1.30496088088894     
          10           9  0.932194527263000     
          11           9  0.970170745059380     
          12           8  0.911523802188702     
          13          12  0.979611296940052     
          14          13  0.921842990921040     
          15          14   1.79212835928095     
          16          14   1.11785932487476     
          17           1  0.573198641435125     
          18           3   1.30034839638833     
          18          17   1.14551654733567     
          19          18   1.15082210292213     
          20          19   1.50643907796906     
          21           4   1.31017079695529     
          21          17   1.17215888132405     
          21          20   1.05986190468912     
          22          19  0.977007254075729     
          23          20  0.947957103891302     
          24          23   1.87570619838016     
          25          23  0.960627732644681     
          26           1  0.388625266524682     
          27           4   1.40001215788855     
          27          26   1.25317686355857     
          28          27  0.933548195946132     
          29          28  0.958844664839631     
          30           5   1.42961618416394     
          30          26   1.24537448089729     
          30          29  0.924639451739839     
          31          28  0.951895960355034     
          32          29  0.939136523465154     
          33          32   1.01185617870772     
          34           1  0.461734013817608     
          35           5   1.33799249531948     
          35          34   1.10439151173099     
          36          35   1.16173016947123     
          37          36   1.37114638795668     
          38           2   1.19316087833526     
          38          34   1.29086551788193     
          38          37   1.11032416840832     
          39          36  0.995988787729503     
          40          37   1.13155739517187     
          41          40   1.77563905387967     
          42           2  0.947921183428132     
          42          40  0.841659664295905     
          43          42  0.941981129290211     
          44          43   1.78571725072787     
          45          43   1.09453187826417     
          46          45  0.970968601728872     
          47          16  0.956292367040964     
          48          47  0.967195595949736     
          49          48   1.91444180709029     
          50          49  0.970916037348446     
          51          49  0.964359076160176     
          52          51  0.968364837619737     
          53          52  0.973995953061573     
          54          53  0.969877301927916     
          55          54  0.976050300506047     
          56          54  0.987941567192865     
          57          56  0.971677417376807     
          58          57  0.984670262421706     
          59          58  0.965561131473374     
          60          59  0.987494231916732     
          61          59  0.965316832621708     
          62          61  0.993598079610192     
          63          62  0.977123462855995     
          64          63  0.976628106839647     
          65          64  0.994041570675292     
          66          64  0.980995121652244     
          67           3  0.937932836617633     
          68           4  0.930458395562161     
          69           5  0.925298266291282     
          70           8  0.935271244619339     
          71           9  0.942223750531587     
          72          11  0.980562750998512     
          73          11  0.980273998387663     
          74          11  0.974038690294330     
          75          12  0.968835989655307     
          76          12  0.960647069133502     
          77          13  0.953930218493398     
          78          13  0.967277607105610     
          79          22  0.967888007166251     
          80          22  0.971775788358453     
          81          22  0.967171122247398     
          82          25  0.966068836039150     
          83          25  0.953829670603412     
          84          25  0.970553105148675     
          85          28  0.946985951385954     
          86          29  0.939390733107907     
          87          31  0.978896452401397     
          88          31  0.977980441349814     
          89          31  0.980568649543066     
          90          32  0.966923262906795     
          91          32  0.964934937817971     
          92          33  0.967794877760777     
          93          33  0.979908655157891     
          94          33  0.980768851012221     
          95          39  0.964452971377606     
          96          39  0.967926702411056     
          97          39  0.976078343544227     
          98          42  0.925027936816671     
          99          46  0.987140241582824     
         100          46  0.978864367739186     
         101          46  0.984902641753627     
         102          47  0.957051627345313     
         103          47  0.973864467594457     
         104          48  0.937186377093625     
         105          50  0.971642587037560     
         106          50  0.973520794382665     
         107          50  0.978033544290843     
         108          51  0.956876284542297     
         109          51  0.962346668382618     
         110          52  0.967129186788765     
         111          52  0.966226872755535     
         112          53  0.966021905090556     
         113          53  0.951475989118164     
         114          54  0.940329197169092     
         115          55  0.977076956758421     
         116          55  0.977108226830120     
         117          55  0.976669674462668     
         118          56  0.954058034832107     
         119          56  0.962226651486886     
         120          57  0.973067233662561     
         121          57  0.954952126386318     
         122          58  0.962906741050768     
         123          58  0.963422728356653     
         124          59  0.952000053850409     
         125          60  0.977536491096782     
         126          60  0.981655805493314     
         127          60  0.980916075500536     
         128          61  0.961530764933560     
         129          61  0.954519099499204     
         130          62  0.960869465478957     
         131          62  0.967056611541632     
         132          63  0.959851461077028     
         133          63  0.963517637104278     
         134          64  0.957442565971306     
         135          65  0.975297093464318     
         136          65  0.979692438292136     
         137          65  0.981052102704875     
         138          66  0.974591278965602     
         139          66  0.981785693365096     
         140          66  0.983181814457446     
