 excitation energies, transition moments and TDA amplitudes
 state    eV      nm       fL        Rv(corr)
    1    2.103   589.7     0.5392   -13.8853     0.83( 143-> 144)  0.30( 142-> 146)  0.28( 142-> 144)
    2    2.323   533.6     0.2456    -2.7918    -0.80( 142-> 144)  0.40( 143-> 146)  0.28( 143-> 144)
    3    3.161   392.2     0.0293    -0.0519     0.82( 141-> 144)  0.33( 140-> 144)  0.29( 138-> 144)
    4    3.421   362.4     0.0001     1.4436    -0.53( 138-> 144) -0.48( 140-> 144)  0.47( 141-> 144)
    5    3.527   351.6     0.0020    -3.6931    -0.66( 143-> 145)  0.30( 140-> 144)  0.29( 136-> 144)
    6    3.731   332.3     0.0140   -16.7931    -0.49( 140-> 144) -0.46( 143-> 145) -0.33( 136-> 144)
    7    3.772   328.7     0.0525    -2.0034     0.73( 143-> 148)  0.63( 143-> 147)  0.13( 136-> 144)
    8    3.944   314.3     0.0038    -7.6122    -0.46( 137-> 144) -0.35( 136-> 144) -0.33( 138-> 144)
    9    3.985   311.1     0.0824   -16.9464     0.61( 142-> 145)  0.40( 143-> 146) -0.36( 143-> 145)
