  0.318430856480637     
  8.001367073838139E-003
 -2.280258756630271E-002
 -4.183083698366996E-002
 -3.324158812985711E-002
 -0.133090004806616     
  3.049186864940490E-002
 -1.122394309869712E-002
 -1.954839812303266E-002
  3.908124326584561E-002
 -8.420094730714034E-002
 -5.925127408977016E-002
 -6.864956303311143E-002
  0.215246689851923     
 -0.245708253419072     
 -0.152329829910957     
 -0.206841464853595     
  2.743467133161470E-002
 -6.982512915111982E-003
 -5.943053912336804E-002
  3.861211987809066E-002
 -7.189411349339192E-002
  0.158645099083276     
 -0.248145827626137     
 -0.104832285749702     
 -0.177301983935747     
  1.980697999149328E-002
 -6.391253548011733E-003
 -2.448406259306157E-002
  4.915676526279844E-002
 -8.158549881001509E-002
 -6.537466229009414E-002
 -0.103014667395821     
 -0.204679921625241     
  2.514670833582322E-002
 -2.875191896789708E-002
 -3.355214671262630E-002
  1.417852342593973E-002
 -7.147790193759818E-002
  0.151305681206581     
 -0.228406991047270     
 -1.632671009382403E-002
  0.218087499381932     
 -0.264404370781386     
 -0.160128030401888     
 -1.634061068350690E-002
  2.812768449596836E-002
 -8.659972644782510E-002
 -2.897562007005750E-002
 -9.202191987411279E-002
 -7.218195432262142E-002
 -3.793925223783745E-002
 -6.853890751416447E-002
 -2.254757081336844E-002
 -0.101826736143395     
 -8.068537853451296E-002
 -6.661571863420868E-002
 -6.714658560677034E-002
 -2.950235621190433E-002
 -0.101093941629920     
 -7.106139094855735E-002
 -6.903613721632595E-002
 -8.297961657916719E-002
 -1.248939976769936E-002
 -0.123440627544560     
 -8.948463032366050E-002
  5.120923146861545E-002
  5.816849333153440E-002
  5.926891601693918E-002
  4.964984757088498E-002
  4.136575276192300E-002
  4.063512173646711E-002
  5.333298703460632E-002
  3.576134161880840E-002
  4.302963183264652E-002
  3.393043733818102E-002
  5.768007187512603E-002
  3.874881894058435E-002
  4.060706193329133E-002
  5.341899948292828E-002
  5.348057179048427E-002
  4.195548839435970E-002
  4.385480914610673E-002
  3.775093927153905E-002
  5.148291230852309E-002
  5.474174201192450E-002
  3.982213829256676E-002
  4.762190003838340E-002
  3.144931431509290E-002
  4.572925849364140E-002
  2.885413528701253E-002
  3.050864972343303E-002
  3.179382096771244E-002
  2.831025166593570E-002
  4.462464371213315E-002
  5.268934304397288E-002
  4.607440420862008E-002
  7.265705639752140E-002
  3.139970960236316E-002
  6.930817100966935E-002
  7.435373352912966E-002
  4.299079939500550E-002
  6.290998847445739E-002
  2.859526309555882E-002
  3.745517134035103E-002
  4.378291909815968E-002
  4.453395915339320E-002
  5.085252188412759E-002
  1.954422093423425E-002
  3.924039113173017E-002
  3.622849710280007E-002
  2.890706761714723E-002
  3.369028884595637E-002
  3.080883399977941E-002
  3.697647053829656E-002
  3.277799352071131E-002
  3.730462628183739E-002
  2.181746855218214E-002
  3.281703798803592E-002
  4.809323867856463E-002
  2.735944087168996E-002
  3.686562595924114E-002
  3.523972903014483E-002
  4.623398410554458E-002
  3.305558445926859E-002
  3.139203015800685E-002
  4.010578618069138E-002
  2.490939110398638E-002
  4.291888082180706E-002
  3.953916891896891E-002
  3.604063464319696E-002
  3.885838563080724E-002
  3.027524978765272E-002
  3.640061327094357E-002
  2.968701185318223E-002
  2.798187311014888E-002
  2.831897683848705E-002
  2.942142881845877E-002
  3.877268742590589E-002
  3.666546698587825E-002
