           6           1  0.402857417250294     
           7           2   1.45390419214544     
           7           6   1.24174991592033     
           8           7  0.915797828147247     
           9           8  0.951529407563946     
          10           3   1.53897032528538     
          10           6   1.15338170384277     
          10           9  0.946704102498814     
          11           9  0.951996163135205     
          12           8  0.947281995613218     
          13          12  0.966487429138807     
          14          13  0.940008753782518     
          15          14   1.87312170375814     
          16          14   1.01628394303952     
          17           1  0.488952702616289     
          18           3   1.14839607853006     
          18          17   1.19520125724298     
          19          18   1.22412022188778     
          20          19   1.43980016355159     
          21           4   1.23546268651233     
          21          17   1.24524700259574     
          21          20   1.07564366769643     
          22          19  0.969117522237757     
          23          20   1.01059640698467     
          24          23   1.83125939976753     
          25          23  0.956947558176163     
          26           1  0.347549203341261     
          27           4   1.46776921272266     
          27          26   1.21984355852518     
          28          27  0.896346393457186     
          29          28  0.959752082075012     
          30           5   1.42682960844095     
          30          26   1.28207269098026     
          30          29  0.915481546415601     
          31          28  0.981056274616624     
          32          29  0.947716966246977     
          33          32   1.00334698651490     
          34           1  0.549662936012681     
          35           5   1.25046777657966     
          35          34   1.20070668074882     
          36          35   1.15929691873352     
          37          36   1.28009207977202     
          38           2   1.19174506752953     
          38          34   1.07134600621568     
          38          37   1.32329906694738     
          39          36   1.01786255751899     
          40          37   1.04018437953322     
          41          40   1.81945408359016     
          42           2  0.908687450876527     
          42          40  0.873279292878163     
          43          42  0.953518777177104     
          44          43   1.80707070266061     
          45          43   1.05374115153131     
          46          45  0.972499695834823     
          47          16  0.977657573580033     
          48          47  0.954734540396242     
          49          48   1.92384182628380     
          50          49  0.977534478547244     
          51          49  0.940173889434654     
          52          51  0.978316479950131     
          53          52  0.990213812828833     
          54          53  0.958473794154626     
          55          54  0.969922848231632     
          56          54  0.990053973210482     
          57          56  0.966828401275421     
          58          57  0.984952889458008     
          59          58  0.980964081150585     
          60          59  0.990951559711622     
          61          59  0.957008188048179     
          62          61   1.00087392218249     
          63          62  0.959749002787792     
          64          63  0.973774334462407     
          65          64  0.984054320587361     
          66          64   1.00661548898580     
          67           3  0.935039478443588     
          68           4  0.931647255613009     
          69           5  0.941262105130296     
          70           8  0.934192822193018     
          71           9  0.946025237102620     
          72          11  0.974783441469168     
          73          11  0.979354529544913     
          74          11  0.976885140702755     
          75          12  0.962091351082598     
          76          12  0.965086752772937     
          77          13  0.938089196998549     
          78          13  0.965855153638106     
          79          22  0.977053378504595     
          80          22  0.976440949978829     
          81          22  0.968842841554596     
          82          25  0.958122486105155     
          83          25  0.970929413402980     
          84          25  0.964296885880607     
          85          28  0.945838901754229     
          86          29  0.936777061406485     
          87          31  0.976720755414911     
          88          31  0.971407349478483     
          89          31  0.981037352327854     
          90          32  0.962765153426282     
          91          32  0.969164829490235     
          92          33  0.978448424675971     
          93          33  0.980935155832402     
          94          33  0.985414922249738     
          95          39  0.961482207077675     
          96          39  0.972214351014861     
          97          39  0.956672279885479     
          98          42  0.924673227491766     
          99          46  0.985209895355068     
         100          46  0.972859944971873     
         101          46  0.969397375224645     
         102          47  0.966998711678976     
         103          47  0.956172064558839     
         104          48  0.941451443280474     
         105          50  0.978913654552819     
         106          50  0.977203585256212     
         107          50  0.970334880169946     
         108          51  0.951533541929471     
         109          51  0.956988283600484     
         110          52  0.966782805596614     
         111          52  0.967474024212261     
         112          53  0.964172669490846     
         113          53  0.961651766588048     
         114          54  0.954337888346990     
         115          55  0.979699291108492     
         116          55  0.978984903582355     
         117          55  0.981648740759143     
         118          56  0.962981629532877     
         119          56  0.960062869351058     
         120          57  0.960563262691938     
         121          57  0.970861878337463     
         122          58  0.964497264873377     
         123          58  0.957827055430393     
         124          59  0.946142727833367     
         125          60  0.981227258920851     
         126          60  0.980278172437614     
         127          60  0.975037964495139     
         128          61  0.964191229454408     
         129          61  0.959476886990757     
         130          62  0.966282142529403     
         131          62  0.967864657253788     
         132          63  0.967144796181415     
         133          63  0.966491292098281     
         134          64  0.954539203004206     
         135          65  0.977005356955388     
         136          65  0.979144770273127     
         137          65  0.980686378681223     
         138          66  0.975576917234001     
         139          66  0.970507839263392     
         140          66  0.976196164581784     
