  0.328837970805875     
  1.233955459621328E-002
 -1.866191896981384E-002
 -5.193223085126331E-002
 -6.332501401102064E-002
 -0.117658112210246     
  3.395193059604429E-002
 -7.386850083674013E-003
 -4.409511881170847E-002
  3.427325754384780E-002
 -9.083279581107462E-002
 -5.278698658454140E-002
 -5.751227684143867E-002
  0.221689809911010     
 -0.281724784404441     
 -0.147341851172077     
 -0.213717695405505     
  2.718290277756763E-002
 -1.781893567548831E-002
 -6.050994665952825E-002
  7.093620172658222E-002
 -7.376482937803885E-002
  0.147552084774817     
 -0.275268927254064     
 -7.253869168549798E-002
 -0.210691191490740     
  4.916443033060514E-002
 -3.956255640623496E-002
 -3.588644688588083E-002
  4.285780246857263E-002
 -8.072332936909721E-002
 -6.627411516044024E-002
 -8.421275756353452E-002
 -0.210460993635779     
  1.010457394367403E-002
 -2.491041756588164E-002
 -5.364485823121345E-002
  2.144031672169211E-002
 -5.831613872933428E-002
  0.147784292136684     
 -0.235135380376276     
 -5.059699224533798E-002
  0.238548204329204     
 -0.309695490247708     
 -0.135339765661954     
  2.560271659799263E-002
  4.971872615792172E-002
 -7.506967065206105E-002
 -1.656329191737616E-002
 -9.648034498486702E-002
 -6.737483628375696E-002
 -4.964375167717705E-002
 -8.175700381284479E-002
 -2.137841922172701E-002
 -8.915545534404679E-002
 -7.736412394312975E-002
 -5.801514240443151E-002
 -7.210598280078351E-002
 -3.626101076524435E-002
 -0.110434871442751     
 -6.668048999206722E-002
 -6.505748425874724E-002
 -5.775306915538003E-002
 -4.375891844730972E-003
 -0.104529049483411     
 -9.417104281909072E-002
  5.561998401894208E-002
  5.763331462221211E-002
  6.071005526624640E-002
  6.213962400674911E-002
  3.370047485640637E-002
  3.118150518290774E-002
  4.319845286082458E-002
  3.413518029817963E-002
  4.577563739935875E-002
  4.517724071594675E-002
  5.306380664094568E-002
  4.673372770379580E-002
  5.382256842804833E-002
  4.618310757807631E-002
  4.645340744412096E-002
  5.217633929016718E-002
  5.734460455721091E-002
  4.930662599284652E-002
  5.145764383501916E-002
  5.142896841559996E-002
  4.906847773179768E-002
  3.907837770018585E-002
  4.755090055483424E-002
  3.577640423635453E-002
  3.538319814614554E-002
  3.191584334504338E-002
  3.925213269681738E-002
  3.800058596028077E-002
  4.529603225914891E-002
  5.706290566117145E-002
  5.582484820715883E-002
  4.338277999206475E-002
  6.883481891795806E-002
  4.518281873920360E-002
  4.984916491772351E-002
  6.501785330987042E-002
  6.014360281559383E-002
  3.588342652354715E-002
  3.477604003675261E-002
  4.795992031714980E-002
  3.694161075437508E-002
  2.901343772380960E-002
  4.222718040273699E-002
  3.225404636662610E-002
  3.438483841781026E-002
  3.834494216097128E-002
  2.799518418865188E-002
  3.669506575777493E-002
  4.005242709110557E-002
  3.226039461184405E-002
  3.465788955958360E-002
  4.007348364653229E-002
  3.327123854003200E-002
  3.869260496903082E-002
  3.529760895587120E-002
  3.823175195061312E-002
  2.913428780705918E-002
  2.859816651228775E-002
  3.854833467018393E-002
  2.719058190479828E-002
  2.642919684831013E-002
  3.387313277623893E-002
  3.222148965034977E-002
  1.985854397918896E-002
  2.400893999302589E-002
  3.289468363332726E-002
  3.075931873944449E-002
  2.294778626320670E-002
  3.540481982553534E-002
  1.633094234994714E-002
  4.191659684331883E-002
  3.506710036943084E-002
  3.510179139508784E-002
  4.135173692369509E-002
