 excitation energies, transition moments and TDA amplitudes
 state    eV      nm       fL        Rv(corr)
    1    2.195   564.8     0.5840    -3.6944     0.87( 139-> 140)  0.35( 138-> 142) -0.22( 138-> 140)
    2    2.441   508.0     0.2589    -5.1959     0.84( 138-> 140) -0.44( 139-> 142)  0.20( 139-> 140)
    3    3.314   374.1     0.0195    -5.2777    -0.82( 137-> 140)  0.28( 136-> 140) -0.24( 135-> 140)
    4    3.477   356.6     0.0049     5.4827    -0.72( 139-> 143)  0.62( 139-> 144)  0.15( 137-> 140)
    5    3.596   344.8     0.0099    33.3398    -0.69( 136-> 140) -0.48( 134-> 140) -0.24( 137-> 140)
    6    3.630   341.6     0.1045    13.2070    -0.83( 139-> 141)  0.24( 137-> 140)  0.23( 138-> 141)
    7    3.898   318.0     0.0797    -1.3596     0.50( 139-> 142)  0.41( 138-> 143) -0.33( 139-> 144)
    8    4.037   307.1     0.0035     2.4821     0.57( 135-> 140)  0.39( 138-> 141)  0.36( 134-> 140)
    9    4.108   301.8     0.1005   -21.8414    -0.62( 138-> 144)  0.60( 138-> 143)  0.25( 139-> 143)
