           6           1  0.329306936581491     
           7           2   1.41546536797232     
           7           6   1.29388385748487     
           8           7  0.923604592112464     
           9           8  0.937891491109441     
          10           3   1.47184849443096     
          10           6   1.21288022166103     
          10           9  0.923372214775281     
          11           9  0.956588974356385     
          12           8  0.964100897808379     
          13          12  0.965344711502683     
          14          13  0.939480502074273     
          15          14   1.81117957634168     
          16          14   1.09858879018537     
          17           1  0.588094268057618     
          18           3   1.24317030046539     
          18          17   1.08555149339223     
          19          18   1.22754230335123     
          20          19   1.41964055265139     
          21           4   1.18119822355437     
          21          17   1.27110962980082     
          21          20   1.12074846419188     
          22          19  0.981988934702398     
          23          20   1.00468135005376     
          24          23   1.77705600084016     
          25          23   1.01274255931239     
          26           1  0.399057697083764     
          27           4   1.47116267988351     
          27          26   1.23310040023798     
          28          27  0.902002827697583     
          29          28  0.952373471021177     
          30           5   1.35423944653400     
          30          26   1.25905861344247     
          30          29  0.977796407713822     
          31          28  0.971748363914669     
          32          29  0.910259390086846     
          33          32   1.00761995589014     
          34           1  0.461203543494452     
          35           5   1.33465416452369     
          35          34   1.09454607939887     
          36          35   1.17524949670468     
          37          36   1.42147507214987     
          38           2   1.16836233239993     
          38          34   1.31139063035646     
          38          37   1.10768414538624     
          39          36  0.990228912465443     
          40          37   1.07527070422348     
          41          40   1.81577765030446     
          42           2  0.950315826566971     
          42          40  0.844763783593019     
          43          42  0.949068589761340     
          44          43   1.75404380016081     
          45          43   1.13687116725883     
          46          45  0.952503680393148     
          47          16  0.941664520782352     
          48          47  0.989123313701575     
          49          48   1.90392091877897     
          50          49  0.997273533951896     
          51          49  0.942076276015134     
          52          51  0.981711556409311     
          53          52  0.994882086920093     
          54          53  0.943232342616241     
          55          54  0.995031940828446     
          56          54  0.970310144243929     
          57          56  0.980589520154157     
          58          57  0.985432131290712     
          59          58  0.977570756172565     
          60          59  0.988073774150473     
          61          59  0.950453643939029     
          62          61  0.998379431214222     
          63          62  0.977976537041249     
          64          63  0.989600733834435     
          65          64  0.982464307804605     
          66          64  0.990057954783878     
          67           3  0.930493136456641     
          68           4  0.930638713306286     
          69           5  0.936616852243781     
          70           8  0.940185177988910     
          71           9  0.950635723693110     
          72          11  0.982487369124718     
          73          11  0.975991677336851     
          74          11  0.982373796594351     
          75          12  0.961354390885519     
          76          12  0.954518814601403     
          77          13  0.949737150844162     
          78          13  0.955674663961545     
          79          22  0.974969903308227     
          80          22  0.966706013346071     
          81          22  0.969186953347787     
          82          25  0.948020727352606     
          83          25  0.947513427287165     
          84          25  0.966129797957737     
          85          28  0.946523008017643     
          86          29  0.932488428332795     
          87          31  0.976400734237864     
          88          31  0.976188902120702     
          89          31  0.979667982301270     
          90          32  0.962442662625425     
          91          32  0.966866581606450     
          92          33  0.978458582979926     
          93          33  0.979395529651451     
          94          33  0.982636739006728     
          95          39  0.971028436361744     
          96          39  0.965441699958180     
          97          39  0.976206581871558     
          98          42  0.925404344512917     
          99          46  0.977313705696097     
         100          46  0.990771769216910     
         101          46  0.989506395075087     
         102          47  0.960011348477214     
         103          47  0.953705285980301     
         104          48  0.939367913282059     
         105          50  0.969222536472533     
         106          50  0.965909308221504     
         107          50  0.968735303344776     
         108          51  0.964481651763847     
         109          51  0.951764350850270     
         110          52  0.969046111841110     
         111          52  0.966565604411867     
         112          53  0.957927297202577     
         113          53  0.968388239744960     
         114          54  0.951502581435511     
         115          55  0.976182422540643     
         116          55  0.980221446641903     
         117          55  0.978382872739502     
         118          56  0.959819698970881     
         119          56  0.959047772719931     
         120          57  0.959759789843961     
         121          57  0.966334820284622     
         122          58  0.953031498781619     
         123          58  0.958087775916538     
         124          59  0.952761683854087     
         125          60  0.974660026616211     
         126          60  0.980501063095389     
         127          60  0.978990079725485     
         128          61  0.966383536878141     
         129          61  0.962916147832881     
         130          62  0.962739125851107     
         131          62  0.969688872583609     
         132          63  0.960533252612041     
         133          63  0.958818556678964     
         134          64  0.950628139951168     
         135          65  0.978373526982288     
         136          65  0.984811036399039     
         137          65  0.976251644816615     
         138          66  0.980262684212454     
         139          66  0.979269137860053     
         140          66  0.974337878574914     
