 excitation energies, transition moments and TDA amplitudes
 state    eV      nm       fL        Rv(corr)
    1    2.148   577.1     0.7491    -0.2409    -0.87( 144-> 145)  0.33( 143-> 147)  0.29( 143-> 146)
    2    2.373   522.5     0.0768    -1.1718    -0.82( 143-> 145) -0.38( 144-> 147) -0.35( 144-> 146)
    3    3.242   382.4     0.0010    -7.0730    -0.95( 142-> 145)  0.16( 141-> 145) -0.08( 143-> 146)
    4    3.604   344.1     0.0108    14.0612    -0.67( 144-> 146)  0.65( 144-> 147) -0.16( 144-> 148)
    5    3.680   336.9     0.1111    -3.9425    -0.52( 139-> 145) -0.40( 144-> 146) -0.38( 144-> 147)
    6    3.841   322.8     0.1171     1.9548    -0.57( 144-> 149) -0.40( 143-> 147)  0.37( 144-> 148)
    7    3.878   319.7     0.1285    -0.7219    -0.52( 143-> 146)  0.50( 144-> 148) -0.43( 144-> 149)
    8    3.964   312.7     0.2682    -4.1341     0.52( 141-> 145)  0.34( 143-> 147) -0.29( 143-> 145)
    9    4.103   302.2     0.1160    10.9728    -0.56( 141-> 145) -0.53( 139-> 145) -0.32( 144-> 148)
