           6           1  0.326364571057733     
           7           2   1.36061604700758     
           7           6   1.29917558351267     
           8           7  0.935386989318402     
           9           8  0.955881847104469     
          10           3   1.43521390763025     
          10           6   1.21672657290293     
          10           9  0.939681901148903     
          11           9  0.964499706386752     
          12           8  0.938905590803285     
          13          12  0.978200386037779     
          14          13  0.916657855321026     
          15          14   1.82089985950954     
          16          14   1.09344502192515     
          17           1  0.562068804709611     
          18           3   1.30301394387096     
          18          17   1.09644431498671     
          19          18   1.16794030206693     
          20          19   1.40332563015753     
          21           4   1.31795751468478     
          21          17   1.19478702319644     
          21          20   1.10789251605936     
          22          19   1.02020519757331     
          23          20   1.02257544536083     
          24          23   1.79905906904042     
          25          23  0.970651840257939     
          26           1  0.416027442725980     
          27           4   1.36304145823099     
          27          26   1.25836217308289     
          28          27  0.927044968599295     
          29          28  0.943296163712009     
          30           5   1.48175628584152     
          30          26   1.19247100545114     
          30          29  0.924416549113928     
          31          28  0.983369260055164     
          32          29  0.965392060388236     
          33          32   1.00162192044962     
          34           1  0.565758128410539     
          35           5   1.25939663732692     
          35          34   1.12553114303360     
          36          35   1.16433585244336     
          37          36   1.37696238292641     
          38           2   1.23098135782851     
          38          34   1.17031876795960     
          38          37   1.18896736891461     
          39          36   1.01132632263147     
          40          37   1.03698337962991     
          41          40   1.83799855407053     
          42           2  0.931812662174701     
          42          40  0.847801472653756     
          43          42  0.963021297866570     
          44          43   1.79727441726405     
          45          43   1.06394452017889     
          46          45  0.979857667805242     
          47          16  0.942540833043003     
          48          47  0.994316215917758     
          49          48   1.87899719968934     
          50          49  0.985158405777419     
          51          49  0.971045478146429     
          52          51  0.960822700369208     
          53          52  0.988656539098417     
          54          53  0.960209307076475     
          55          54   1.00997119842883     
          56          54  0.945231081596493     
          57          56  0.981308608811985     
          58          57   1.00030704090755     
          59          58  0.944037525859887     
          60          59  0.995929786116424     
          61          59  0.953724877952132     
          62          61  0.984710560066087     
          63          62  0.983355236920042     
          64          63  0.973233128369511     
          65          64  0.978315247495921     
          66          64   1.00027072916744     
          67           3  0.927227476583828     
          68           4  0.932433513273077     
          69           5  0.933027382824786     
          70           8  0.937988490993048     
          71           9  0.943563791922690     
          72          11  0.976675564286995     
          73          11  0.977983896295480     
          74          11  0.977422499214522     
          75          12  0.963413279508453     
          76          12  0.957905874135772     
          77          13  0.960299544559975     
          78          13  0.966378884945864     
          79          22  0.967925341016863     
          80          22  0.958624663671668     
          81          22  0.954177327057736     
          82          25  0.956939949939636     
          83          25  0.959118499682133     
          84          25  0.968283100295333     
          85          28  0.938507780994241     
          86          29  0.935775178354209     
          87          31  0.974316822367574     
          88          31  0.981965816900036     
          89          31  0.975031458088162     
          90          32  0.959131245148002     
          91          32  0.956729568424937     
          92          33  0.985578847041485     
          93          33  0.978098468332112     
          94          33  0.980402319539544     
          95          39  0.962085687786851     
          96          39  0.953092565669020     
          97          39  0.974186387760262     
          98          42  0.927962848567731     
          99          46  0.988245643783865     
         100          46  0.978935787882008     
         101          46  0.985352243797899     
         102          47  0.966097728448151     
         103          47  0.955233808238780     
         104          48  0.944998155291209     
         105          50  0.969297754180929     
         106          50  0.980535089058378     
         107          50  0.970642255722307     
         108          51  0.954082487925578     
         109          51  0.956387023393863     
         110          52  0.966216903836467     
         111          52  0.971357222751911     
         112          53  0.961341289677827     
         113          53  0.959968138798591     
         114          54  0.954648801353511     
         115          55  0.973624354175159     
         116          55  0.973368812830860     
         117          55  0.976081496694463     
         118          56  0.962347168449585     
         119          56  0.970475647316604     
         120          57  0.966359229407412     
         121          57  0.960154213953447     
         122          58  0.959938524366132     
         123          58  0.962186345336828     
         124          59  0.958788924477954     
         125          60  0.980006866450028     
         126          60  0.975481721919195     
         127          60  0.977347403414178     
         128          61  0.973011064498987     
         129          61  0.965739024503780     
         130          62  0.963511457915639     
         131          62  0.971931608127901     
         132          63  0.962275696567906     
         133          63  0.961233339815937     
         134          64  0.953659847557398     
         135          65  0.983770549188743     
         136          65  0.978996829729176     
         137          65  0.978852703489941     
         138          66  0.974555606012635     
         139          66  0.977022495098035     
         140          66  0.979447003691393     
