  0.320364133557611     
 -2.868845473297021E-003
 -3.576080920475277E-002
 -3.822120033959919E-002
 -4.129588977940024E-002
 -0.157486791330852     
  1.837131083537935E-002
 -3.019444187756637E-002
 -2.385338237828449E-002
  5.614939204263258E-002
 -9.422024041212129E-002
 -4.019696555344510E-002
 -6.320113823761364E-002
  0.230374888019161     
 -0.270347509590264     
 -0.165182180409147     
 -0.217110694476122     
  3.928483069561128E-002
 -7.918993026237331E-003
 -7.688068389992875E-002
  1.849672606245001E-002
 -6.988210634022796E-002
  0.152089748624376     
 -0.235150794150034     
 -8.342578516530263E-002
 -0.181874507833404     
  2.723962784986611E-002
 -2.133658654120296E-002
 -2.157432335272347E-002
  5.037587990361159E-002
 -7.862718228146104E-002
 -6.014201959790899E-002
 -0.105895806482646     
 -0.212396069398183     
  2.843664534285573E-002
 -1.847294126127164E-002
 -5.208027152885109E-002
  2.274756500600805E-002
 -6.986168076293975E-002
  0.125899575724406     
 -0.242725837299845     
  3.677258628065339E-004
  0.219093019172298     
 -0.285209305494650     
 -0.141464549361239     
  1.435811749909588E-002
  6.023939920983112E-002
 -7.249441087936592E-002
 -2.629830524120713E-002
 -9.601478998804946E-002
 -4.748585766312718E-002
 -7.633824394466071E-002
 -5.555853660025800E-002
 -1.262506279786901E-002
 -0.110584431921139     
 -6.710865274093436E-002
 -7.858166416429846E-002
 -9.345215734833534E-002
 -7.794619443477480E-003
 -0.108248170648970     
 -6.960841179250288E-002
 -7.181081987649929E-002
 -7.502313327458410E-002
 -2.379307715238266E-002
 -0.107921360003190     
 -0.104228873253466     
  5.694407588389394E-002
  5.441648705348812E-002
  5.087385464556105E-002
  5.402360693963204E-002
  4.341056187118197E-002
  3.419167870839090E-002
  3.248201231677517E-002
  3.969232749490925E-002
  4.415272639246570E-002
  5.024743882508353E-002
  4.641572514361714E-002
  4.827744690863900E-002
  4.551801898605845E-002
  4.741541788559955E-002
  4.469402402631029E-002
  4.913325096029886E-002
  5.358224597934025E-002
  5.746107480776452E-002
  5.012137196882716E-002
  4.618616298446443E-002
  4.862896512467363E-002
  4.902894632034427E-002
  3.542635543070638E-002
  3.819506225749658E-002
  3.858276726466803E-002
  3.250509116193445E-002
  3.115890627407292E-002
  3.760843236552580E-002
  6.053426446540211E-002
  5.029045826652345E-002
  4.576543607130290E-002
  7.862612596588747E-002
  5.213534558728272E-002
  4.791763801844107E-002
  5.276175677811223E-002
  4.977730314014228E-002
  6.467577868800045E-002
  3.323845534765313E-002
  4.636367025035160E-002
  3.368798876011403E-002
  4.744449009714768E-002
  4.570784911022319E-002
  5.291953618555667E-002
  2.922805923556160E-002
  1.980257659969453E-002
  3.996818939709634E-002
  2.915584972547836E-002
  4.056266425214372E-002
  2.476530460089965E-002
  2.788475472041396E-002
  3.943874453148788E-002
  3.135574868262725E-002
  3.819771508637548E-002
  3.284663120239839E-002
  3.382841898483235E-002
  2.898059237178874E-002
  3.183445117007444E-002
  4.587531225267116E-002
  3.786617640030121E-002
  3.144009424877736E-002
  2.060950776178472E-002
  3.832692621245548E-002
  3.660802499100857E-002
  3.282379015079950E-002
  3.654926889756838E-002
  3.537632049235029E-002
  4.004164440010216E-002
  3.961236541649860E-002
  3.480881462883068E-002
  2.953119229405021E-002
  3.502244699691692E-002
  3.678668473208335E-002
  2.992147390658662E-002
  3.467164910925591E-002
