 excitation energies, transition moments and TDA amplitudes
 state    eV      nm       fL        Rv(corr)
    1    2.152   576.2     0.5866    -1.7795     0.83( 143-> 144) -0.31( 142-> 144)  0.29( 142-> 145)
    2    2.315   535.7     0.2769     1.1920    -0.80( 142-> 144)  0.33( 143-> 146) -0.28( 143-> 144)
    3    3.150   393.6     0.0730   -17.6307    -0.74( 143-> 147) -0.52( 143-> 146) -0.24( 143-> 145)
    4    3.321   373.4     0.0166    -1.3285    -0.88( 141-> 144)  0.24( 140-> 144) -0.17( 138-> 144)
    5    3.494   354.8     0.0014   -24.1711     0.56( 143-> 145) -0.39( 140-> 144)  0.38( 142-> 146)
    6    3.584   345.9     0.1896    56.0430     0.59( 142-> 147)  0.44( 142-> 145) -0.39( 143-> 145)
    7    3.614   343.0     0.0263   -13.4682     0.44( 140-> 144)  0.42( 142-> 147)  0.42( 142-> 146)
    8    3.905   317.5     0.0356     7.2723     0.41( 143-> 146) -0.40( 142-> 145) -0.37( 143-> 145)
    9    3.939   314.7     0.1171   -31.7885     0.48( 142-> 145)  0.46( 137-> 144) -0.33( 140-> 144)
