           6           1  0.389318128410189     
           7           2   1.36796337174849     
           7           6   1.21678228288623     
           8           7  0.961252471231644     
           9           8  0.931985036703856     
          10           3   1.41811330928048     
          10           6   1.27048379992149     
          10           9  0.946984910211116     
          11           9  0.970550578557208     
          12           8  0.942641957401034     
          13          12  0.981084109266143     
          14          13  0.915786835154353     
          15          14   1.84566212968158     
          16          14   1.08967966534043     
          17           1  0.507853798825539     
          18           3   1.21974422381106     
          18          17   1.21119911134148     
          19          18   1.17492910230785     
          20          19   1.44134364372819     
          21           4   1.20952094030254     
          21          17   1.20816746076918     
          21          20   1.12741050424649     
          22          19   1.00193009232936     
          23          20  0.944339275757612     
          24          23   1.87622607973961     
          25          23  0.957807405082274     
          26           1  0.426451488411729     
          27           4   1.53215134201051     
          27          26   1.15439747024033     
          28          27  0.932872386850398     
          29          28  0.944202192532859     
          30           5   1.38091199702828     
          30          26   1.27509103834514     
          30          29  0.948618083501371     
          31          28  0.977910119067917     
          32          29  0.954713428301483     
          33          32  0.984510747052615     
          34           1  0.474689589386504     
          35           5   1.30635198264385     
          35          34   1.10669531592136     
          36          35   1.21059798742565     
          37          36   1.39317961035400     
          38           2   1.23767375207419     
          38          34   1.23602739588929     
          38          37   1.12875511783793     
          39          36  0.946324996920147     
          40          37   1.05946395481151     
          41          40   1.77946922246883     
          42           2  0.959829841844239     
          42          40  0.893495677302023     
          43          42  0.921351316814355     
          44          43   1.79255480504162     
          45          43   1.09920365894700     
          46          45  0.969754029006213     
          47          16  0.936832821154190     
          48          47   1.01685253785979     
          49          48   1.87632687117000     
          50          49  0.965432410066554     
          51          49  0.992002014576341     
          52          51  0.952988900756211     
          53          52  0.998689048050885     
          54          53  0.972937486387229     
          55          54  0.981058338310477     
          56          54  0.986864705314908     
          57          56  0.982388469527114     
          58          57  0.963736033157609     
          59          58  0.984882621574468     
          60          59  0.994150221750337     
          61          59  0.960874149086389     
          62          61  0.984844829342858     
          63          62  0.978878062085504     
          64          63  0.965749177718301     
          65          64  0.993039588749208     
          66          64  0.989783663926121     
          67           3  0.937997766977862     
          68           4  0.927065090884879     
          69           5  0.934434483645337     
          70           8  0.931938718410941     
          71           9  0.942123602358510     
          72          11  0.976032937897730     
          73          11  0.974427679741999     
          74          11  0.978820386378175     
          75          12  0.960890011322320     
          76          12  0.956370731457152     
          77          13  0.961043136247951     
          78          13  0.951211091627479     
          79          22  0.968295440889954     
          80          22  0.960756760480915     
          81          22  0.973427251680267     
          82          25  0.963324807168622     
          83          25  0.962600471538019     
          84          25  0.970033421243045     
          85          28  0.940178005442930     
          86          29  0.937862468983882     
          87          31  0.972253277791748     
          88          31  0.977098492140963     
          89          31  0.978571625862737     
          90          32  0.965789735720392     
          91          32  0.964714202986092     
          92          33  0.984151814396398     
          93          33  0.979880982033484     
          94          33  0.984208253157973     
          95          39  0.979440231798529     
          96          39  0.972174756144909     
          97          39  0.979346356927437     
          98          42  0.914266869239694     
          99          46  0.983238401173564     
         100          46  0.983486605263478     
         101          46  0.988300848340366     
         102          47  0.962618484782771     
         103          47  0.960444077964712     
         104          48  0.936092266931066     
         105          50  0.971345794752980     
         106          50  0.976668993966564     
         107          50  0.980484839682225     
         108          51  0.963976430033111     
         109          51  0.953719101882049     
         110          52  0.966004459839414     
         111          52  0.973020634354544     
         112          53  0.961234628048768     
         113          53  0.964413935644526     
         114          54  0.942768976644928     
         115          55  0.982910937635972     
         116          55  0.980064336788212     
         117          55  0.974313880507717     
         118          56  0.960350395761179     
         119          56  0.957073637682048     
         120          57  0.966731997839137     
         121          57  0.972941903414742     
         122          58  0.965810918693744     
         123          58  0.958520770239512     
         124          59  0.947097395107219     
         125          60  0.972183433333090     
         126          60  0.978965401963091     
         127          60  0.980121281729735     
         128          61  0.959296768418591     
         129          61  0.959930436488225     
         130          62  0.967056920917260     
         131          62  0.966674517493570     
         132          63  0.967042565003712     
         133          63  0.960822799218588     
         134          64  0.953755254831907     
         135          65  0.976057410135835     
         136          65  0.980910260476342     
         137          65  0.975878824097481     
         138          66  0.973368480622192     
         139          66  0.979653782930134     
         140          66  0.980858202245807     
