  0.296412595363048     
  5.354333913766940E-003
 -5.115029682203698E-002
 -1.774851031694702E-002
 -2.851925900270302E-002
 -0.159783438715744     
  3.806648934564327E-002
 -2.394817018573381E-002
 -1.298953249431634E-002
  3.128935255979615E-002
 -7.523414418517493E-002
 -6.271818636868964E-002
 -7.305685249581639E-002
  0.255791145658912     
 -0.234165328445608     
 -0.171002826244780     
 -0.222094276481596     
  2.389024829391406E-002
 -4.056317310303648E-002
 -6.771751352204802E-002
  2.069194954413911E-002
 -7.036949480630206E-002
  0.135830946022179     
 -0.216271220261838     
 -9.183409901736539E-002
 -0.140460738433231     
  1.259129069450760E-002
 -2.760993400794387E-002
 -2.888251376858708E-002
  4.510751120012824E-002
 -8.187251047406896E-002
 -4.035857659349062E-002
 -8.676256013228478E-002
 -0.210367538267644     
  2.304445402086230E-002
 -8.457685491552347E-003
 -5.541328584205196E-002
  2.867878472283447E-002
 -6.113516832916677E-002
  0.163769155411801     
 -0.242965753670650     
 -1.997938549364608E-002
  0.217897238897324     
 -0.295217433131743     
 -0.148415852010336     
  2.004645612344325E-002
  1.900033205688834E-002
 -6.210904409915852E-002
 -5.196042268006629E-003
 -8.495049911940900E-002
 -5.160959731473724E-002
 -5.948218184969090E-002
 -8.288925168517736E-002
 -3.974344101201588E-002
 -0.133901494751366     
 -5.356032206772277E-002
 -6.326049990741645E-002
 -8.721679214828537E-002
 -3.218856957332150E-002
 -0.113255137289419     
 -5.484037401082809E-002
 -6.597492722207132E-002
 -8.995333008823181E-002
  1.009198142995427E-002
 -0.108511674888044     
 -0.108630764447185     
  4.897048015035255E-002
  5.971010045621505E-002
  5.172527037341634E-002
  4.569416458586562E-002
  4.968258406761228E-002
  4.228835418410659E-002
  4.043723659162735E-002
  3.835159199768978E-002
  3.705657668602291E-002
  4.497654538954809E-002
  3.542637909475888E-002
  3.546351965112249E-002
  4.835160287158424E-002
  5.302787250051588E-002
  5.347797460712933E-002
  4.342543573712399E-002
  5.149459076958329E-002
  5.134382243773716E-002
  4.758973256255894E-002
  5.098121570115488E-002
  3.827472468149584E-002
  4.235542870679698E-002
  4.146406516260126E-002
  3.611183315501920E-002
  3.940209334046030E-002
  3.620755958239030E-002
  3.527668822058461E-002
  3.722367259169057E-002
  5.894470657864614E-002
  4.670633919686262E-002
  5.719390490334675E-002
  5.805888862787667E-002
  5.447602187878342E-002
  5.216267682404618E-002
  5.422861824905678E-002
  5.896820070939202E-002
  4.521304531465442E-002
  3.809846084546065E-002
  3.916188730861270E-002
  4.462512091247706E-002
  4.031187731929931E-002
  3.893557727188768E-002
  3.817968561269069E-002
  2.743960415629243E-002
  4.399318745910885E-002
  4.322014123945872E-002
  3.476214287228230E-002
  3.426343978975788E-002
  3.082075831293807E-002
  2.896277115688239E-002
  2.228901076849166E-002
  4.068926188627908E-002
  3.553927790105893E-002
  3.410395957024770E-002
  2.757437693523757E-002
  2.864387561412185E-002
  2.917701344368262E-002
  3.694746124660420E-002
  3.015101120489694E-002
  3.187941856391951E-002
  3.499426051654853E-002
  4.655089781640087E-002
  4.018040467782269E-002
  4.431502353106742E-002
  3.307159716655039E-002
  3.099066994581079E-002
  2.753861510688116E-002
  4.528291122870920E-002
  3.520192765527430E-002
  2.731884489523861E-002
  3.466565115776421E-002
  3.176520643631475E-002
  3.639520565520771E-002
  2.700088127837175E-002
