 excitation energies, transition moments and TDA amplitudes
 state    eV      nm       fL        Rv(corr)
    1    2.227   556.7     0.6786    -4.2337    -0.84( 143-> 144) -0.37( 142-> 146)  0.28( 142-> 144)
    2    2.291   541.3     0.2557     0.6837    -0.82( 142-> 144)  0.34( 143-> 146) -0.27( 143-> 144)
    3    3.012   411.6     0.0097     5.3931    -0.94( 141-> 144)  0.15( 137-> 144)  0.12( 143-> 146)
    4    3.436   360.8     0.0065     3.0358    -0.85( 140-> 144) -0.29( 143-> 146)  0.19( 139-> 144)
    5    3.767   329.1     0.0647    15.8069     0.70( 143-> 145)  0.52( 143-> 146) -0.21( 142-> 145)
    6    3.852   321.8     0.0956     4.5283    -0.57( 137-> 144) -0.46( 139-> 144) -0.35( 143-> 145)
    7    3.920   316.3     0.2211     0.4885    -0.61( 143-> 148)  0.52( 143-> 147) -0.30( 139-> 144)
    8    3.962   312.9     0.1094    36.8013    -0.45( 139-> 144)  0.35( 142-> 147) -0.33( 143-> 147)
    9    4.086   303.4     0.1394   -28.7206     0.42( 142-> 145) -0.37( 139-> 144)  0.35( 143-> 146)
