           6           1  0.427874688890220     
           7           2   1.47739415989405     
           7           6   1.19612223078752     
           8           7  0.916682544611868     
           9           8  0.961793482515995     
          10           3   1.42598062121672     
          10           6   1.22790805389402     
          10           9  0.934496509815115     
          11           9  0.985509103226471     
          12           8  0.918078514777154     
          13          12  0.952865294004629     
          14          13  0.936754712347900     
          15          14   1.88572150210435     
          16          14   1.02946145630384     
          17           1  0.442241941173896     
          18           3   1.24791448227938     
          18          17   1.24380090864536     
          19          18   1.13854431917849     
          20          19   1.43013530122085     
          21           4   1.28795766592743     
          21          17   1.14360443468976     
          21          20   1.16755653364203     
          22          19   1.00186385055445     
          23          20  0.938938611504303     
          24          23   1.89055299266486     
          25          23  0.938880544672814     
          26           1  0.417309696041756     
          27           4   1.40360181174410     
          27          26   1.23900752644429     
          28          27  0.902438118401542     
          29          28  0.961336801764867     
          30           5   1.49725113746390     
          30          26   1.22319327500225     
          30          29  0.908852570275697     
          31          28  0.971546119318862     
          32          29  0.956703222368941     
          33          32   1.00846478899272     
          34           1  0.534997911708315     
          35           5   1.21776211626240     
          35          34   1.13222442452343     
          36          35   1.23653418944626     
          37          36   1.31555027143691     
          38           2   1.13402491373128     
          38          34   1.23280642514157     
          38          37   1.19844766278211     
          39          36  0.983500346628840     
          40          37   1.08244969388332     
          41          40   1.79279141190747     
          42           2  0.952168107168283     
          42          40  0.878260564878782     
          43          42  0.918851584575435     
          44          43   1.77711783861578     
          45          43   1.11796487245050     
          46          45  0.962025971290491     
          47          16  0.973562231838189     
          48          47  0.965863479521550     
          49          48   1.90058357104009     
          50          49  0.988748371414092     
          51          49  0.972263054153541     
          52          51  0.980005864824417     
          53          52  0.965454692674100     
          54          53  0.966890504041658     
          55          54  0.970983556709982     
          56          54  0.989287943861640     
          57          56  0.970339210617461     
          58          57  0.990732447647292     
          59          58  0.951353455625720     
          60          59  0.973692598713572     
          61          59  0.973791962701109     
          62          61  0.982163736554513     
          63          62  0.960207903155568     
          64          63  0.974568093086665     
          65          64  0.993242570740773     
          66          64  0.987385502023865     
          67           3  0.938513967006598     
          68           4  0.935252233088001     
          69           5  0.935070575034228     
          70           8  0.943249863740406     
          71           9  0.932279367259928     
          72          11  0.978643903853062     
          73          11  0.969757315026875     
          74          11  0.973271754357425     
          75          12  0.972567734941474     
          76          12  0.962866390119020     
          77          13  0.962425674500418     
          78          13  0.964246104170026     
          79          22  0.973693545830925     
          80          22  0.959420402800836     
          81          22  0.964478596428455     
          82          25  0.974733435916431     
          83          25  0.967058566996146     
          84          25  0.963153564047348     
          85          28  0.947429945606401     
          86          29  0.940550214279032     
          87          31  0.978462327597160     
          88          31  0.977172166194379     
          89          31  0.980270601578338     
          90          32  0.962603180141309     
          91          32  0.962745564571842     
          92          33  0.982895773422424     
          93          33  0.971424431120837     
          94          33  0.979803850934933     
          95          39  0.968808650396542     
          96          39  0.970886057478661     
          97          39  0.977045461308875     
          98          42  0.920336813340108     
          99          46  0.982353526584089     
         100          46  0.984547025909068     
         101          46  0.989562055341088     
         102          47  0.950303091861946     
         103          47  0.964549019703404     
         104          48  0.941264141430667     
         105          50  0.970648442842138     
         106          50  0.970506346033357     
         107          50  0.974295714358762     
         108          51  0.950026470070858     
         109          51  0.957109857724283     
         110          52  0.970508784336374     
         111          52  0.960542615154705     
         112          53  0.963259176177678     
         113          53  0.966825186155048     
         114          54  0.951356668715037     
         115          55  0.979069903547370     
         116          55  0.979913827304561     
         117          55  0.984918980553834     
         118          56  0.959946216687131     
         119          56  0.956413778823415     
         120          57  0.968432413006479     
         121          57  0.968392684105549     
         122          58  0.963986539290692     
         123          58  0.966428515045089     
         124          59  0.953933464232709     
         125          60  0.982248397212277     
         126          60  0.978546517004044     
         127          60  0.977159977367346     
         128          61  0.960072974516561     
         129          61  0.967308303224219     
         130          62  0.966929923929927     
         131          62  0.971049691749871     
         132          63  0.965712608375210     
         133          63  0.966835411388360     
         134          64  0.952737090420883     
         135          65  0.972061012292601     
         136          65  0.980274656784862     
         137          65  0.973893831602550     
         138          66  0.975925802217294     
         139          66  0.975662508262537     
         140          66  0.969950096918586     
