  0.289204102689008     
  1.718516593764363E-002
 -3.751431284621809E-002
 -5.686501467735461E-002
 -2.156562509384941E-002
 -0.141472911686922     
  7.816540894772572E-003
 -2.234873959865524E-002
 -2.465535426972920E-002
  3.862831368890962E-002
 -8.069679018031195E-002
 -4.042186106605783E-002
 -5.014814994592598E-002
  0.213299899961764     
 -0.249302844695946     
 -0.175478409906162     
 -0.221889287304585     
  1.094864176104293E-002
  1.644452784925754E-004
 -6.104671126783856E-002
  1.917455269158985E-002
 -6.032634053643449E-002
  0.146230636344344     
 -0.270142328269491     
 -9.029599609440719E-002
 -0.154861774261172     
  3.649836505141701E-002
 -2.307690837357690E-002
 -2.287840344287417E-002
  5.588549579021951E-002
 -8.385409202648919E-002
 -5.346419563371896E-002
 -0.106336013724077     
 -0.188938219159192     
  9.488021438849970E-003
  1.918940944757574E-002
 -2.771854171002097E-002
  1.385474377683327E-002
 -6.738335452568389E-002
  0.145437015003762     
 -0.240645384897061     
 -3.431538812169066E-002
  0.240714721945442     
 -0.306193497923985     
 -0.150189419054239     
  1.437247049254031E-002
  4.683446853205009E-002
 -9.240244314679824E-002
 -2.942830304500355E-002
 -9.292010456642075E-002
 -5.738707330659576E-002
 -5.574573651651527E-002
 -5.140097993414994E-002
 -2.887828786659963E-002
 -0.120587311903087     
 -7.153233317291541E-002
 -7.514594703938382E-002
 -6.818698790646671E-002
 -4.485266377534014E-002
 -9.628721491316039E-002
 -7.208069968549857E-002
 -3.477596575472841E-002
 -6.018071831215366E-002
 -3.966607440877823E-002
 -0.112389106581043     
 -0.118882421039191     
  6.256605049594899E-002
  6.238078136835590E-002
  5.321175303875103E-002
  4.598185688473000E-002
  4.294192236894745E-002
  4.149848849924487E-002
  3.397126365208525E-002
  4.083672164015073E-002
  4.145218031534692E-002
  5.666346144263013E-002
  4.384161449572543E-002
  4.077371327089996E-002
  5.627529389234120E-002
  4.307070974350236E-002
  5.707221787669259E-002
  4.769144392958125E-002
  4.077556828673856E-002
  5.377343978235460E-002
  5.152077898106300E-002
  4.939380584433817E-002
  4.117821740823946E-002
  4.044658747028540E-002
  3.919616697870654E-002
  4.200180636765538E-002
  3.738608439299695E-002
  3.393095384237510E-002
  3.275192696150475E-002
  2.960511087913964E-002
  5.918163653979358E-002
  5.272004906842154E-002
  4.061431659067405E-002
  5.249400737536714E-002
  5.347024086967200E-002
  7.030009619534927E-002
  4.446231502247722E-002
  4.933177630916641E-002
  5.546119404752869E-002
  2.922547695535471E-002
  3.827363719907961E-002
  3.846840816784136E-002
  4.499384360963077E-002
  4.822518197532899E-002
  4.309928363526161E-002
  3.529410597405713E-002
  3.201894556401474E-002
  4.161661847904741E-002
  4.375880954889411E-002
  3.780959301609488E-002
  1.647356428735458E-002
  3.840837378020834E-002
  3.179455112031326E-002
  3.524611375349873E-002
  4.008170234489439E-002
  3.465721714917325E-002
  3.626780754517023E-002
  3.952381723137810E-002
  3.549535677573978E-002
  2.584052803099124E-002
  4.546044503494306E-002
  2.923024818325026E-002
  3.427454379033446E-002
  3.241975467260316E-002
  2.920917687179303E-002
  3.516272967219425E-002
  4.517137995106768E-002
  3.139947485789851E-002
  4.902656397271665E-002
  3.266355903468010E-002
  3.424824913395341E-002
  3.829959562039209E-002
  2.796337561207840E-002
  2.997489813039955E-002
  3.335242920648340E-002
  2.717432042424928E-002
