 excitation energies, transition moments and TDA amplitudes
 state    eV      nm       fL        Rv(corr)
    1    2.178   569.3     0.6314   -10.6307     0.86( 143-> 144)  0.41( 142-> 145)  0.20( 142-> 146)
    2    2.279   544.1     0.0463    -5.2021    -0.82( 142-> 144)  0.45( 143-> 145)  0.22( 143-> 146)
    3    3.203   387.1     0.0070   -15.3389     0.94( 141-> 144)  0.17( 142-> 146)  0.14( 143-> 145)
    4    3.478   356.5     0.0397    14.8093    -0.89( 143-> 146)  0.21( 143-> 145) -0.17( 142-> 145)
    5    3.585   345.8     0.2004    -7.2295    -0.66( 143-> 145)  0.44( 139-> 144) -0.31( 138-> 144)
    6    3.740   331.5     0.0627    11.5875    -0.70( 143-> 147)  0.54( 143-> 148)  0.34( 142-> 146)
    7    3.826   324.1     0.0289     0.1452    -0.71( 142-> 146) -0.38( 143-> 147)  0.34( 142-> 145)
    8    3.896   318.2     0.0055    13.0906     0.51( 137-> 144) -0.51( 136-> 144) -0.31( 137-> 145)
    9    3.981   311.5     0.5960     3.4561    -0.66( 139-> 144) -0.36( 143-> 145)  0.32( 142-> 148)
