           6           1  0.374258937025079     
           7           2   1.41781712450609     
           7           6   1.16949184491654     
           8           7  0.948941202269696     
           9           8  0.961771433263079     
          10           3   1.40187333354627     
          10           6   1.31033293814225     
          10           9  0.910616130386490     
          11           9  0.981224507931993     
          12           8  0.935760388457746     
          13          12  0.998017941223288     
          14          13  0.924064038078063     
          15          14   1.87211795960655     
          16          14   1.03243922113132     
          17           1  0.547659049044123     
          18           3   1.27816920788861     
          18          17   1.13589194277557     
          19          18   1.16082220439131     
          20          19   1.41620329956839     
          21           4   1.34140839287636     
          21          17   1.20511114142859     
          21          20   1.04202299217370     
          22          19   1.03488507722660     
          23          20   1.05891979383223     
          24          23   1.77929727972343     
          25          23  0.963231103721579     
          26           1  0.383617919623907     
          27           4   1.33552488582382     
          27          26   1.27557133436143     
          28          27  0.933009255454415     
          29          28  0.973531162101189     
          30           5   1.36524210898942     
          30          26   1.29305213664105     
          30          29  0.916237151484268     
          31          28  0.960727294294652     
          32          29  0.959748283882773     
          33          32  0.985197271354489     
          34           1  0.530990288929283     
          35           5   1.33371043336656     
          35          34   1.10203140647108     
          36          35   1.15612101058681     
          37          36   1.37394695826425     
          38           2   1.24021417143417     
          38          34   1.18257072733024     
          38          37   1.16768834043056     
          39          36  0.986311060401413     
          40          37   1.09507511581009     
          41          40   1.80724207043697     
          42           2  0.933388278634622     
          42          40  0.821909497475528     
          43          42  0.965364320523289     
          44          43   1.76349432758678     
          45          43   1.10858668891107     
          46          45  0.955883425014071     
          47          16  0.949053413725625     
          48          47   1.00167926424625     
          49          48   1.87183044622936     
          50          49  0.989697090380540     
          51          49  0.972614545652348     
          52          51  0.962668851243457     
          53          52   1.00334896673628     
          54          53  0.963583184503245     
          55          54  0.978801631743570     
          56          54  0.984242961976045     
          57          56  0.979715585741808     
          58          57  0.987129519152744     
          59          58  0.965534060387105     
          60          59  0.974226153937207     
          61          59  0.954776846637081     
          62          61  0.979559773673786     
          63          62   1.00082428720638     
          64          63  0.957140288153646     
          65          64  0.978471819068726     
          66          64  0.983847190660518     
          67           3  0.933528423507209     
          68           4  0.933814828291845     
          69           5  0.936900177784220     
          70           8  0.931485851663975     
          71           9  0.936313389056730     
          72          11  0.979850521921916     
          73          11  0.978040795810337     
          74          11  0.974228950006186     
          75          12  0.956659488017902     
          76          12  0.954953993827239     
          77          13  0.954494439354255     
          78          13  0.953424827624032     
          79          22  0.948348467586971     
          80          22  0.958839892187807     
          81          22  0.961905245471215     
          82          25  0.960420470554543     
          83          25  0.960852723113946     
          84          25  0.971671264022071     
          85          28  0.933205846212391     
          86          29  0.936241539090148     
          87          31  0.981809260302452     
          88          31  0.979137183614315     
          89          31  0.979618146820376     
          90          32  0.968532466260251     
          91          32  0.967774438706949     
          92          33  0.986531461057090     
          93          33  0.981914869543648     
          94          33  0.986278278068455     
          95          39  0.962631006860905     
          96          39  0.971524339335619     
          97          39  0.979145596718252     
          98          42  0.934140858452632     
          99          46  0.988517461405997     
         100          46  0.975827890896962     
         101          46  0.991624898417400     
         102          47  0.963867290324947     
         103          47  0.964685598630220     
         104          48  0.942229590878948     
         105          50  0.975335921144638     
         106          50  0.972516732455499     
         107          50  0.967912185071326     
         108          51  0.962241849566873     
         109          51  0.952603527354293     
         110          52  0.965600464911748     
         111          52  0.959024544873852     
         112          53  0.952255242135763     
         113          53  0.957779741432737     
         114          54  0.943056985180782     
         115          55  0.980681456845784     
         116          55  0.975935365467487     
         117          55  0.980848467510477     
         118          56  0.958328519563119     
         119          56  0.957977851240773     
         120          57  0.962420328182511     
         121          57  0.961746614287833     
         122          58  0.962488830736919     
         123          58  0.959766763458183     
         124          59  0.956778151951971     
         125          60  0.976188096853450     
         126          60  0.983578575636060     
         127          60  0.983929779537548     
         128          61  0.965885151593908     
         129          61  0.963978057015533     
         130          62  0.959184454714022     
         131          62  0.961585688492543     
         132          63  0.959770080133692     
         133          63  0.953149053806073     
         134          64  0.961113394298343     
         135          65  0.977238217136255     
         136          65  0.980536689510149     
         137          65  0.981903472609564     
         138          66  0.982497954764404     
         139          66  0.976449767286346     
         140          66  0.978178655486831     
