  0.316102266098853     
  6.586235249301797E-003
 -3.795830440918824E-002
 -2.649936428848676E-002
 -2.782127956267200E-002
 -0.145839529933955     
  3.679887994181996E-002
 -1.890843652798324E-002
 -1.742175128126089E-002
  2.631481549909687E-002
 -9.261579556075095E-002
 -6.248600186332443E-002
 -6.340819855036628E-002
  0.236545612616761     
 -0.288638316276057     
 -0.144266162212545     
 -0.218840983107472     
  2.939273592843206E-002
 -3.163310453902834E-002
 -6.478357222855102E-002
  5.673724873965647E-002
 -6.861780670611406E-002
  0.144370285512343     
 -0.252132054247728     
 -0.113869222956818     
 -0.189664049495234     
  5.087592309761702E-002
 -1.400831297539540E-002
 -2.710361344413847E-002
  3.166758509901291E-002
 -8.171622724218786E-002
 -6.199842794349752E-002
 -8.992294444721871E-002
 -0.216226972339345     
  2.262198529841486E-002
  1.342859193695345E-002
 -5.680244742141660E-002
  1.589277799228173E-002
 -5.802131645000319E-002
  0.138546781925222     
 -0.246078028356416     
 -1.378996676945565E-002
  0.220730166950539     
 -0.287728466962601     
 -0.169068747679786     
  7.355336768860798E-003
  6.617127330921946E-002
 -8.438425558347529E-002
 -1.765083104625553E-002
 -9.344344698296325E-002
 -6.298331499296150E-002
 -6.639546607325375E-002
 -7.502239043632919E-002
 -3.182151893838370E-002
 -0.105475529464207     
 -7.122104857753886E-002
 -6.276563711610539E-002
 -8.528385687716433E-002
 -2.408402322627712E-002
 -0.106008638359905     
 -6.555919259726650E-002
 -5.441635174143666E-002
 -7.956966300072654E-002
 -2.113746834045394E-002
 -0.108138409715483     
 -0.101254485145748     
  6.240384375507146E-002
  5.373442181397814E-002
  5.579922270991022E-002
  5.832618477275875E-002
  5.187657103369259E-002
  3.875682230610866E-002
  3.818498379882296E-002
  3.827412203482983E-002
  3.552278199596359E-002
  4.354252743864695E-002
  4.307497040316721E-002
  4.285131400893072E-002
  6.151140538697020E-002
  5.708122887276668E-002
  5.459796645736215E-002
  5.384032459433818E-002
  2.839869381227911E-002
  4.675849901598417E-002
  4.826410501020661E-002
  5.487102498093543E-002
  4.768627410196702E-002
  4.002905993880179E-002
  3.796142595912211E-002
  2.976954560681200E-002
  4.341194155934813E-002
  3.436244398625066E-002
  4.160264645913392E-002
  4.098887535254758E-002
  4.331194074143807E-002
  5.863873837564582E-002
  5.288989705538905E-002
  6.576323859934630E-002
  4.667057317988332E-002
  5.557263063192630E-002
  5.423648646673773E-002
  6.372838066991005E-002
  6.666621526101668E-002
  3.157593936195713E-002
  3.427592108269706E-002
  4.745056438933382E-002
  5.114640728072672E-002
  3.907369984804909E-002
  3.723700600104041E-002
  3.486471902290889E-002
  3.403198814430852E-002
  3.136518608832273E-002
  4.050903245537940E-002
  2.843041881019970E-002
  2.626436268348653E-002
  2.967260345106959E-002
  4.363765277190068E-002
  3.996630171348281E-002
  2.862457047650735E-002
  4.120089548211414E-002
  3.560733208736089E-002
  2.154131633761003E-002
  4.198408118936547E-002
  2.992611796707634E-002
  3.624293783593635E-002
  2.263425283158071E-002
  4.008853405951229E-002
  3.797389903648685E-002
  3.326739029319647E-002
  4.181721205973810E-002
  3.056481734316774E-002
  3.247164960829019E-002
  3.827730889901959E-002
  3.899364588723264E-002
  3.781073493303788E-002
  2.952095305910829E-002
  3.405149878711067E-002
  2.689222194209617E-002
  3.311478485604669E-002
  3.127714580607632E-002
