 excitation energies, transition moments and TDA amplitudes
 state    eV      nm       fL        Rv(corr)
    1    2.251   550.7     0.7279     2.5884     0.85( 142-> 143)  0.34( 141-> 145)  0.26( 141-> 144)
    2    2.397   517.3     0.1141    -2.2057     0.82( 141-> 143) -0.36( 142-> 145) -0.28( 142-> 144)
    3    3.337   371.5     0.0073   -14.6392    -0.93( 140-> 143)  0.18( 141-> 144) -0.14( 139-> 144)
    4    3.561   348.1     0.0412     2.4216    -0.76( 139-> 143)  0.42( 142-> 144)  0.23( 142-> 145)
    5    3.610   343.5     0.0109     3.6208    -0.70( 142-> 146)  0.56( 142-> 147) -0.33( 142-> 144)
    6    3.707   334.5     0.0209    10.7037    -0.69( 142-> 144)  0.45( 142-> 145)  0.40( 142-> 146)
    7    3.875   319.9     0.0336   -10.5483    -0.75( 141-> 144)  0.45( 141-> 145) -0.19( 140-> 143)
    8    4.019   308.5     0.2175    20.2384     0.50( 141-> 147) -0.41( 142-> 145) -0.39( 141-> 146)
    9    4.061   305.3     0.1639    31.2033     0.68( 141-> 146) -0.34( 136-> 143) -0.29( 142-> 145)
