           6           1  0.328982116878237     
           7           2   1.34361925662065     
           7           6   1.29193063853163     
           8           7  0.930167238522888     
           9           8  0.971943990452213     
          10           3   1.37704465862566     
          10           6   1.26843787532993     
          10           9  0.930237955340693     
          11           9  0.965846998231184     
          12           8  0.935461921746613     
          13          12  0.944699313588286     
          14          13  0.979343101985357     
          15          14   1.78014394165787     
          16          14   1.10483405832156     
          17           1  0.479190826241664     
          18           3   1.30742047967669     
          18          17   1.15021526560077     
          19          18   1.17158939887421     
          20          19   1.43058565768817     
          21           4   1.32128738326038     
          21          17   1.20808506014457     
          21          20   1.08689902061295     
          22          19  0.987391534326978     
          23          20   1.00352650489612     
          24          23   1.82492039074232     
          25          23  0.961905015204024     
          26           1  0.462543411055006     
          27           4   1.37641447859299     
          27          26   1.30118319468788     
          28          27  0.912142240352769     
          29          28  0.956726598919811     
          30           5   1.48163916853550     
          30          26   1.11233758974971     
          30          29  0.998480959855250     
          31          28  0.974439615588345     
          32          29  0.891426472535075     
          33          32   1.00506874869030     
          34           1  0.527429763811822     
          35           5   1.26962318006067     
          35          34   1.14404105829415     
          36          35   1.18911178469567     
          37          36   1.39509296531262     
          38           2   1.27944343130261     
          38          34   1.18897412825628     
          38          37   1.13028407931501     
          39          36   1.01811846398896     
          40          37   1.06456530126044     
          41          40   1.78802923406212     
          42           2  0.905451663428879     
          42          40  0.873158223230392     
          43          42  0.971943124166986     
          44          43   1.79330566978700     
          45          43   1.05320060677794     
          46          45  0.970264468776214     
          47          16  0.930387275883817     
          48          47   1.00116946097919     
          49          48   1.85469483994647     
          50          49  0.984886298364142     
          51          49  0.980662103508427     
          52          51  0.953813732701628     
          53          52  0.978678643172961     
          54          53  0.959650754070007     
          55          54  0.984559494037599     
          56          54  0.971359522890327     
          57          56  0.972184629064712     
          58          57  0.978958360315354     
          59          58  0.954186693628746     
          60          59  0.956688847610783     
          61          59   1.00369836037471     
          62          61  0.969622232496506     
          63          62  0.997331471950858     
          64          63  0.950933793191286     
          65          64  0.977927514718951     
          66          64   1.00396569493740     
          67           3  0.935336191346640     
          68           4  0.932647541105170     
          69           5  0.928199222244914     
          70           8  0.935248141631918     
          71           9  0.939021901663969     
          72          11  0.976971608545458     
          73          11  0.980326781655684     
          74          11  0.974772128786096     
          75          12  0.967341285182117     
          76          12  0.963017620230236     
          77          13  0.956134355137223     
          78          13  0.958997799842924     
          79          22  0.970378971445514     
          80          22  0.962386898250777     
          81          22  0.968891231280855     
          82          25  0.951292873254710     
          83          25  0.971442601833911     
          84          25  0.961710943196461     
          85          28  0.948884933038023     
          86          29  0.933914553419046     
          87          31  0.972799291231949     
          88          31  0.975413840469869     
          89          31  0.980762344419819     
          90          32  0.976701806413985     
          91          32  0.966867398336519     
          92          33  0.986988175604373     
          93          33  0.980620256226617     
          94          33  0.974846027076404     
          95          39  0.967791643165636     
          96          39  0.970069390110349     
          97          39  0.953149529587312     
          98          42  0.925495631553776     
          99          46  0.985996349902681     
         100          46  0.983903308217323     
         101          46  0.989327632779886     
         102          47  0.963999904147080     
         103          47  0.959442430664858     
         104          48  0.941738932071273     
         105          50  0.975027003152121     
         106          50  0.963147844754291     
         107          50  0.975940940274870     
         108          51  0.963615116989171     
         109          51  0.958675990231627     
         110          52  0.966715373314990     
         111          52  0.966643594224690     
         112          53  0.960720619190700     
         113          53  0.958377482402238     
         114          54  0.952034326481336     
         115          55  0.976958111147003     
         116          55  0.977313313397386     
         117          55  0.979462978452583     
         118          56  0.961367394316461     
         119          56  0.962434335546358     
         120          57  0.965403312987211     
         121          57  0.975527464227238     
         122          58  0.973019844746977     
         123          58  0.955153418722625     
         124          59  0.951470526808318     
         125          60  0.983135477530238     
         126          60  0.985273305121212     
         127          60  0.979638005517323     
         128          61  0.954205511072161     
         129          61  0.951513765384496     
         130          62  0.958399724057552     
         131          62  0.965444610793138     
         132          63  0.958373835300000     
         133          63  0.958614986107941     
         134          64  0.956151397989350     
         135          65  0.978716522112111     
         136          65  0.979328526032681     
         137          65  0.982268718732863     
         138          66  0.980456082313973     
         139          66  0.975189911995913     
         140          66  0.974215166826574     
