  0.297069061538108     
  2.325461655277916E-002
 -3.001587879067902E-002
 -2.559781285594109E-002
 -5.005284104176511E-002
 -0.134636938820248     
  2.367533448527093E-002
 -1.803213576980944E-002
 -2.733176659950143E-002
  4.446820069201252E-002
 -8.126446151934896E-002
 -3.512768125661392E-002
 -4.603382256318689E-002
  0.192443672121003     
 -0.278250277584093     
 -0.149934542610018     
 -0.215405740698807     
  2.060735206977160E-002
 -1.985562913220740E-002
 -3.860839697718532E-002
  4.045816536037838E-002
 -7.546284599030173E-002
  0.133317744760554     
 -0.290187370382774     
 -7.656623901209514E-002
 -0.186008451895960     
  5.906775243382523E-002
 -1.909397915996092E-002
 -3.382918187816042E-002
  3.813694797704636E-002
 -8.820597320639578E-002
 -5.201318774791197E-002
 -8.824608340197848E-002
 -0.229639246173034     
  4.142135193981522E-002
 -2.214215188706348E-002
 -6.235111930904225E-002
  5.191690038227348E-002
 -6.557279130007831E-002
  0.146473652990685     
 -0.237234474283126     
 -3.417761800219310E-002
  0.202208866853975     
 -0.326219646694321     
 -0.148146198521292     
  2.355532342302080E-002
  7.083700400801973E-002
 -5.564427958259888E-002
 -2.313584749555186E-002
 -9.947728277421231E-002
 -7.858600473564703E-002
 -4.506876835212470E-002
 -7.567676240395738E-002
 -3.918229544009577E-002
 -0.101918596306594     
 -7.102069700673397E-002
 -7.386877940569914E-002
 -7.878981467778434E-002
 -1.297890801406432E-002
 -9.015259755355132E-002
 -7.482617762485688E-002
 -6.918981972622529E-002
 -8.181970434691177E-002
 -1.922890504395713E-002
 -0.102175923216183     
 -9.745917480286614E-002
  5.265269615879031E-002
  6.376712116446193E-002
  5.898722668330847E-002
  5.452919519282373E-002
  3.727970921906243E-002
  3.985850040183680E-002
  3.600507565695210E-002
  4.238751742270164E-002
  3.441112760267950E-002
  5.142658370414566E-002
  4.731772400068701E-002
  3.708678795947817E-002
  4.736232304159005E-002
  5.267985851368440E-002
  4.341212880015299E-002
  5.166865508210294E-002
  5.904056323973061E-002
  4.760720427192666E-002
  5.530457214286555E-002
  5.789333514573458E-002
  4.098446867848027E-002
  3.383745404456040E-002
  3.957031462877070E-002
  3.366898711124822E-002
  4.542147283147102E-002
  4.361927503505836E-002
  4.236829820289478E-002
  2.865381231478126E-002
  5.032134486888495E-002
  4.804756843702485E-002
  4.757512857216162E-002
  6.828593460595944E-002
  5.290800250600769E-002
  6.038910967136246E-002
  5.473528787973869E-002
  7.245782792361544E-002
  6.317635768705532E-002
  2.867042337730130E-002
  3.636744418010507E-002
  4.047967994530921E-002
  3.696875883024497E-002
  4.056879256124291E-002
  2.876350348543399E-002
  3.792586689407995E-002
  4.418783634589540E-002
  3.155505046328266E-002
  3.117472356586359E-002
  3.202416870621216E-002
  3.797045906324192E-002
  3.402875403691408E-002
  3.389172625482906E-002
  3.530299806123216E-002
  3.691183480215077E-002
  3.071362891231688E-002
  3.095564280299512E-002
  2.592397289638881E-002
  4.075433084522739E-002
  3.742363197408705E-002
  3.122669543178547E-002
  4.007361444445867E-002
  3.577388309028617E-002
  2.864320147984967E-002
  2.875265365460089E-002
  3.528306337153186E-002
  3.177306391242107E-002
  3.745480997893214E-002
  2.192834435294688E-002
  3.996896542481354E-002
  3.184484181264369E-002
  3.936226107395024E-002
  2.656602230939131E-002
  3.690826692993021E-002
  3.184204750362973E-002
  3.986936280691633E-002
