 excitation energies, transition moments and TDA amplitudes
 state    eV      nm       fL        Rv(corr)
    1    2.212   560.5     0.7040    -2.0129    -0.87( 143-> 144)  0.38( 142-> 146) -0.17( 141-> 144)
    2    2.406   515.3     0.1548    -0.1969     0.85( 142-> 144)  0.36( 143-> 146) -0.19( 143-> 145)
    3    3.016   411.1     0.0511     8.1530     0.93( 141-> 144) -0.13( 143-> 144) -0.13( 142-> 144)
    4    3.514   352.9     0.0124     0.3831    -0.90( 140-> 144) -0.25( 143-> 146)  0.19( 138-> 144)
    5    3.695   335.5     0.0580     4.5644     0.86( 143-> 145) -0.24( 139-> 144)  0.22( 143-> 146)
    6    3.870   320.4     0.0503    19.3014     0.65( 138-> 144) -0.38( 139-> 144)  0.33( 136-> 144)
    7    3.910   317.1     0.1901   -41.2192    -0.45( 143-> 146) -0.42( 139-> 144) -0.39( 142-> 145)
    8    4.103   302.2     0.0406    21.5200     0.55( 142-> 145) -0.40( 139-> 144)  0.29( 142-> 146)
    9    4.122   300.8     0.1202    72.1647     0.55( 138-> 144) -0.34( 134-> 145) -0.29( 134-> 144)
