  0.291843491898484     
  1.406461592930341E-003
 -1.836702047653382E-002
 -2.422897284915582E-002
 -4.652294005741897E-002
 -0.131878138431578     
  5.059209826381172E-002
 -2.300581487581521E-002
 -4.552276576008296E-002
  2.553299296463374E-002
 -8.370214593119041E-002
 -4.110656757463005E-002
 -6.072887836729191E-002
  0.209984806901846     
 -0.250330329484732     
 -0.175182725924952     
 -0.210683754827794     
  1.666296895490360E-002
 -2.072949922436873E-002
 -8.484678828327841E-002
  3.890217300403309E-002
 -7.645833440144489E-002
  0.161886125920290     
 -0.217447207334810     
 -9.215580250081690E-002
 -0.172061134046190     
  3.806424955836096E-002
 -3.074253051289766E-002
 -1.767439834683504E-002
  4.554107253155193E-002
 -8.382742593528558E-002
 -5.261559867001875E-002
 -8.664350809839139E-002
 -0.237521848617355     
  3.228260244477132E-002
 -2.250126900758520E-002
 -5.382662947921979E-002
  1.439804985745452E-002
 -6.047421139429865E-002
  0.139216485427510     
 -0.241614577375585     
 -2.542725940180457E-002
  0.229231160197124     
 -0.277376046240109     
 -0.158595527211316     
  1.722446163393121E-002
  4.345402517963093E-002
 -7.170765219192710E-002
 -1.258258663408718E-002
 -8.918120282926978E-002
 -7.399113844868133E-002
 -6.242626715146304E-002
 -6.093844846515672E-002
 -1.621565491165544E-002
 -0.105642822695438     
 -6.568791344294045E-002
 -5.290335195684648E-002
 -8.926196723050772E-002
 -2.163016122944228E-002
 -0.103731031570289     
 -6.847080664131511E-002
 -7.220729849209206E-002
 -7.786622857714409E-002
 -2.193589298131826E-002
 -0.106577502598655     
 -0.102712204540275     
  5.701490945448073E-002
  5.526687246649564E-002
  4.903799576010304E-002
  5.607699672544753E-002
  4.133099523875727E-002
  4.021854554888560E-002
  4.159786778676378E-002
  4.522063413390498E-002
  4.341029981195477E-002
  4.097975803605503E-002
  3.496875140690292E-002
  5.060237561071856E-002
  4.991362186049919E-002
  4.611308669586567E-002
  5.056498507598539E-002
  5.491976476152349E-002
  4.467472343770151E-002
  4.692363458935644E-002
  4.719841997414609E-002
  5.714312407239797E-002
  4.201145448317467E-002
  3.827436523341388E-002
  3.913055823641720E-002
  3.802911733753578E-002
  3.287766518288671E-002
  3.695038338393852E-002
  3.272770274972348E-002
  4.461848180111883E-002
  5.103578327546443E-002
  4.774649585766266E-002
  5.432784252202327E-002
  6.053898981565997E-002
  5.592863695696215E-002
  5.210888117674872E-002
  5.405922615012138E-002
  6.118119464351746E-002
  6.518731296389768E-002
  3.944528085879095E-002
  4.404042655457963E-002
  3.906941584498824E-002
  4.858404147491358E-002
  3.680696477764689E-002
  3.113978959003327E-002
  2.900041130947573E-002
  3.193098378807357E-002
  3.988037447985537E-002
  3.026576887666499E-002
  3.588951281550457E-002
  3.558134882531727E-002
  3.196889997674823E-002
  2.705929358380288E-002
  3.597052000609025E-002
  3.359476181258114E-002
  4.045334694104907E-002
  3.944723433719710E-002
  3.280101176163086E-002
  3.226137344982638E-002
  3.548140778550990E-002
  2.031921126953384E-002
  3.394517185125867E-002
  3.984562598463104E-002
  2.982083044570139E-002
  3.892463402167723E-002
  2.779815922072404E-002
  2.688374722632303E-002
  3.611782018589005E-002
  3.393683333893316E-002
  4.145705742225103E-002
  3.046060395255656E-002
  3.346843139216582E-002
  3.579505104856218E-002
  3.291946106045762E-002
  3.745107240597878E-002
  3.351922300487420E-002
