 excitation energies, transition moments and TDA amplitudes
 state    eV      nm       fL        Rv(corr)
    1    2.232   555.6     0.5464    -2.2476     0.77( 143-> 144) -0.35( 142-> 146) -0.33( 142-> 144)
    2    2.282   543.3     0.3349     0.5899    -0.77( 142-> 144) -0.36( 143-> 144) -0.30( 143-> 146)
    3    2.832   437.7     0.0599     0.7384     0.89( 141-> 144) -0.23( 142-> 144) -0.20( 143-> 146)
    4    3.467   357.6     0.0209    -9.9554    -0.91( 140-> 144) -0.30( 143-> 146) -0.11( 140-> 145)
    5    3.728   332.6     0.1472   -23.6874     0.54( 143-> 146)  0.42( 142-> 145) -0.36( 143-> 147)
    6    3.822   324.4     0.0704     0.7246    -0.70( 143-> 145)  0.51( 139-> 144) -0.23( 142-> 145)
    7    3.961   313.0     0.1152    -8.6784    -0.70( 143-> 147) -0.40( 142-> 145)  0.31( 142-> 146)
    8    3.981   311.5     0.1740   -11.7733    -0.43( 139-> 144)  0.41( 142-> 146) -0.39( 142-> 147)
    9    4.057   305.6     0.1270    30.8958     0.46( 142-> 147) -0.46( 139-> 144) -0.32( 142-> 145)
