           6           1  0.392189302209857     
           7           2   1.43581233652730     
           7           6   1.27410331768356     
           8           7  0.914324523780846     
           9           8  0.954741343203126     
          10           3   1.49960920690676     
          10           6   1.19748660161828     
          10           9  0.887295547370508     
          11           9  0.978220343952050     
          12           8  0.967291794459280     
          13          12  0.964130182522887     
          14          13  0.929640214691397     
          15          14   1.85395619760039     
          16          14   1.05576085497064     
          17           1  0.530156113936170     
          18           3   1.22509046366852     
          18          17   1.14482421031202     
          19          18   1.21778133513157     
          20          19   1.39626867640913     
          21           4   1.29860445870905     
          21          17   1.16759206203348     
          21          20   1.15285086355277     
          22          19  0.995383772222105     
          23          20  0.919057090519912     
          24          23   1.89384137928065     
          25          23  0.960967450549281     
          26           1  0.397466621770913     
          27           4   1.41909658992343     
          27          26   1.23237166470825     
          28          27  0.911155713337934     
          29          28  0.971828212242913     
          30           5   1.39724936924764     
          30          26   1.26472978189722     
          30          29  0.933675466782142     
          31          28  0.960290249823923     
          32          29  0.949915657042968     
          33          32  0.999985638534441     
          34           1  0.517334505328261     
          35           5   1.28267063540117     
          35          34   1.13688674806748     
          36          35   1.24612008475245     
          37          36   1.22767785980086     
          38           2   1.15962128275915     
          38          34   1.14927833010969     
          38          37   1.30307435002383     
          39          36   1.01981241066301     
          40          37   1.06433835123811     
          41          40   1.80625495157052     
          42           2  0.925464097126422     
          42          40  0.853231567172575     
          43          42  0.955499090776116     
          44          43   1.79369122968845     
          45          43   1.08464885897093     
          46          45  0.965493842377845     
          47          16  0.935458964162717     
          48          47  0.991523576158948     
          49          48   1.88568274520200     
          50          49  0.982051909920291     
          51          49  0.970475643737074     
          52          51  0.962797317636132     
          53          52  0.987458051314559     
          54          53  0.975091220827532     
          55          54  0.993006132429058     
          56          54  0.968919485732516     
          57          56  0.992193355509154     
          58          57  0.988252893833418     
          59          58  0.960007682277643     
          60          59  0.993121445106226     
          61          59  0.982530728995477     
          62          61  0.990131073655933     
          63          62  0.985373828516745     
          64          63  0.946931946867854     
          65          64  0.985964329292326     
          66          64  0.984939375411739     
          67           3  0.928674158015704     
          68           4  0.929611847543955     
          69           5  0.938707663556283     
          70           8  0.931079043503595     
          71           9  0.949110163195086     
          72          11  0.979545686035967     
          73          11  0.974781604851392     
          74          11  0.976418773994246     
          75          12  0.964336257365118     
          76          12  0.961186498453917     
          77          13  0.971636387767290     
          78          13  0.953701403004419     
          79          22  0.971586134583913     
          80          22  0.968166118160521     
          81          22  0.962600125715143     
          82          25  0.958354106633400     
          83          25  0.970089514799671     
          84          25  0.963340869362971     
          85          28  0.942616459216838     
          86          29  0.934707583028481     
          87          31  0.977559007471310     
          88          31  0.983890812889157     
          89          31  0.981502599664186     
          90          32  0.966037434788909     
          91          32  0.967087932306310     
          92          33  0.983721361535265     
          93          33  0.986151102440257     
          94          33  0.970785553516897     
          95          39  0.962652267825513     
          96          39  0.972644698121355     
          97          39  0.954701432951425     
          98          42  0.926112509672597     
          99          46  0.979552171589445     
         100          46  0.988478806837013     
         101          46  0.988971485560347     
         102          47  0.965818969066197     
         103          47  0.962113447185268     
         104          48  0.939904202637008     
         105          50  0.971174849478281     
         106          50  0.980986138185182     
         107          50  0.968220687015403     
         108          51  0.961388257343066     
         109          51  0.955909479677565     
         110          52  0.969565807409479     
         111          52  0.964635304456639     
         112          53  0.953116084430940     
         113          53  0.966372797664351     
         114          54  0.946693163661987     
         115          55  0.974046273557257     
         116          55  0.979398871982896     
         117          55  0.978701434041977     
         118          56  0.958595874520484     
         119          56  0.955547029726578     
         120          57  0.962938203403346     
         121          57  0.962852434717935     
         122          58  0.958528070340807     
         123          58  0.963600673941181     
         124          59  0.946370457633408     
         125          60  0.981974945555950     
         126          60  0.973355296504481     
         127          60  0.974657667703995     
         128          61  0.955292843664889     
         129          61  0.957700027451043     
         130          62  0.966120856619091     
         131          62  0.957648067425593     
         132          63  0.962747588501644     
         133          63  0.965193068491714     
         134          64  0.960583201936005     
         135          65  0.978109906527196     
         136          65  0.981480664284272     
         137          65  0.977525230711152     
         138          66  0.980401574540192     
         139          66  0.976858096226784     
         140          66  0.979790885968373     
