 excitation energies, transition moments and TDA amplitudes
 state    eV      nm       fL        Rv(corr)
    1    2.142   578.9     0.4936    -2.2284    -0.78( 144-> 145)  0.37( 143-> 145)  0.30( 143-> 146)
    2    2.309   536.8     0.2654    -2.4045    -0.73( 143-> 145) -0.42( 144-> 146) -0.39( 144-> 145)
    3    2.891   428.8     0.0253    18.6178    -0.90( 142-> 145) -0.22( 144-> 146) -0.17( 143-> 145)
    4    3.426   361.9     0.0049    -9.4441    -0.87( 144-> 148)  0.37( 144-> 147) -0.18( 144-> 149)
    5    3.566   347.7     0.0249    -9.3023    -0.57( 138-> 145)  0.47( 140-> 145) -0.27( 136-> 145)
    6    3.625   342.0     0.0860     0.3413     0.66( 141-> 145)  0.38( 144-> 146) -0.37( 144-> 147)
    7    3.792   327.0     0.1083   -20.4351     0.56( 144-> 147)  0.49( 144-> 146)  0.37( 144-> 148)
    8    3.888   318.9     0.2341   -16.4794    -0.54( 141-> 145)  0.29( 143-> 148)  0.25( 144-> 146)
    9    3.958   313.3     0.2404     8.7631     0.55( 143-> 148) -0.35( 144-> 147) -0.32( 143-> 146)
