           6           1  0.426252273206706     
           7           2   1.44436281631024     
           7           6   1.22790929666349     
           8           7  0.904170848568062     
           9           8  0.962113555594705     
          10           3   1.47012002961647     
          10           6   1.20496442732656     
          10           9  0.916201498679118     
          11           9  0.971200243717329     
          12           8  0.939125097073090     
          13          12  0.973820956766067     
          14          13  0.911707234477990     
          15          14   1.79112071770326     
          16          14   1.12990379755566     
          17           1  0.556300755130335     
          18           3   1.22724569934865     
          18          17   1.15277304230736     
          19          18   1.24471562843777     
          20          19   1.34088011043219     
          21           4   1.30449119838409     
          21          17   1.14863812455729     
          21          20   1.13140993728907     
          22          19   1.00704038001698     
          23          20   1.02347484877770     
          24          23   1.85653801387812     
          25          23  0.907051319830527     
          26           1  0.417841890738334     
          27           4   1.39927393395184     
          27          26   1.24122310657853     
          28          27  0.924625261901792     
          29          28  0.957686973624817     
          30           5   1.42331712220733     
          30          26   1.21905785048739     
          30          29  0.943132641002119     
          31          28  0.968500884286660     
          32          29  0.944019988743206     
          33          32   1.00352516008162     
          34           1  0.435964345735581     
          35           5   1.32328485621933     
          35          34   1.07699467974578     
          36          35   1.17542107294679     
          37          36   1.41386070527804     
          38           2   1.18269065318465     
          38          34   1.30658895878221     
          38          37   1.11242191672676     
          39          36  0.982323793834574     
          40          37   1.02722565938806     
          41          40   1.81822713514503     
          42           2  0.916325913030715     
          42          40  0.893377095647368     
          43          42  0.952181799651569     
          44          43   1.80344523976978     
          45          43   1.06002242026994     
          46          45  0.976454435353939     
          47          16  0.954487441389479     
          48          47  0.983724660926583     
          49          48   1.94022933315701     
          50          49  0.961876445788014     
          51          49  0.943186741573067     
          52          51  0.965985359803173     
          53          52  0.990433458713355     
          54          53  0.949295133808087     
          55          54  0.967234161698793     
          56          54  0.999053780124959     
          57          56  0.963155205104115     
          58          57  0.982938349605558     
          59          58  0.990006205795164     
          60          59  0.981573508389610     
          61          59  0.948156608776655     
          62          61  0.995541724480438     
          63          62  0.980220921299877     
          64          63  0.970803991787666     
          65          64  0.998175244143590     
          66          64  0.983906634870288     
          67           3  0.931961639835082     
          68           4  0.931977363372489     
          69           5  0.928109039241129     
          70           8  0.940876117625108     
          71           9  0.947927359803213     
          72          11  0.972524089026996     
          73          11  0.979612125087681     
          74          11  0.978056585037599     
          75          12  0.963005959773023     
          76          12  0.964970323609183     
          77          13  0.951030959854434     
          78          13  0.961130913176451     
          79          22  0.962410357374958     
          80          22  0.967406414004359     
          81          22  0.957939926169556     
          82          25  0.971810053427155     
          83          25  0.976571285569897     
          84          25  0.972323995815021     
          85          28  0.940676668685277     
          86          29  0.931658891460842     
          87          31  0.981254517298865     
          88          31  0.976927066410253     
          89          31  0.981240871640708     
          90          32  0.968818259471021     
          91          32  0.967770969516720     
          92          33  0.980544877865115     
          93          33  0.982491742968360     
          94          33  0.987628545105189     
          95          39  0.963753949155023     
          96          39  0.977573672404441     
          97          39  0.974511976961695     
          98          42  0.921709536208330     
          99          46  0.980480934178956     
         100          46  0.982321663006211     
         101          46  0.990368741778880     
         102          47  0.960604228830302     
         103          47  0.952310503858431     
         104          48  0.927914508872006     
         105          50  0.974992988841673     
         106          50  0.977008887610495     
         107          50  0.979361486041697     
         108          51  0.959367364241038     
         109          51  0.967231717849454     
         110          52  0.961102137656232     
         111          52  0.971527062922679     
         112          53  0.958792122394882     
         113          53  0.963658454134229     
         114          54  0.952388960922149     
         115          55  0.979618171103662     
         116          55  0.982011280049108     
         117          55  0.981070033434681     
         118          56  0.957484660553478     
         119          56  0.958940036639452     
         120          57  0.962308938665009     
         121          57  0.971836732611330     
         122          58  0.954676005888450     
         123          58  0.959649222520179     
         124          59  0.950079718358310     
         125          60  0.979877363125387     
         126          60  0.981599255734508     
         127          60  0.975121429352938     
         128          61  0.965174965786663     
         129          61  0.963153112139500     
         130          62  0.965858608559592     
         131          62  0.969318223509277     
         132          63  0.962997555914027     
         133          63  0.962802537305990     
         134          64  0.956491146631187     
         135          65  0.979994301186664     
         136          65  0.977072691951356     
         137          65  0.977968809455417     
         138          66  0.981047549064447     
         139          66  0.983016216814192     
         140          66  0.976124588164246     
