  0.351140330430969     
 -4.783325100980562E-003
 -3.687664630087628E-002
 -4.678785424368126E-002
 -5.208566940948600E-002
 -0.160035422746346     
  2.161626214121837E-002
 -2.792330566983914E-002
 -2.356260018159873E-002
  2.288456158668950E-002
 -8.215653416186797E-002
 -5.667868446434277E-002
 -5.896018806666792E-002
  0.231815844249507     
 -0.294365039822797     
 -0.139492051408137     
 -0.203802100695761     
  3.324023260749742E-002
 -1.133577989101653E-002
 -6.798696355767486E-002
  1.705505661732465E-002
 -7.408820708830710E-002
  0.156221602656244     
 -0.253743500990695     
 -9.217524564755131E-002
 -0.182331231278392     
  3.526738029025145E-002
 -3.380265671549232E-002
 -2.599590514705419E-002
  4.735404826473211E-002
 -8.795322633196889E-002
 -5.824495030915333E-002
 -0.106263684919397     
 -0.214257898809576     
  3.474137542735622E-002
 -2.368026870533324E-002
 -3.826321223182294E-002
  1.261340928862387E-002
 -4.695651971791825E-002
  0.107068296746026     
 -0.237839644024043     
 -3.675081996419660E-002
  0.233586134859868     
 -0.271769396566748     
 -0.156163417782509     
  1.872718685623198E-002
  3.894932402649021E-002
 -8.657290199145962E-002
  1.103136084713352E-003
 -8.758958471059231E-002
 -5.084582797565496E-002
 -7.004247833170041E-002
 -9.855465583899292E-002
 -4.164722650201202E-002
 -8.881038213452008E-002
 -8.496940284179466E-002
 -6.904437177603562E-002
 -6.436085115167689E-002
 -2.471078115174841E-002
 -9.771583556059493E-002
 -7.969572113642354E-002
 -7.718188877940513E-002
 -7.513235062531898E-002
 -1.521432365151743E-002
 -9.817225305675858E-002
 -0.102746213105500     
  5.024134823245863E-002
  6.009503879421219E-002
  5.148318714106037E-002
  6.308001840056476E-002
  5.325041655300611E-002
  4.556843909800612E-002
  4.364204094419566E-002
  4.337978977581480E-002
  3.535518865256371E-002
  4.461990008919547E-002
  5.082789406775789E-002
  4.268701406262299E-002
  3.281064908093356E-002
  6.952156678679278E-002
  6.884765509600488E-002
  4.802315552730474E-002
  5.019177046549950E-002
  4.426487320370631E-002
  4.909234315631938E-002
  5.573734275496345E-002
  4.189451046348869E-002
  4.657158411814111E-002
  3.864354416938898E-002
  4.397445916996845E-002
  3.651455301793416E-002
  3.153527522354271E-002
  3.311133544900924E-002
  2.950253242333534E-002
  5.246853371269433E-002
  5.920335640707364E-002
  6.283714190559520E-002
  6.322425757529215E-002
  5.625521732230432E-002
  5.004747035831147E-002
  6.229128506318304E-002
  7.602776875021100E-002
  7.031151802521241E-002
  2.983213943168550E-002
  3.631982916643772E-002
  4.878254117696157E-002
  5.227544519000671E-002
  3.680990054149058E-002
  4.345214367650219E-002
  2.209232209072398E-002
  3.998675089592052E-002
  2.816257992811078E-002
  2.720012858821308E-002
  3.132363465450705E-002
  3.762744084988945E-002
  4.171940268863605E-002
  4.413749249898891E-002
  2.900297831325760E-002
  3.903919358262953E-002
  2.776190440416548E-002
  3.696023483945110E-002
  3.935901618157434E-002
  3.636386373024647E-002
  3.969940157518626E-002
  3.415568755168163E-002
  3.995483231213148E-002
  4.090447887920345E-002
  2.661785571887176E-002
  2.252855298137402E-002
  3.489131792426803E-002
  2.145469287401791E-002
  3.779170755776085E-002
  3.037299897528156E-002
  3.767129884215170E-002
  2.751144334655253E-002
  3.902266239244168E-002
  3.915650558274530E-002
  3.502560945235966E-002
  3.053734094910476E-002
  3.409551575701653E-002
