 excitation energies, transition moments and TDA amplitudes
 state    eV      nm       fL        Rv(corr)
    1    2.193   565.4     0.7225     0.0045     0.86( 143-> 144) -0.37( 142-> 146) -0.24( 142-> 147)
    2    2.228   556.6     0.1112     1.7253    -0.87( 142-> 144) -0.32( 143-> 146) -0.18( 143-> 147)
    3    2.784   445.4     0.0038     0.6307     0.70( 143-> 147) -0.63( 143-> 146) -0.32( 143-> 145)
    4    3.055   405.9     0.0187   -10.5759     0.69( 142-> 147) -0.65( 142-> 146) -0.27( 142-> 145)
    5    3.303   375.3     0.0008     9.4123     0.82( 141-> 144) -0.31( 142-> 145) -0.25( 143-> 146)
    6    3.573   347.0     0.0240     4.7545     0.47( 141-> 144)  0.38( 142-> 145)  0.36( 140-> 144)
    7    3.630   341.5     0.0639    -2.6473    -0.71( 140-> 144)  0.51( 142-> 145)  0.21( 136-> 144)
    8    3.654   339.4     0.0202     2.3008    -0.81( 143-> 145) -0.39( 143-> 147) -0.24( 142-> 145)
    9    3.958   313.2     0.2272     3.0316    -0.39( 137-> 144)  0.38( 139-> 144) -0.37( 136-> 144)
