  0.302573699522533     
  6.463788443005214E-003
 -4.659839612356009E-002
 -1.246860423269869E-002
 -2.178131266220706E-002
 -0.174681756019109     
  2.672685833640154E-002
 -1.645393934134542E-002
 -4.285031855667487E-002
  2.998022874964157E-002
 -9.008140814208065E-002
 -5.302972254081517E-002
 -6.662564026071571E-002
  0.212022145035484     
 -0.241166648098655     
 -0.161511503721372     
 -0.219436398187854     
  2.968993894236904E-002
 -5.234952192329789E-002
 -5.161468943763481E-002
  2.593289400934928E-002
 -6.233152308687995E-002
  0.118074356552005     
 -0.253160614286628     
 -8.949160864346073E-002
 -0.147951510027939     
  5.748016599589256E-002
 -3.898550507661636E-002
 -2.711957544791055E-002
  5.231425564314085E-002
 -8.470643845171733E-002
 -5.008442075077024E-002
 -0.102756096881559     
 -0.205059607841553     
  3.098951835518982E-002
  1.247830802697525E-003
 -7.150047218903754E-002
  4.285228434613542E-002
 -5.841494976697614E-002
  0.144293067732356     
 -0.238572095745106     
 -3.469948714255722E-002
  0.253271640473500     
 -0.239715923101632     
 -0.149992486257220     
  5.019469846426983E-003
  4.065389846395950E-002
 -6.776621126425564E-002
 -4.111663423462719E-002
 -8.562852327139847E-002
 -7.051067800668331E-002
 -5.034747742628198E-002
 -9.431372323644727E-002
 -3.167993957665605E-002
 -9.801582941291365E-002
 -7.069512641797449E-002
 -4.641727372638371E-002
 -7.987507547891148E-002
 -2.942419792755491E-002
 -0.111737159771123     
 -6.702114299642137E-002
 -6.469456988608524E-002
 -6.193188122967719E-002
 -2.649989179206003E-002
 -9.285197000463885E-002
 -0.101755593872478     
  5.905263881585276E-002
  5.976818095691627E-002
  5.538109701959604E-002
  5.201376402441982E-002
  4.227542388943195E-002
  4.757642825868480E-002
  4.168080211203751E-002
  3.174728405895955E-002
  4.443085092186261E-002
  4.014470468694142E-002
  3.352076700129281E-002
  3.990729737994625E-002
  5.865900868792129E-002
  5.817663792350869E-002
  5.758640159939121E-002
  5.278853202458611E-002
  3.877462921279706E-002
  4.890759314852133E-002
  3.816395989280408E-002
  5.402987032107787E-002
  4.165368836778804E-002
  2.973823727799629E-002
  4.235285573728653E-002
  4.254939417749082E-002
  3.630243764854957E-002
  3.587108917197701E-002
  3.117744058334637E-002
  2.795200017461430E-002
  4.446989891713715E-002
  5.638413689340616E-002
  5.405818911846028E-002
  6.668960667858259E-002
  6.297393202644863E-002
  4.284321239199129E-002
  4.290605696753302E-002
  6.428503914828498E-002
  5.349049140987538E-002
  4.519326813678737E-002
  5.393318583015472E-002
  4.150839015732588E-002
  3.941931632978957E-002
  3.571796732821408E-002
  3.058864681421225E-002
  2.964811968726155E-002
  3.598480388848302E-002
  3.234604222560389E-002
  2.040883299691021E-002
  3.457547400527683E-002
  3.831591926127353E-002
  3.694545893655088E-002
  3.377039297813322E-002
  2.860235588819582E-002
  4.050840436699266E-002
  4.490814093470141E-002
  4.572288986636108E-002
  3.842704453740275E-002
  3.202907217832018E-002
  3.192149443131398E-002
  3.029062548734129E-002
  2.676240635491667E-002
  3.212963760175369E-002
  3.365408464883624E-002
  3.504710473609574E-002
  3.240678262401742E-002
  3.126466545890150E-002
  3.539664393523256E-002
  3.284133259441946E-002
  2.191978764470248E-002
  3.238302164739770E-002
  3.910640211162686E-002
  4.040207494135040E-002
  1.901437791259419E-002
  3.665396672072463E-002
  3.785731840152784E-002
