           6           1  0.388220836087672     
           7           2   1.46469188018809     
           7           6   1.15792776415307     
           8           7  0.953943594477052     
           9           8  0.933124912351928     
          10           3   1.38740820070748     
          10           6   1.29959251485564     
          10           9  0.919454596248301     
          11           9  0.969011407008811     
          12           8  0.941343802732753     
          13          12  0.964954604582297     
          14          13  0.941505251645130     
          15          14   1.85100423541230     
          16          14   1.04655022902682     
          17           1  0.559467622098324     
          18           3   1.30627044537193     
          18          17   1.11271824392709     
          19          18   1.22321407444214     
          20          19   1.37204541007228     
          21           4   1.27327111337768     
          21          17   1.18921431396504     
          21          20   1.08368985074603     
          22          19  0.986374921674630     
          23          20   1.06049758144933     
          24          23   1.78533971076894     
          25          23  0.948385893392796     
          26           1  0.359318334987339     
          27           4   1.45480427169735     
          27          26   1.30303146007861     
          28          27  0.873693584563864     
          29          28  0.942731255612911     
          30           5   1.51458055180192     
          30          26   1.19193849778189     
          30          29  0.925516025405329     
          31          28  0.987740611312706     
          32          29  0.958858156615093     
          33          32  0.993997556610201     
          34           1  0.527071760279398     
          35           5   1.20355487149447     
          35          34   1.16943302368251     
          36          35   1.19511837369739     
          37          36   1.33448849834304     
          38           2   1.18042828133400     
          38          34   1.18946961380478     
          38          37   1.22900153519531     
          39          36   1.01177912309397     
          40          37   1.01153820098576     
          41          40   1.83095885308146     
          42           2  0.924070729558076     
          42          40  0.883221857094348     
          43          42  0.925059393106074     
          44          43   1.84794560545141     
          45          43   1.05719007805814     
          46          45  0.973195068941205     
          47          16  0.963530577098922     
          48          47  0.983251520584677     
          49          48   1.91645679280425     
          50          49  0.964488322111217     
          51          49  0.951004319080146     
          52          51  0.979139866726980     
          53          52   1.00449327634188     
          54          53  0.939807118371304     
          55          54  0.988710998974674     
          56          54  0.979122088150303     
          57          56  0.990750297113599     
          58          57  0.964501199402394     
          59          58  0.971858145404902     
          60          59  0.974402328610302     
          61          59  0.969839284396812     
          62          61  0.983601908609802     
          63          62  0.979874712583052     
          64          63  0.982922615044854     
          65          64  0.984170963250884     
          66          64  0.983156875022953     
          67           3  0.929700266421738     
          68           4  0.925221835719689     
          69           5  0.936891862187208     
          70           8  0.940380759564025     
          71           9  0.946242645112030     
          72          11  0.975767244327008     
          73          11  0.980392610178308     
          74          11  0.980208394750223     
          75          12  0.966288612077417     
          76          12  0.963166555076662     
          77          13  0.959289820075691     
          78          13  0.962747003689551     
          79          22  0.962798150239351     
          80          22  0.973140874249303     
          81          22  0.964738151651092     
          82          25  0.972849776074368     
          83          25  0.964592093713621     
          84          25  0.962505688472396     
          85          28  0.951557924061113     
          86          29  0.936289292821029     
          87          31  0.975066568796726     
          88          31  0.976960316682968     
          89          31  0.979319186294770     
          90          32  0.961666159544821     
          91          32  0.967196541536624     
          92          33  0.983685438062781     
          93          33  0.980645490114954     
          94          33  0.983833995340764     
          95          39  0.974934400515144     
          96          39  0.960193929677566     
          97          39  0.965273592124419     
          98          42  0.923681447776302     
          99          46  0.977308774419437     
         100          46  0.986613334549871     
         101          46  0.989667684374062     
         102          47  0.951056578502727     
         103          47  0.963142813734981     
         104          48  0.935303330519593     
         105          50  0.973816206764260     
         106          50  0.978465114005633     
         107          50  0.978647770957029     
         108          51  0.955726710962802     
         109          51  0.966988143880636     
         110          52  0.965134599824970     
         111          52  0.955665391254170     
         112          53  0.957375576419662     
         113          53  0.958402954898887     
         114          54  0.953768925629127     
         115          55  0.974642542133834     
         116          55  0.980738738295206     
         117          55  0.979003036435165     
         118          56  0.954817986695363     
         119          56  0.958046530061194     
         120          57  0.970838877932935     
         121          57  0.963642485978178     
         122          58  0.958302398826972     
         123          58  0.963626626952158     
         124          59  0.954075810738988     
         125          60  0.981229078376738     
         126          60  0.980018287729845     
         127          60  0.977658737062577     
         128          61  0.960827722298222     
         129          61  0.963215434711812     
         130          62  0.966603436419334     
         131          62  0.968971227342978     
         132          63  0.964092512574393     
         133          63  0.962934124859052     
         134          64  0.957804423143722     
         135          65  0.982151045307148     
         136          65  0.978066410696379     
         137          65  0.981727139569618     
         138          66  0.984145243604629     
         139          66  0.978870650849730     
         140          66  0.980753037764450     
