  0.310754910885637     
 -3.452136288502494E-003
 -5.386594849588278E-002
 -1.652288980548189E-002
 -2.513210317568682E-002
 -0.167819425438489     
  2.745582077927056E-002
 -3.063411329972876E-002
 -1.918929281580528E-002
  4.703243205729990E-002
 -8.678234028709042E-002
 -4.463701893190386E-002
 -4.495354823343956E-002
  0.198022904654073     
 -0.301641671238585     
 -0.147028701146755     
 -0.222324766001132     
  2.808643105550113E-002
 -3.054596859881986E-002
 -7.081956737723250E-002
  4.798152537141709E-002
 -7.196987327015414E-002
  0.138549801486429     
 -0.267374651858221     
 -7.169817696743319E-002
 -0.165445481376047     
  6.209611066305820E-002
 -4.167807692938119E-002
 -1.378862181803253E-002
  2.346438953853447E-002
 -8.391733804465229E-002
 -5.225727268118696E-002
 -9.947856565050905E-002
 -0.206415045002782     
  1.152648400196910E-002
  5.483170733250997E-003
 -7.216015248762453E-002
  3.975119707308084E-002
 -5.845132013170762E-002
  0.166060747428059     
 -0.228256188083682     
 -5.396025785658320E-002
  0.227106160061620     
 -0.276538069697387     
 -0.129575256128893     
  2.109402836802587E-002
  7.003782461473174E-002
 -7.245657347514456E-002
 -2.731261330257162E-002
 -8.893798764870198E-002
 -5.662982720223297E-002
 -4.939856653588137E-002
 -4.889160271263293E-002
 -2.972153769613151E-002
 -0.112873138654110     
 -7.260840571092775E-002
 -5.050763159887062E-002
 -6.806743831610973E-002
 -3.172972531540186E-002
 -0.120313783801527     
 -5.367762958622979E-002
 -6.030009971401196E-002
 -7.153041125885284E-002
 -1.715690098966238E-002
 -9.890633327856424E-002
 -0.112399422921809     
  5.533444842717672E-002
  5.799195133669066E-002
  6.191074646019434E-002
  3.931490271263127E-002
  4.120853790467105E-002
  4.455209475186506E-002
  4.082191794594869E-002
  3.299922669930566E-002
  3.742893059272412E-002
  4.877177913667141E-002
  3.524942313561763E-002
  4.872518596531195E-002
  5.589236906579209E-002
  5.824893906713891E-002
  4.549858619978275E-002
  4.849497930475288E-002
  4.789188814189904E-002
  5.582724016558849E-002
  4.286003825844398E-002
  4.985757824356851E-002
  5.055856203318421E-002
  4.546992613573619E-002
  4.432790213275384E-002
  3.203699936656179E-002
  3.935793270916643E-002
  3.393409427106053E-002
  3.599605549131701E-002
  2.909189337798446E-002
  5.085228557031085E-002
  4.880874717931272E-002
  4.772446397869401E-002
  5.048035713726462E-002
  5.698835586193196E-002
  4.708185814732968E-002
  4.716775154649522E-002
  6.266088785652446E-002
  5.974836194983657E-002
  2.692407713296818E-002
  4.697784362341695E-002
  3.725062963649139E-002
  4.519857808646799E-002
  4.027032350162141E-002
  3.826850972776608E-002
  3.823841581581211E-002
  2.743702966762274E-002
  3.337500594402520E-002
  3.891323523897383E-002
  2.490493035529617E-002
  3.484294754323591E-002
  3.639650440165221E-002
  2.773285747535548E-002
  4.275532303100560E-002
  2.279774854616867E-002
  3.578355541528067E-002
  3.397684738048767E-002
  4.205655149218612E-002
  2.401872611781608E-002
  2.865782698950048E-002
  3.339639286819329E-002
  3.387096210845242E-002
  3.251657998682445E-002
  4.371736256050729E-002
  2.709329441935715E-002
  3.614427750580163E-002
  2.691960899081913E-002
  2.546290214655156E-002
  3.599584439671855E-002
  3.915504225408606E-002
  2.921075398939355E-002
  3.566056671997742E-002
  2.840905799643623E-002
  2.866611571385547E-002
  2.902013591062791E-002
  3.404596711426322E-002
