           6           1  0.328579712792474     
           7           2   1.44375506746106     
           7           6   1.27039924827303     
           8           7  0.858075515118487     
           9           8  0.971747959839656     
          10           3   1.40769738551609     
          10           6   1.26356267117665     
          10           9  0.933052879087917     
          11           9  0.973218117638768     
          12           8  0.957309304428344     
          13          12  0.967693733612963     
          14          13  0.944813042757340     
          15          14   1.76819652409284     
          16          14   1.13423760193270     
          17           1  0.472250735298374     
          18           3   1.26732896338671     
          18          17   1.16510144571482     
          19          18   1.16938667920625     
          20          19   1.48370808466332     
          21           4   1.41319096129447     
          21          17   1.20255667879947     
          21          20   1.02598942696173     
          22          19  0.981396421812695     
          23          20  0.965875002690440     
          24          23   1.78077786690165     
          25          23   1.04256843013820     
          26           1  0.413300378386596     
          27           4   1.28392939861235     
          27          26   1.37226357793215     
          28          27  0.936581554632848     
          29          28  0.951527848184528     
          30           5   1.49758921690748     
          30          26   1.11216370014008     
          30          29  0.951432196503733     
          31          28  0.955172689564599     
          32          29  0.959933501848782     
          33          32  0.999347288957223     
          34           1  0.587329359336699     
          35           5   1.25305847793947     
          35          34   1.05192840969753     
          36          35   1.27002253017962     
          37          36   1.36025094456755     
          38           2   1.20047478302527     
          38          34   1.26400787557687     
          38          37   1.13012534114227     
          39          36  0.990982326468217     
          40          37   1.03614403208813     
          41          40   1.84989483852404     
          42           2  0.932316094032906     
          42          40  0.855731797787336     
          43          42  0.908270722358255     
          44          43   1.79531859684415     
          45          43   1.12123117504679     
          46          45  0.967211908096259     
          47          16  0.933582012543549     
          48          47   1.01807716194046     
          49          48   1.86980629731071     
          50          49  0.992907195258331     
          51          49  0.963035147677057     
          52          51  0.967406441830769     
          53          52  0.992944002936161     
          54          53  0.970349469883406     
          55          54  0.975279144104198     
          56          54  0.957882856286838     
          57          56  0.973851136512081     
          58          57  0.980861066898566     
          59          58  0.968784320883713     
          60          59  0.978315286517245     
          61          59  0.971878775435125     
          62          61  0.979487884954469     
          63          62  0.996425018862884     
          64          63  0.950750809287424     
          65          64   1.01137158807009     
          66          64  0.976180549268466     
          67           3  0.932802214392706     
          68           4  0.933072903046798     
          69           5  0.927194927319175     
          70           8  0.947012695221615     
          71           9  0.935128626359435     
          72          11  0.976301345228203     
          73          11  0.978257133451595     
          74          11  0.977490750547627     
          75          12  0.967533756192321     
          76          12  0.959381963147831     
          77          13  0.963086388704248     
          78          13  0.961634465004931     
          79          22  0.974001615903876     
          80          22  0.964280187108694     
          81          22  0.970683803497765     
          82          25  0.947750197039972     
          83          25  0.960342961511500     
          84          25  0.934416673820206     
          85          28  0.940153251512711     
          86          29  0.933111947252973     
          87          31  0.981147465070553     
          88          31  0.980381827178480     
          89          31  0.984784738921976     
          90          32  0.967216995751135     
          91          32  0.963368604586405     
          92          33  0.982652713954373     
          93          33  0.973307322188188     
          94          33  0.986366924983056     
          95          39  0.967546628207924     
          96          39  0.977879756194904     
          97          39  0.968748633055512     
          98          42  0.936120372026758     
          99          46  0.978750117653411     
         100          46  0.988684150442285     
         101          46  0.988519090815282     
         102          47  0.953717823703729     
         103          47  0.953367728065920     
         104          48  0.942696513601008     
         105          50  0.969081043540430     
         106          50  0.974266464523203     
         107          50  0.971473366404906     
         108          51  0.964785419934825     
         109          51  0.959319626481022     
         110          52  0.964211301326567     
         111          52  0.970986577868959     
         112          53  0.962222050956075     
         113          53  0.961848273131874     
         114          54  0.958671609938053     
         115          55  0.982374502198421     
         116          55  0.974360122067712     
         117          55  0.983363573013142     
         118          56  0.961040071770516     
         119          56  0.974038468656205     
         120          57  0.972762120842623     
         121          57  0.966307789059324     
         122          58  0.957657885314751     
         123          58  0.966631816224122     
         124          59  0.956099037067861     
         125          60  0.978065868015346     
         126          60  0.974077091558648     
         127          60  0.979692960190847     
         128          61  0.960368788266736     
         129          61  0.964692195744623     
         130          62  0.963353489540098     
         131          62  0.964779984363300     
         132          63  0.963822837859871     
         133          63  0.962309427489590     
         134          64  0.952917328357988     
         135          65  0.975634105460927     
         136          65  0.968504615814841     
         137          65  0.975879277379575     
         138          66  0.983926468283492     
         139          66  0.981478982848846     
         140          66  0.976391467508067     
