  0.336333841478771     
  1.443797941091551E-002
 -1.676236389482444E-002
 -8.002583942420127E-002
 -5.699011952271960E-002
 -0.126533884260040     
  3.269186913158562E-002
 -2.122450997429581E-002
 -1.101711512039838E-002
  1.051136387121954E-002
 -7.902436703732452E-002
 -5.187414889698605E-002
 -4.379634050338765E-002
  0.218667408594138     
 -0.255134963696523     
 -0.163539389981940     
 -0.205930769291699     
  2.159656442642355E-002
 -8.266872107451917E-003
 -7.443823523748350E-002
  2.617939803204505E-002
 -6.374883776275553E-002
  0.163150410380238     
 -0.231936335539283     
 -9.804048185347902E-002
 -0.212971749973130     
  5.104515599502024E-002
 -2.241412576557433E-002
 -3.333897832597721E-002
  4.419264120672750E-002
 -7.570600574384745E-002
 -5.896248890947131E-002
 -8.348666285985473E-002
 -0.215888704914983     
  1.372006726057862E-002
 -1.492529255243191E-002
 -5.992080956366763E-002
  2.200723193521403E-002
 -6.307292495772998E-002
  0.148445395051759     
 -0.243376252339424     
 -4.058122617585269E-002
  0.233015635528209     
 -0.271713964214086     
 -0.147934867844113     
  1.723427702096458E-002
  4.783500093189286E-002
 -5.849636159658811E-002
 -1.779963497198356E-002
 -9.841192509529595E-002
 -7.004034280280536E-002
 -6.102569471872421E-002
 -5.856397205424990E-002
 -2.805099082410667E-002
 -0.103968088326887     
 -6.160949468882304E-002
 -6.860000330523608E-002
 -6.373246341282623E-002
 -3.235734384911115E-002
 -0.110031075307218     
 -5.624946651488560E-002
 -5.839380681403661E-002
 -8.320108261502579E-002
 -1.218952099821369E-002
 -0.109316566044003     
 -9.353863843768906E-002
  5.473016658799201E-002
  5.479552839915780E-002
  5.216222220725741E-002
  4.992713738070342E-002
  5.488485164396251E-002
  3.402544321986090E-002
  4.381191181190780E-002
  4.308597223968413E-002
  3.539914217538864E-002
  2.842539765052676E-002
  5.135406391660924E-002
  4.981551623866276E-002
  4.337803043701904E-002
  5.423353620886651E-002
  4.950891490116260E-002
  4.496462020711278E-002
  4.409366374868084E-002
  4.549217362696423E-002
  4.778271777311160E-002
  4.346721007401289E-002
  4.686360438309067E-002
  4.220985941972644E-002
  4.414737979213601E-002
  3.126240932462010E-002
  4.209797759736267E-002
  4.262146559803581E-002
  3.683443195058100E-002
  3.544364159987434E-002
  4.064632995555795E-002
  5.172845265218817E-002
  5.410259820429542E-002
  6.138383536184155E-002
  6.309087348721976E-002
  6.571653546386469E-002
  4.566242585674307E-002
  6.143776068714768E-002
  6.073058625502292E-002
  3.779014270325487E-002
  2.953911939382503E-002
  4.921664199947395E-002
  4.101449831206672E-002
  3.940720804432551E-002
  2.392938927746335E-002
  2.630187143379070E-002
  3.848368751598918E-002
  3.188233450040046E-002
  3.363582708764301E-002
  2.648784449222086E-002
  2.786105818551565E-002
  3.285160539778220E-002
  3.343724277775495E-002
  3.868900823751931E-002
  3.328987608375489E-002
  3.574126012678280E-002
  2.519892946756253E-002
  3.766178217047378E-002
  3.992122554821997E-002
  3.353523427066407E-002
  2.970150224428103E-002
  2.585499231948962E-002
  3.607470205377816E-002
  2.548211130746914E-002
  3.248270497659000E-002
  2.552096990564401E-002
  3.884167114078285E-002
  3.410221774740307E-002
  2.042454648737635E-002
  3.937501027904178E-002
  3.108190755583307E-002
  3.353221191403399E-002
  3.337550762679664E-002
  3.015771469412021E-002
  3.124473215939150E-002
  4.264418289049654E-002
