 excitation energies, transition moments and TDA amplitudes
 state    eV      nm       fL        Rv(corr)
    1    2.179   569.0     0.6035   -15.9564     0.80( 143-> 144)  0.39( 142-> 144)  0.31( 142-> 146)
    2    2.361   525.2     0.3444    -1.1120     0.79( 142-> 144) -0.38( 143-> 144) -0.32( 143-> 146)
    3    3.070   403.9     0.0222    -4.4312    -0.73( 143-> 147)  0.58( 143-> 146)  0.31( 143-> 145)
    4    3.335   371.7     0.0015    72.2971    -0.66( 142-> 147)  0.53( 142-> 146) -0.39( 141-> 144)
    5    3.381   366.8     0.0299   -49.0056     0.84( 141-> 144) -0.35( 142-> 147)  0.23( 142-> 146)
    6    3.646   340.0     0.0047     7.3603    -0.57( 139-> 144)  0.49( 137-> 144)  0.35( 138-> 144)
    7    3.813   325.2     0.0138    -8.4797     0.65( 137-> 144) -0.45( 138-> 144) -0.30( 136-> 144)
    8    3.963   312.8     0.0541   -13.4929     0.54( 142-> 145)  0.45( 139-> 144)  0.41( 143-> 145)
    9    4.002   309.8     0.1071    -9.2012     0.74( 143-> 145) -0.31( 142-> 145)  0.27( 143-> 147)
