           6           1  0.372812140846462     
           7           2   1.41202325740712     
           7           6   1.27783982322292     
           8           7  0.940934615415771     
           9           8  0.957754277679577     
          10           3   1.51010017026848     
          10           6   1.17719752059592     
          10           9  0.915438310157405     
          11           9  0.966403732081943     
          12           8  0.928808980238014     
          13          12  0.995578219556504     
          14          13  0.916288421283930     
          15          14   1.86652146537192     
          16          14   1.04501384648667     
          17           1  0.511654160357538     
          18           3   1.21198596729951     
          18          17   1.17440218224451     
          19          18   1.17027786741456     
          20          19   1.47302824436538     
          21           4   1.24420908102940     
          21          17   1.24270808973139     
          21          20   1.07521924885321     
          22          19  0.975935855007478     
          23          20  0.985830977987656     
          24          23   1.87045752983676     
          25          23  0.930580579000821     
          26           1  0.393082067488154     
          27           4   1.40889057879678     
          27          26   1.29440545923080     
          28          27  0.908843204882614     
          29          28  0.981342279532177     
          30           5   1.45373246997543     
          30          26   1.19583837102134     
          30          29  0.934067457195188     
          31          28  0.963838473712532     
          32          29  0.936263509618512     
          33          32   1.00014884050495     
          34           1  0.481169266193680     
          35           5   1.24921626716612     
          35          34   1.14122874697041     
          36          35   1.18896235622026     
          37          36   1.37323374416483     
          38           2   1.16846799147370     
          38          34   1.28357441091780     
          38          37   1.13266899675152     
          39          36   1.00486141311109     
          40          37   1.09050486154045     
          41          40   1.80481283545067     
          42           2  0.977974766695921     
          42          40  0.854562963391974     
          43          42  0.889092829541632     
          44          43   1.81730147443510     
          45          43   1.11206285609677     
          46          45  0.953805144503103     
          47          16  0.939767825581226     
          48          47   1.02100924540897     
          49          48   1.85333966811970     
          50          49  0.984538115353305     
          51          49  0.959854666336186     
          52          51  0.986133228206153     
          53          52  0.978301611823054     
          54          53  0.973333670602041     
          55          54  0.979645060846882     
          56          54  0.973006072008476     
          57          56  0.980808871756322     
          58          57  0.988971084364751     
          59          58  0.956658484318605     
          60          59   1.00312550410071     
          61          59  0.955218073824363     
          62          61  0.991728569676112     
          63          62  0.974633428240701     
          64          63  0.968865901678004     
          65          64  0.982897944845344     
          66          64  0.995053300623821     
          67           3  0.931766736908438     
          68           4  0.937276763912304     
          69           5  0.938031772903090     
          70           8  0.936512728760710     
          71           9  0.942795528600452     
          72          11  0.980934692590546     
          73          11  0.976700096234365     
          74          11  0.973711442478705     
          75          12  0.964534042332604     
          76          12  0.964053379952002     
          77          13  0.954393642150404     
          78          13  0.947001785664989     
          79          22  0.978115167291964     
          80          22  0.970937470831154     
          81          22  0.970115860339216     
          82          25  0.965936959683919     
          83          25  0.967469042313435     
          84          25  0.974188724142260     
          85          28  0.937521374813172     
          86          29  0.927079751443502     
          87          31  0.981451929117325     
          88          31  0.978488302854085     
          89          31  0.977370545132278     
          90          32  0.968879810261857     
          91          32  0.966033735124303     
          92          33  0.981135337956040     
          93          33  0.987250032114297     
          94          33  0.981531727959207     
          95          39  0.970939430391546     
          96          39  0.971530783363291     
          97          39  0.960371223709857     
          98          42  0.925328234036814     
          99          46  0.985522888216688     
         100          46  0.977825918157355     
         101          46  0.990462732452600     
         102          47  0.953089742147975     
         103          47  0.953471351990792     
         104          48  0.937380007972632     
         105          50  0.974843101160470     
         106          50  0.972036339758246     
         107          50  0.966155194327965     
         108          51  0.959042800220031     
         109          51  0.959478453095059     
         110          52  0.964171013734261     
         111          52  0.967405098747632     
         112          53  0.967674249770880     
         113          53  0.964716420743044     
         114          54  0.955197636241773     
         115          55  0.982263242167408     
         116          55  0.978707923968564     
         117          55  0.979830763363728     
         118          56  0.962430748048737     
         119          56  0.966794110095921     
         120          57  0.964024807585805     
         121          57  0.964302813620923     
         122          58  0.963512085233244     
         123          58  0.964048873930634     
         124          59  0.951905719867636     
         125          60  0.971367378599693     
         126          60  0.976457378472202     
         127          60  0.976851084678833     
         128          61  0.968536414703296     
         129          61  0.968148548734520     
         130          62  0.973324526712995     
         131          62  0.965205974135670     
         132          63  0.959911164779752     
         133          63  0.967053035847165     
         134          64  0.954082483970445     
         135          65  0.981023883379564     
         136          65  0.977093612496498     
         137          65  0.980817807611744     
         138          66  0.981435750396989     
         139          66  0.978236360312866     
         140          66  0.975868642751977     
