  0.302078187290472     
  1.950346478611387E-002
 -4.428374036719784E-002
 -3.681227882260796E-002
 -2.096841060057741E-002
 -0.157654477760580     
  1.690520502808290E-002
 -5.861097128517123E-003
 -2.176799134379515E-002
  1.053488087225851E-002
 -9.395875312285273E-002
 -5.841445777232668E-002
 -7.024189142452020E-002
  0.224973344607665     
 -0.259409048273845     
 -0.159010261242279     
 -0.227447840445639     
  1.798087070518362E-002
 -1.380548102208579E-002
 -3.292133843502665E-002
 -2.327454361229719E-003
 -6.457012369184767E-002
  0.150607583405258     
 -0.260854898195643     
 -8.727728385928124E-002
 -0.152178613024541     
  2.919404126921599E-002
 -1.222850800326558E-002
 -3.258351216577537E-002
  3.544219041912688E-002
 -9.345611096408390E-002
 -3.833045138118152E-002
 -9.098036836331236E-002
 -0.192606729130361     
  1.542623236288376E-002
  1.967605357746827E-002
 -5.293361967724319E-002
  3.914572808225625E-002
 -6.599009429822811E-002
  0.159430808226786     
 -0.220889206923497     
 -5.218677092358170E-002
  0.211880872321862     
 -0.255035422330841     
 -0.155691121704404     
  8.908617881239422E-003
  3.268863470815386E-002
 -6.966350000547816E-002
 -1.392276623979960E-002
 -9.702354539275770E-002
 -5.659140273658458E-002
 -5.928882212893782E-002
 -6.308084611238574E-002
 -2.971054781177518E-002
 -0.107476887848903     
 -6.953679864610240E-002
 -7.998085211735884E-002
 -6.254241505667846E-002
 -1.839860239878188E-002
 -0.110041970020365     
 -5.485777905646483E-002
 -7.419412132672942E-002
 -7.099094303145836E-002
 -1.933924184139091E-002
 -9.629268112116485E-002
 -0.113187993035980     
  6.447458979076814E-002
  5.180077065425059E-002
  5.929431746351721E-002
  6.277665677150168E-002
  4.311722991551847E-002
  4.158009843665633E-002
  3.280244749546568E-002
  3.797220811616164E-002
  3.733187468589161E-002
  3.580343425812260E-002
  3.935758935934175E-002
  4.368884894730918E-002
  5.053689128759964E-002
  5.307712059341285E-002
  5.701577402284597E-002
  4.956559730944698E-002
  4.905019195892801E-002
  4.690045212336003E-002
  3.586488062606585E-002
  5.842691713771953E-002
  3.610891668790017E-002
  2.862664754010835E-002
  4.367366073143475E-002
  4.767318214532079E-002
  3.647664648964888E-002
  2.746030522111975E-002
  3.606060651553555E-002
  3.908066947932343E-002
  4.660495246994123E-002
  5.109932218373325E-002
  5.147171972706144E-002
  5.455071199808825E-002
  4.839705541788353E-002
  4.564219703850980E-002
  5.037274831596183E-002
  5.459044754185516E-002
  6.236057309366960E-002
  4.031153421391676E-002
  4.069046509437224E-002
  3.909872197971787E-002
  4.709438840126456E-002
  4.414087047265391E-002
  4.271581523350843E-002
  3.938311253143989E-002
  4.066320156684755E-002
  3.592325640393901E-002
  3.349845937566720E-002
  2.902091252728178E-002
  2.942981427420854E-002
  2.260673560504756E-002
  3.790493583468502E-002
  3.762477291499167E-002
  3.355244499700172E-002
  3.754761628094805E-002
  2.623728339650999E-002
  3.124841260438038E-002
  3.490058118123196E-002
  3.704984008711198E-002
  2.662696371096351E-002
  4.255224680412839E-002
  3.411656573150790E-002
  4.285823917152520E-002
  3.263296602353238E-002
  2.426285616721802E-002
  3.107731659868851E-002
  3.736589257550893E-002
  3.040785908161769E-002
  2.817558671946296E-002
  4.004182839074366E-002
  3.181987755934412E-002
  3.146571871911386E-002
  3.199880564245361E-002
  3.970292258436570E-002
  2.798528313734816E-002
