 excitation energies, transition moments and TDA amplitudes
 state    eV      nm       fL        Rv(corr)
    1    2.212   560.5     0.2753   -12.0772     0.61( 143-> 144) -0.61( 142-> 144)  0.27( 142-> 145)
    2    2.306   537.6     0.4063     2.0820    -0.61( 143-> 144) -0.58( 142-> 144)  0.33( 143-> 145)
    3    3.290   376.8     0.0072   -26.8918    -0.88( 141-> 144)  0.23( 143-> 145)  0.20( 139-> 144)
    4    3.578   346.5     0.0896    -8.3274    -0.66( 143-> 147)  0.51( 143-> 146) -0.24( 139-> 144)
    5    3.692   335.8     0.1740    -6.0900     0.69( 143-> 145)  0.46( 143-> 146)  0.29( 139-> 144)
    6    3.768   329.0     0.2022    26.3735     0.53( 142-> 145) -0.52( 143-> 147)  0.35( 142-> 146)
    7    3.877   319.8     0.4041   -22.8107    -0.75( 142-> 147)  0.47( 142-> 146) -0.18( 143-> 147)
    8    3.937   314.9     0.0124    -3.2741    -0.45( 142-> 146) -0.44( 143-> 146) -0.44( 142-> 145)
    9    4.059   305.5     0.2181     9.7138     0.48( 139-> 144)  0.31( 137-> 144)  0.28( 134-> 144)
