           6           1  0.396658087921551     
           7           2   1.43576185308055     
           7           6   1.20958842826546     
           8           7  0.903176262192450     
           9           8  0.959614133393285     
          10           3   1.38850147800547     
          10           6   1.25303568077017     
          10           9  0.949818642190725     
          11           9  0.947434053868802     
          12           8  0.969239350123867     
          13          12  0.954014478019912     
          14          13  0.900303233112209     
          15          14   1.85349236765257     
          16          14   1.09510515275183     
          17           1  0.527606714166052     
          18           3   1.28153023534048     
          18          17   1.19490066399202     
          19          18   1.13957020786522     
          20          19   1.47313755948413     
          21           4   1.34940145298225     
          21          17   1.15002386416854     
          21          20   1.06822538059345     
          22          19  0.985268292372165     
          23          20   1.04780204832406     
          24          23   1.78487488697916     
          25          23  0.969556081585481     
          26           1  0.341135740540345     
          27           4   1.35127924943123     
          27          26   1.29111805779829     
          28          27  0.929168378147601     
          29          28  0.948948180304510     
          30           5   1.38814461061344     
          30          26   1.27516958455908     
          30          29  0.922626011819655     
          31          28  0.978253674950339     
          32          29  0.935567542247270     
          33          32   1.00803530058415     
          34           1  0.555101244867885     
          35           5   1.29577167252438     
          35          34   1.06347098911802     
          36          35   1.24385773251466     
          37          36   1.32724528008928     
          38           2   1.25840712333086     
          38          34   1.23106699940820     
          38          37   1.13464294046815     
          39          36  0.990996247617547     
          40          37   1.10227708836145     
          41          40   1.83360671480769     
          42           2  0.937953554163601     
          42          40  0.811012617618137     
          43          42  0.939418205232890     
          44          43   1.82157640768296     
          45          43   1.04917613717292     
          46          45  0.977423757237158     
          47          16  0.931816692798035     
          48          47  0.970180060561964     
          49          48   1.89969413358316     
          50          49  0.977406890167359     
          51          49  0.963610243212495     
          52          51  0.971004863662095     
          53          52  0.978995332737068     
          54          53  0.964011984017679     
          55          54  0.980189802204007     
          56          54  0.966562929664016     
          57          56  0.978391313464792     
          58          57  0.967735979974057     
          59          58  0.989384294934748     
          60          59  0.991850519246903     
          61          59  0.952842471673359     
          62          61  0.999062605611909     
          63          62  0.968755449434447     
          64          63  0.997525844979332     
          65          64  0.977482299846556     
          66          64  0.976643099085871     
          67           3  0.933669236927621     
          68           4  0.929709827043864     
          69           5  0.937512433091851     
          70           8  0.934650321032806     
          71           9  0.940697543423365     
          72          11  0.974574587175380     
          73          11  0.981873676408644     
          74          11  0.978356194688805     
          75          12  0.966013731727700     
          76          12  0.961293455741192     
          77          13  0.966239495310839     
          78          13  0.959438831445809     
          79          22  0.965032123355650     
          80          22  0.974343976644445     
          81          22  0.964268007415987     
          82          25  0.953070390549861     
          83          25  0.962762117201432     
          84          25  0.971063856755754     
          85          28  0.942389315307138     
          86          29  0.938873901083082     
          87          31  0.978527397603971     
          88          31  0.978319526315855     
          89          31  0.971638936411734     
          90          32  0.965281406680011     
          91          32  0.967791828969371     
          92          33  0.984601433519531     
          93          33  0.977283883190698     
          94          33  0.979574552611575     
          95          39  0.974373887526649     
          96          39  0.962156505590823     
          97          39  0.975022725464843     
          98          42  0.929425761855140     
          99          46  0.980077760913516     
         100          46  0.985107626123714     
         101          46  0.987947704621204     
         102          47  0.969859362784003     
         103          47  0.968508285372582     
         104          48  0.941279734393966     
         105          50  0.976597546822056     
         106          50  0.971346297464402     
         107          50  0.972959796073406     
         108          51  0.954808820198374     
         109          51  0.960191014408353     
         110          52  0.967834349205670     
         111          52  0.966293553912937     
         112          53  0.966912452355550     
         113          53  0.965981783356949     
         114          54  0.956287251121662     
         115          55  0.978416834268431     
         116          55  0.983839260916629     
         117          55  0.976757720989110     
         118          56  0.966774983802005     
         119          56  0.963003566354739     
         120          57  0.961189999619104     
         121          57  0.970016094032347     
         122          58  0.958226162439816     
         123          58  0.960598783876879     
         124          59  0.946539555231765     
         125          60  0.975551875776285     
         126          60  0.976590925955465     
         127          60  0.975759955763956     
         128          61  0.958639359966546     
         129          61  0.962347574286569     
         130          62  0.965443279230721     
         131          62  0.964806040364031     
         132          63  0.962978929445524     
         133          63  0.962403923239283     
         134          64  0.957146774116926     
         135          65  0.980495292131585     
         136          65  0.982866597516368     
         137          65  0.979135120407471     
         138          66  0.976569700156651     
         139          66  0.982366500882014     
         140          66  0.979902556545441     
