 excitation energies, transition moments and TDA amplitudes
 state    eV      nm       fL        Rv(corr)
    1    2.264   547.7     0.5215     7.3229    -0.86( 138-> 139)  0.31( 137-> 140)  0.22( 137-> 141)
    2    2.416   513.2     0.1431     0.3824    -0.81( 137-> 139) -0.38( 138-> 140) -0.32( 138-> 141)
    3    3.058   405.4     0.0643     5.7688     0.89( 136-> 139) -0.27( 138-> 140)  0.16( 138-> 139)
    4    3.510   353.2     0.0100    20.8187     0.66( 138-> 143) -0.59( 138-> 142) -0.32( 138-> 141)
    5    3.576   346.7     0.1925    -4.3792    -0.69( 138-> 141)  0.43( 138-> 140)  0.42( 138-> 142)
    6    3.788   327.3     0.2833    14.3659     0.47( 137-> 140) -0.40( 137-> 142) -0.38( 137-> 141)
    7    3.904   317.6     0.0015     8.1271    -0.59( 135-> 139) -0.50( 133-> 139) -0.48( 131-> 139)
    8    4.062   305.2     0.3568    10.8534     0.52( 138-> 140)  0.47( 137-> 140) -0.28( 137-> 139)
    9    4.131   300.1     0.0028   -57.9147     0.66( 137-> 143) -0.59( 137-> 142)  0.25( 137-> 141)
