  0.299332504628847     
  1.434792827664033E-002
 -1.964801949845718E-002
 -1.336625371905864E-002
 -4.589696762590645E-002
 -0.139926093295282     
  5.267415799197384E-002
 -3.524527098151253E-002
 -2.386134066366719E-002
  4.189283131312349E-002
 -0.100859426181071     
 -4.161967603620820E-002
 -4.523543752886017E-002
  0.196613361874935     
 -0.276707335007500     
 -0.176535110968445     
 -0.214615962261225     
  3.961247440749283E-002
 -2.697168807070138E-002
 -6.377782408785038E-002
  5.421202078429888E-002
 -7.565649055706647E-002
  0.131320052613429     
 -0.271105150149340     
 -7.683358198101775E-002
 -0.182686515957545     
  4.052049815848813E-002
 -1.182300805546621E-002
 -4.634459896199328E-002
  4.453129883979479E-002
 -8.552513659485417E-002
 -4.854438579782805E-002
 -9.389490409868717E-002
 -0.216169336464909     
  1.837493427259629E-002
  1.547544332422213E-003
 -4.795337951686651E-002
  3.390561439943296E-002
 -6.466436931109154E-002
  0.131387084918864     
 -0.236180719698964     
 -4.212432104735608E-002
  0.243503702148581     
 -0.300531703349524     
 -0.136607193820947     
  2.126403799410026E-002
  4.841027075323234E-002
 -5.724918846167171E-002
 -8.647618952364766E-003
 -8.331752428403583E-002
 -6.434120033126867E-002
 -6.765125222253410E-002
 -7.503811910952329E-002
 -2.683372189959599E-002
 -0.106782323819508     
 -6.100617592879143E-002
 -6.885511816920964E-002
 -9.177533908072633E-002
 -1.172397730131447E-002
 -0.102094787478463     
 -6.828580298524756E-002
 -6.262421595636436E-002
 -7.426443446073527E-002
 -8.557759526126141E-003
 -0.104219001349111     
 -0.112545088844624     
  6.585153639379793E-002
  5.816470906402371E-002
  5.803683124224723E-002
  4.825986344271660E-002
  5.357378928822187E-002
  3.560180673807634E-002
  3.372029806381271E-002
  3.528828655441063E-002
  3.926744560722251E-002
  4.050038782803478E-002
  5.135983333700078E-002
  4.509449850018654E-002
  5.287311686286067E-002
  4.461168928153370E-002
  5.194415429814825E-002
  4.851755707309302E-002
  5.352331005374567E-002
  4.844888035800798E-002
  4.946870848707874E-002
  4.292544401167286E-002
  3.673483472565320E-002
  3.722867021349741E-002
  4.983247366641697E-002
  3.591547421493424E-002
  4.250859580178779E-002
  3.442061712742606E-002
  4.083040422828488E-002
  2.724558847428338E-002
  5.498619692796758E-002
  5.609564105752751E-002
  4.408131199745302E-002
  5.426696614667670E-002
  4.279942465841147E-002
  4.723499824889121E-002
  5.483153071485880E-002
  5.300055893308642E-002
  4.463133943623854E-002
  3.991315699231934E-002
  4.258409450786305E-002
  4.219403020912560E-002
  4.683840947401841E-002
  3.298028762105465E-002
  4.273994115371349E-002
  3.110979471126540E-002
  3.373436782214334E-002
  3.049535391750113E-002
  4.131507299768100E-002
  3.742881663851727E-002
  2.757639854535932E-002
  3.144915825363370E-002
  3.834317948138555E-002
  3.398396261753101E-002
  3.600304721316705E-002
  3.692701714254154E-002
  3.701744667096152E-002
  2.729921706624727E-002
  2.646229850475990E-002
  4.643960722360041E-002
  3.262727428063061E-002
  2.863604560457989E-002
  3.929683526597805E-002
  3.612051819247319E-002
  3.826830039645979E-002
  2.575071535597595E-002
  4.021235811587243E-002
  2.937969690509445E-002
  3.847989572541899E-002
  3.536605214318411E-002
  3.644922374271231E-002
  3.535698072167237E-002
  2.625682040090482E-002
  2.370477486382983E-002
  3.506571786185531E-002
  2.579089234188059E-002
