 excitation energies, transition moments and TDA amplitudes
 state    eV      nm       fL        Rv(corr)
    1    2.239   553.8     0.7465     3.0113     0.84( 144-> 145) -0.37( 143-> 147)  0.29( 143-> 145)
    2    2.435   509.1     0.3090    -2.9810    -0.82( 143-> 145) -0.38( 144-> 147)  0.29( 144-> 145)
    3    3.111   398.5     0.0142     0.1380     0.95( 142-> 145) -0.16( 141-> 145)  0.13( 141-> 146)
    4    3.526   351.6     0.0664   -11.4585     0.85( 141-> 145)  0.25( 139-> 145)  0.23( 144-> 147)
    5    3.702   334.9     0.0084     3.0869     0.68( 139-> 145)  0.54( 140-> 145) -0.27( 141-> 145)
    6    3.929   315.6     0.0180    23.0591    -0.92( 144-> 146) -0.21( 143-> 146) -0.10( 137-> 148)
    7    4.044   306.6     0.0144    30.4870    -0.65( 137-> 145)  0.43( 143-> 146)  0.25( 136-> 145)
    8    4.066   304.9     0.2051     2.2803    -0.61( 144-> 147) -0.41( 144-> 148) -0.35( 143-> 148)
    9    4.151   298.7     0.2318   -35.4211     0.52( 143-> 146) -0.47( 144-> 148) -0.32( 144-> 150)
