           6           1  0.363289931687498     
           7           2   1.41255077400943     
           7           6   1.29253356888632     
           8           7  0.905836934920068     
           9           8  0.943224251666011     
          10           3   1.47916902286131     
          10           6   1.18778663714519     
          10           9  0.931173095591769     
          11           9  0.984629712032884     
          12           8  0.961694800199578     
          13          12  0.983601399199472     
          14          13  0.935535161743973     
          15          14   1.82682638485110     
          16          14   1.06576134171989     
          17           1  0.472560610656199     
          18           3   1.23285452513399     
          18          17   1.15182459567715     
          19          18   1.25560155284003     
          20          19   1.38210711170599     
          21           4   1.27786316978806     
          21          17   1.22657002766846     
          21          20   1.08825667596916     
          22          19  0.984763604164633     
          23          20   1.01980030598833     
          24          23   1.78296790757745     
          25          23  0.986867762458945     
          26           1  0.441731352506246     
          27           4   1.42150978783711     
          27          26   1.22094159381631     
          28          27  0.915227303639050     
          29          28  0.954302269784071     
          30           5   1.51156659693280     
          30          26   1.19761003480709     
          30          29  0.927640183102527     
          31          28  0.961799668454673     
          32          29  0.929484031274429     
          33          32   1.01199014630116     
          34           1  0.547910184796679     
          35           5   1.20247204284148     
          35          34   1.11770349204088     
          36          35   1.26885315320332     
          37          36   1.31619887962060     
          38           2   1.21081905645277     
          38          34   1.22274470520563     
          38          37   1.14255649408544     
          39          36   1.00638731182047     
          40          37   1.12756044517701     
          41          40   1.79446879246972     
          42           2  0.927766887936596     
          42          40  0.809466265515757     
          43          42  0.960381815540905     
          44          43   1.77023519878820     
          45          43   1.11100910770207     
          46          45  0.972906985072674     
          47          16  0.923389768574686     
          48          47   1.02131199257189     
          49          48   1.88830462212746     
          50          49  0.976310002228365     
          51          49  0.963067584302542     
          52          51  0.965258470504154     
          53          52  0.991301031614437     
          54          53  0.968398147071665     
          55          54  0.982583562017901     
          56          54  0.968632255152469     
          57          56  0.973807286482101     
          58          57  0.981364067830749     
          59          58  0.957541261946971     
          60          59   1.01177467258934     
          61          59  0.940128199195659     
          62          61  0.996157083084330     
          63          62  0.967773099609640     
          64          63  0.979839025878793     
          65          64  0.984650651756484     
          66          64  0.987302769765376     
          67           3  0.929790373757005     
          68           4  0.931848496550231     
          69           5  0.933346725367512     
          70           8  0.935158003096257     
          71           9  0.940745109123838     
          72          11  0.971519743899034     
          73          11  0.972681001678511     
          74          11  0.976489424316191     
          75          12  0.961024740351428     
          76          12  0.961620901687415     
          77          13  0.945188679616237     
          78          13  0.958528716622936     
          79          22  0.971587705209716     
          80          22  0.963847922256493     
          81          22  0.972262271073134     
          82          25  0.967574334436972     
          83          25  0.950971232403484     
          84          25  0.964346824220228     
          85          28  0.948702676391205     
          86          29  0.941296238762959     
          87          31  0.979207586657770     
          88          31  0.973340826329907     
          89          31  0.977938121421030     
          90          32  0.969116568227203     
          91          32  0.966266052272173     
          92          33  0.978141091378117     
          93          33  0.968961550431684     
          94          33  0.986563317842164     
          95          39  0.969143490898928     
          96          39  0.959035433227638     
          97          39  0.966347269987135     
          98          42  0.935427715198414     
          99          46  0.985299918744178     
         100          46  0.989609738910654     
         101          46  0.978380873329394     
         102          47  0.965348654062297     
         103          47  0.960912268955293     
         104          48  0.934656694625770     
         105          50  0.975355299802475     
         106          50  0.968654135513483     
         107          50  0.977131632608947     
         108          51  0.968714155813923     
         109          51  0.959113583367931     
         110          52  0.967139582629249     
         111          52  0.963163166162510     
         112          53  0.958256157848443     
         113          53  0.961773874766611     
         114          54  0.952921643139592     
         115          55  0.979352764770946     
         116          55  0.982379849238824     
         117          55  0.973915345788465     
         118          56  0.966751976429806     
         119          56  0.966123765755220     
         120          57  0.970654627249603     
         121          57  0.970516498742776     
         122          58  0.962730348752212     
         123          58  0.968652390899313     
         124          59  0.951449529507078     
         125          60  0.974518441741555     
         126          60  0.972273430675363     
         127          60  0.968303998431521     
         128          61  0.964506617046642     
         129          61  0.964223530903751     
         130          62  0.964700605105694     
         131          62  0.969856120784224     
         132          63  0.963743230210365     
         133          63  0.958629924775213     
         134          64  0.954117343674396     
         135          65  0.975592603044983     
         136          65  0.980892880851906     
         137          65  0.977940577208061     
         138          66  0.977844756671391     
         139          66  0.978261156101666     
         140          66  0.979044212999914     
