  0.315472199698373     
  2.231087164560819E-002
 -6.091414361911873E-002
 -1.619708824338595E-002
 -8.103039583603255E-003
 -0.156595412551552     
  1.480879053571238E-002
 -3.295464688258942E-002
 -9.381211088369312E-003
  1.154064407325084E-002
 -8.307445528644664E-002
 -4.548124111462304E-002
 -3.052266762334899E-002
  0.201415556919669     
 -0.251406191615373     
 -0.181661687231199     
 -0.228638003841870     
  2.984660383953397E-003
 -5.212930764458967E-002
 -5.903297142152208E-002
  1.977136888109188E-002
 -6.274834543905961E-002
  0.126148917495172     
 -0.263028792099716     
 -8.201277661553519E-002
 -0.117738652519986     
  2.560198853505113E-002
 -1.511706674593949E-002
 -2.847090532038443E-002
  5.049207795760680E-002
 -0.107434674313162     
 -5.273927079646157E-002
 -8.256993982089167E-002
 -0.205990728765742     
  3.253895628843395E-002
  1.894690258241516E-002
 -4.515433711500272E-002
  5.531871984742454E-002
 -7.211193944933747E-002
  0.153313942151786     
 -0.239916493787328     
 -2.155997876583360E-002
  0.212559187592301     
 -0.253836010927534     
 -0.189681210889042     
  1.026292548681251E-003
  4.665716802687792E-002
 -7.533515214580166E-002
 -2.224514027566649E-002
 -9.129565398287909E-002
 -6.669020898758760E-002
 -7.282273706584963E-002
 -5.859603535918545E-002
 -9.125052442972681E-003
 -9.882240878227400E-002
 -6.006455858306037E-002
 -6.189273483213942E-002
 -6.227797257326095E-002
 -4.193496775401151E-002
 -0.115862114480344     
 -7.764959303469876E-002
 -5.301885986696231E-002
 -5.648904408765887E-002
 -1.784256939831952E-002
 -0.105364824024091     
 -0.106821201073749     
  5.571202674987374E-002
  6.112833083785607E-002
  4.863187984433637E-002
  6.042888690143500E-002
  3.968903305471505E-002
  3.826135130568387E-002
  3.478130496419640E-002
  4.503169570592525E-002
  2.925277016706274E-002
  5.192406346464840E-002
  5.405525320708615E-002
  5.239704360699227E-002
  5.644376242870586E-002
  4.887010860250840E-002
  5.379086782737685E-002
  5.137230795447179E-002
  5.855207396860673E-002
  4.628630069580963E-002
  4.561862236053560E-002
  5.115314025456952E-002
  3.247838880826215E-002
  3.936770669223599E-002
  3.702422839028974E-002
  4.203402204042850E-002
  3.401354956038505E-002
  3.269389256061683E-002
  3.294155856439374E-002
  4.000574305497362E-002
  4.805110634118415E-002
  5.102044486573221E-002
  5.666943534461999E-002
  6.755759749968071E-002
  4.795700650587853E-002
  5.318480234543177E-002
  4.874521046028479E-002
  5.449406243215216E-002
  6.066928344542644E-002
  3.569573530805437E-002
  4.188936862210402E-002
  3.743048304233110E-002
  4.230716396512746E-002
  2.551277475980007E-002
  4.849143064278538E-002
  1.699160086263207E-002
  2.896856015163118E-002
  3.063989855295290E-002
  3.405164206735933E-002
  3.045253322637764E-002
  2.294458357134477E-002
  3.445714986039505E-002
  3.605580993548263E-002
  3.549212403733892E-002
  3.885633028817581E-002
  3.734394357406678E-002
  3.003255137699623E-002
  3.775155316747492E-002
  3.562771422309541E-002
  2.358045173012369E-002
  3.243980470219765E-002
  2.163647861357354E-002
  3.664539542991541E-002
  2.874412818015115E-002
  3.247790672073969E-002
  4.292784866794419E-002
  3.267391660118024E-002
  4.084014134031877E-002
  3.779572341876081E-002
  3.217113976157271E-002
  3.255726288605643E-002
  3.489539481999482E-002
  2.779213355874621E-002
  2.619308318720259E-002
  4.016326664732117E-002
  3.262988438987402E-002
