 excitation energies, transition moments and TDA amplitudes
 state    eV      nm       fL        Rv(corr)
    1    2.070   599.1     0.1448    -6.7535    -0.83( 142-> 144)  0.34( 141-> 144) -0.26( 143-> 146)
    2    2.435   509.2     0.6852     7.4220     0.87( 143-> 144) -0.34( 142-> 146)  0.21( 142-> 144)
    3    2.880   430.5     0.0801   -18.6123     0.88( 141-> 144)  0.29( 142-> 144)  0.26( 143-> 146)
    4    3.534   350.8     0.1815   -14.4973     0.60( 142-> 147) -0.39( 143-> 147) -0.38( 142-> 146)
    5    3.629   341.7     0.0042    -4.1765    -0.64( 139-> 144) -0.44( 142-> 147)  0.36( 142-> 146)
    6    3.717   333.5     0.0640    15.1638    -0.70( 143-> 145)  0.34( 139-> 144)  0.30( 142-> 145)
    7    3.867   320.6     0.0340    -3.0613    -0.68( 143-> 147) -0.34( 142-> 145)  0.34( 137-> 144)
    8    3.961   313.0     0.3332    61.5822    -0.55( 142-> 145) -0.43( 143-> 148) -0.33( 143-> 145)
    9    4.007   309.4     0.0192    -7.2687     0.45( 137-> 144) -0.33( 135-> 144)  0.30( 143-> 147)
