           6           1  0.361198261727429     
           7           2   1.39076817825016     
           7           6   1.22886538738326     
           8           7  0.915131661161316     
           9           8  0.965752871118665     
          10           3   1.39356833317172     
          10           6   1.30502960341729     
          10           9  0.891132741812922     
          11           9  0.982571051679383     
          12           8  0.922038429891031     
          13          12  0.983918108558768     
          14          13  0.949014933834654     
          15          14   1.86651846612154     
          16          14   1.01763975170511     
          17           1  0.529069756576349     
          18           3   1.27957887969295     
          18          17   1.14462466426456     
          19          18   1.16829506580765     
          20          19   1.44101433510824     
          21           4   1.30766439809040     
          21          17   1.22459791461862     
          21          20   1.02483736402351     
          22          19   1.01106067056544     
          23          20   1.05511299666826     
          24          23   1.76525202593537     
          25          23  0.976432021932326     
          26           1  0.372622491751631     
          27           4   1.38012258281569     
          27          26   1.31339175429231     
          28          27  0.923600865436052     
          29          28  0.979361125337433     
          30           5   1.59961859370202     
          30          26   1.15314372813913     
          30          29  0.918095544265041     
          31          28  0.949641704851685     
          32          29  0.942982779139464     
          33          32   1.01195275744374     
          34           1  0.536187535085066     
          35           5   1.13662048345456     
          35          34   1.09895064074745     
          36          35   1.34287917332129     
          37          36   1.22833462673780     
          38           2   1.17767034374870     
          38          34   1.23176153341339     
          38          37   1.23163653809792     
          39          36  0.995150581972152     
          40          37   1.12807574336981     
          41          40   1.80274049668834     
          42           2  0.969195174554315     
          42          40  0.809890685745061     
          43          42  0.938494084366991     
          44          43   1.84001193135987     
          45          43   1.02173050498115     
          46          45  0.976132838740564     
          47          16  0.953496029310004     
          48          47   1.00906065006787     
          49          48   1.86753865875755     
          50          49  0.981177239551831     
          51          49  0.984738423169369     
          52          51  0.953075807262945     
          53          52  0.987763054357906     
          54          53  0.962160425164784     
          55          54  0.993014882836009     
          56          54  0.983241728737408     
          57          56  0.980158427518082     
          58          57  0.986580205063067     
          59          58  0.970206582385911     
          60          59  0.983507279655516     
          61          59  0.972493043528513     
          62          61  0.984762814573546     
          63          62  0.979919925877818     
          64          63  0.974933960621473     
          65          64  0.989428445001832     
          66          64  0.985057664107283     
          67           3  0.938912160164002     
          68           4  0.930812663596848     
          69           5  0.931052820047922     
          70           8  0.938203818722764     
          71           9  0.944838361732544     
          72          11  0.978017441524606     
          73          11  0.974600261870506     
          74          11  0.975407074493442     
          75          12  0.968284977628418     
          76          12  0.958280344790509     
          77          13  0.954071553601619     
          78          13  0.956326956354466     
          79          22  0.965256122510395     
          80          22  0.964821613247965     
          81          22  0.958449908944278     
          82          25  0.948826822790449     
          83          25  0.967254665581498     
          84          25  0.962329390280230     
          85          28  0.943888290751890     
          86          29  0.932891319663700     
          87          31  0.975991809205516     
          88          31  0.980223817131571     
          89          31  0.976728167034659     
          90          32  0.959197228883747     
          91          32  0.963292329501489     
          92          33  0.984844003319361     
          93          33  0.979292074931564     
          94          33  0.975589153608003     
          95          39  0.962283296181836     
          96          39  0.970275226359294     
          97          39  0.974077381796181     
          98          42  0.928798537939687     
          99          46  0.988460209762405     
         100          46  0.981956955822972     
         101          46  0.985174026582526     
         102          47  0.958599403258587     
         103          47  0.954451676215697     
         104          48  0.938760546337105     
         105          50  0.970577837700281     
         106          50  0.974140246224228     
         107          50  0.974131817240166     
         108          51  0.963246251589561     
         109          51  0.951967523804368     
         110          52  0.976682875292372     
         111          52  0.964417718718088     
         112          53  0.962850686372813     
         113          53  0.967542055646118     
         114          54  0.944511565196190     
         115          55  0.979353971637294     
         116          55  0.972053897070799     
         117          55  0.977356008567907     
         118          56  0.960985225220974     
         119          56  0.963441433123315     
         120          57  0.967806918549307     
         121          57  0.965835381545188     
         122          58  0.960271833725556     
         123          58  0.963144915744645     
         124          59  0.953122525450565     
         125          60  0.979133564375616     
         126          60  0.984464632963826     
         127          60  0.978629738823045     
         128          61  0.960403083219286     
         129          61  0.962529384819257     
         130          62  0.964125637594567     
         131          62  0.969191765350127     
         132          63  0.963642513891751     
         133          63  0.961148516621800     
         134          64  0.956101247036936     
         135          65  0.978376005454379     
         136          65  0.977495142205304     
         137          65  0.981205678337681     
         138          66  0.979730944360183     
         139          66  0.976249111423160     
         140          66  0.981024122537744     
