  0.310254334526589     
  2.416195433939672E-002
 -3.332045780746995E-002
 -2.696610250616338E-002
 -4.816160355881838E-002
 -0.139417975590148     
  2.282937414068309E-002
 -2.958554986399875E-002
 -1.378443379668237E-002
  5.356663739920497E-002
 -8.376769385383565E-002
 -6.347857099344090E-002
 -6.333549598954047E-002
  0.211896731568585     
 -0.285606450266719     
 -0.146495970346562     
 -0.224423530367633     
  4.559648239294845E-002
 -3.480765210917625E-002
 -4.209889151229085E-002
  2.742507058050281E-002
 -7.869281606507794E-002
  0.161264777550857     
 -0.281996889080018     
 -9.320481546664361E-002
 -0.188322614691196     
  2.469827022093263E-002
 -1.477112882123777E-002
 -2.454244353126267E-002
  5.010149961290677E-002
 -7.912451531263187E-002
 -4.372075872599268E-002
 -9.601283460055487E-002
 -0.205700164762983     
  2.831869768157524E-002
  2.446157767713508E-003
 -2.714072074424223E-002
  7.509271710945509E-003
 -6.671953632155248E-002
  0.150945535626076     
 -0.244644934585961     
 -3.237122630792033E-002
  0.229484583527563     
 -0.251953023275873     
 -0.173447256003937     
  2.620093008446567E-003
  7.191605198876561E-002
 -7.699287724170567E-002
 -3.398315516133188E-002
 -0.101181703006958     
 -5.063479047798225E-002
 -6.473845954171598E-002
 -7.787908459257764E-002
 -3.170215095774864E-002
 -0.117597410150857     
 -5.950588149049185E-002
 -5.442006680146605E-002
 -7.943540338848898E-002
 -3.887447868278926E-002
 -9.759395923932423E-002
 -6.602668657315025E-002
 -5.283893423926056E-002
 -8.174064267438652E-002
 -1.049656613265082E-002
 -0.106925409793593     
 -0.114469942848262     
  4.495500261662222E-002
  6.758945734516386E-002
  5.477603097652384E-002
  4.979083965981235E-002
  4.515931644406868E-002
  4.253206487278050E-002
  3.323197521902366E-002
  3.258681234483651E-002
  3.396188365715724E-002
  4.679510904547690E-002
  5.674691351381578E-002
  3.974757193094369E-002
  5.327479471557472E-002
  5.063997677147136E-002
  4.581121271098110E-002
  4.478332738752722E-002
  4.947127695146125E-002
  4.669825095877167E-002
  4.872897417140309E-002
  4.730672374598999E-002
  3.421776147866484E-002
  4.847618760166705E-002
  3.376202831929387E-002
  4.483642184228975E-002
  2.959558713777533E-002
  3.946924736801816E-002
  2.373123108642528E-002
  4.001394503010025E-002
  4.586997265958204E-002
  5.212418381846451E-002
  5.330296989643080E-002
  6.878071808006048E-002
  5.691648096321389E-002
  5.374169057051692E-002
  4.202744022621030E-002
  5.849104980271835E-002
  6.784581210096130E-002
  3.132170168223170E-002
  3.875380758776481E-002
  4.152289165536338E-002
  3.861278885467556E-002
  3.902975366088512E-002
  4.730619535208791E-002
  3.607197641849902E-002
  3.402279780406237E-002
  4.371793307084615E-002
  2.932122287616834E-002
  3.653908550674856E-002
  3.925132250964547E-002
  2.876738460746697E-002
  2.591110365738392E-002
  3.412375302601123E-002
  4.127229936305021E-002
  4.057244454912690E-002
  3.693189914033057E-002
  2.696439330740208E-002
  4.374853750390473E-002
  2.536188349071178E-002
  3.518531081856136E-002
  2.975276262425819E-002
  3.353821676528468E-002
  3.553642378814759E-002
  3.395639275305573E-002
  4.163410287997138E-002
  4.168483555716285E-002
  4.102558326420880E-002
  3.301854219206612E-002
  3.889825875198383E-002
  2.907702734896334E-002
  1.810989587421896E-002
  3.620432843271804E-002
  3.576025040206732E-002
  3.323245823720777E-002
  2.608832787463833E-002
