 excitation energies, transition moments and TDA amplitudes
 state    eV      nm       fL        Rv(corr)
    1    2.222   558.0     0.7393    -2.4993     0.81( 142-> 143)  0.34( 141-> 145)  0.33( 141-> 143)
    2    2.323   533.7     0.2095    -1.6036     0.80( 141-> 143) -0.35( 142-> 145) -0.33( 142-> 143)
    3    3.185   389.3     0.0092   -14.9229    -0.96( 140-> 143) -0.10( 134-> 143) -0.09( 139-> 144)
    4    3.498   354.4     0.0244    -3.2290     0.63( 139-> 143) -0.46( 142-> 145)  0.41( 142-> 146)
    5    3.614   343.1     0.0024     0.6984    -0.86( 142-> 144)  0.26( 137-> 143) -0.24( 142-> 145)
    6    3.642   340.4     0.0062     8.1860     0.69( 142-> 146) -0.48( 142-> 147) -0.45( 139-> 143)
    7    3.836   323.2     0.0792    42.3118    -0.84( 141-> 144) -0.20( 141-> 146) -0.18( 139-> 143)
    8    3.934   315.2     0.1334   -18.3338     0.69( 141-> 146) -0.50( 141-> 147) -0.40( 141-> 145)
    9    4.076   304.2     0.0703   -13.0021    -0.57( 137-> 143) -0.37( 142-> 145) -0.36( 136-> 143)
