           6           1  0.315615587866574     
           7           2   1.39233308120276     
           7           6   1.21912663215972     
           8           7  0.969697415644826     
           9           8  0.921830627807323     
          10           3   1.45017603708874     
          10           6   1.29797907627547     
          10           9  0.917153509179902     
          11           9  0.997779313395660     
          12           8  0.915780117012900     
          13          12  0.979044165055954     
          14          13  0.901063756259558     
          15          14   1.81724250277327     
          16          14   1.12702731339596     
          17           1  0.547963351754478     
          18           3   1.19304202306339     
          18          17   1.24679020064918     
          19          18   1.18949619602140     
          20          19   1.36377912039523     
          21           4   1.24767296015484     
          21          17   1.11774493938893     
          21          20   1.16385798201458     
          22          19  0.997194691334620     
          23          20   1.06819017027574     
          24          23   1.76759177849395     
          25          23  0.973405494482980     
          26           1  0.460981674515673     
          27           4   1.48112316748562     
          27          26   1.16422789524333     
          28          27  0.922608320111231     
          29          28  0.945821308623891     
          30           5   1.43176901169193     
          30          26   1.23598009965175     
          30          29  0.933239578477322     
          31          28  0.981118922498387     
          32          29  0.956129235630428     
          33          32   1.00768775256834     
          34           1  0.484057641988271     
          35           5   1.26738637640263     
          35          34   1.22793796707867     
          36          35   1.12292937542153     
          37          36   1.35660934411094     
          38           2   1.25008648973029     
          38          34   1.12469700664597     
          38          37   1.19264471871979     
          39          36   1.02917378775075     
          40          37   1.10196889672293     
          41          40   1.79844181782256     
          42           2  0.949088099143720     
          42          40  0.850374304490892     
          43          42  0.915096108053178     
          44          43   1.85543984115165     
          45          43   1.04396002155980     
          46          45  0.974574340161773     
          47          16  0.938124446212748     
          48          47   1.01462044892192     
          49          48   1.89277548902906     
          50          49  0.982310083994202     
          51          49  0.967783588346017     
          52          51  0.989492819491051     
          53          52  0.972877367306787     
          54          53  0.961869061079052     
          55          54  0.986768400943973     
          56          54  0.951183595555861     
          57          56   1.00994821144380     
          58          57  0.958363863595309     
          59          58  0.973264427389536     
          60          59  0.983764387977633     
          61          59  0.964003139576791     
          62          61  0.999071130034816     
          63          62  0.977889552243906     
          64          63  0.962436587452942     
          65          64   1.01907786454808     
          66          64  0.978976793445513     
          67           3  0.939000374410115     
          68           4  0.925349551290522     
          69           5  0.938540619710595     
          70           8  0.940006291501332     
          71           9  0.948438107634129     
          72          11  0.968397622397387     
          73          11  0.976186044065925     
          74          11  0.971537636244638     
          75          12  0.967318413723097     
          76          12  0.961091129198659     
          77          13  0.954757598198062     
          78          13  0.966903102818512     
          79          22  0.962342458913370     
          80          22  0.973244102299134     
          81          22  0.960897106910511     
          82          25  0.971689769181383     
          83          25  0.952508643830230     
          84          25  0.960230454749610     
          85          28  0.940967555947328     
          86          29  0.933699682256807     
          87          31  0.975517917048435     
          88          31  0.973741246653911     
          89          31  0.979786280123359     
          90          32  0.959660728631240     
          91          32  0.959841134488966     
          92          33  0.977273352762282     
          93          33  0.985203858386156     
          94          33  0.972279651577596     
          95          39  0.954649069942971     
          96          39  0.971507024568937     
          97          39  0.951567583644461     
          98          42  0.927356676376021     
          99          46  0.983944403389853     
         100          46  0.979809236276096     
         101          46  0.989411852501470     
         102          47  0.958949310558269     
         103          47  0.948144774179756     
         104          48  0.936268938610859     
         105          50  0.975578791171524     
         106          50  0.969728672187345     
         107          50  0.970524042806915     
         108          51  0.954913778963806     
         109          51  0.952176229074022     
         110          52  0.967230864666182     
         111          52  0.966624340247775     
         112          53  0.960037868688142     
         113          53  0.966346134054931     
         114          54  0.954778701447987     
         115          55  0.979007265218442     
         116          55  0.980156063268679     
         117          55  0.979636500047251     
         118          56  0.968268003728295     
         119          56  0.957601888489837     
         120          57  0.961972462276437     
         121          57  0.968825203089294     
         122          58  0.967065679787238     
         123          58  0.958878503702434     
         124          59  0.955926835500412     
         125          60  0.978281549040831     
         126          60  0.983270715126838     
         127          60  0.979654134228799     
         128          61  0.960056333588036     
         129          61  0.958856006275722     
         130          62  0.964984117553192     
         131          62  0.963164411657912     
         132          63  0.956827094016864     
         133          63  0.966374691916556     
         134          64  0.949216361035633     
         135          65  0.970627206234593     
         136          65  0.973502978280841     
         137          65  0.967655041411619     
         138          66  0.976011231739475     
         139          66  0.979794368223355     
         140          66  0.976674211780740     
