 excitation energies, transition moments and TDA amplitudes
 state    eV      nm       fL        Rv(corr)
    1    2.231   555.8     0.3884   -15.3291     0.67( 143-> 145) -0.56( 144-> 145)  0.25( 141-> 145)
    2    2.334   531.2     0.6279    -7.2723     0.69( 144-> 145)  0.55( 143-> 145) -0.24( 143-> 146)
    3    2.782   445.6     0.0041     8.9015    -0.97( 142-> 145) -0.10( 141-> 146)  0.09( 143-> 145)
    4    3.269   379.2     0.0364     8.9718    -0.85( 141-> 145) -0.32( 144-> 147)  0.25( 144-> 146)
    5    3.493   354.9     0.1153     2.3105    -0.72( 144-> 148)  0.40( 144-> 147) -0.39( 144-> 146)
    6    3.692   335.8     0.2202     2.6381     0.54( 143-> 148) -0.51( 143-> 147) -0.35( 139-> 145)
    7    3.722   333.1     0.0186   -15.0814     0.56( 143-> 148)  0.47( 139-> 145)  0.43( 143-> 146)
    8    3.871   320.3     0.0790    26.4538     0.58( 144-> 146)  0.51( 144-> 147) -0.40( 139-> 145)
    9    3.943   314.5     0.0514   -20.4841    -0.66( 143-> 146)  0.41( 139-> 145) -0.39( 143-> 147)
