           6           1  0.448491264795645     
           7           2   1.41194636907855     
           7           6   1.29395994571088     
           8           7  0.929747556392861     
           9           8  0.958331191827748     
          10           3   1.53237112341286     
          10           6   1.11055740877683     
          10           9  0.942622372438877     
          11           9  0.966611884820387     
          12           8  0.917619863665228     
          13          12  0.977500668401481     
          14          13  0.969551526654710     
          15          14   1.79168379315805     
          16          14   1.08653119074702     
          17           1  0.487661336997224     
          18           3   1.22662568164880     
          18          17   1.11329267982662     
          19          18   1.20522942017345     
          20          19   1.39990029073161     
          21           4   1.26685255311724     
          21          17   1.26517824343046     
          21          20   1.10133119373566     
          22          19   1.01162790255906     
          23          20  0.961257518332568     
          24          23   1.83837864187099     
          25          23  0.983334916474189     
          26           1  0.393626300286717     
          27           4   1.37652207355330     
          27          26   1.27382730237744     
          28          27  0.942372678662397     
          29          28  0.967694696880825     
          30           5   1.43502453808420     
          30          26   1.22934119014048     
          30          29  0.933056213354774     
          31          28  0.948493089153161     
          32          29  0.947907116278270     
          33          32   1.01360078129764     
          34           1  0.482799281430877     
          35           5   1.28748923036626     
          35          34   1.10455782459052     
          36          35   1.25334647188681     
          37          36   1.27782359255705     
          38           2   1.16751945954494     
          38          34   1.20865421504816     
          38          37   1.26907864157651     
          39          36  0.981468773738591     
          40          37   1.04370862059215     
          41          40   1.77386175390877     
          42           2  0.945205787329782     
          42          40  0.911778357865568     
          43          42  0.909940768107806     
          44          43   1.79894411733298     
          45          43   1.10968266329714     
          46          45  0.961733232721476     
          47          16  0.973887552486407     
          48          47  0.960321982151338     
          49          48   1.91537004714817     
          50          49  0.986672038539360     
          51          49  0.944643232211508     
          52          51  0.982378390157244     
          53          52  0.970561455637561     
          54          53  0.983631501660824     
          55          54  0.989847502523643     
          56          54  0.950388916848471     
          57          56  0.983367834115459     
          58          57  0.976508077174938     
          59          58  0.979732810235754     
          60          59  0.986507234740269     
          61          59  0.947813429605144     
          62          61  0.990991839044931     
          63          62  0.975386417001574     
          64          63  0.971369360574088     
          65          64   1.00944728320930     
          66          64  0.965002460293046     
          67           3  0.926147371529329     
          68           4  0.937935052813229     
          69           5  0.931329034422305     
          70           8  0.942840077823244     
          71           9  0.941993608072806     
          72          11  0.979161404986237     
          73          11  0.974802721632909     
          74          11  0.975701004794821     
          75          12  0.961728490825800     
          76          12  0.966054177638172     
          77          13  0.960293193985724     
          78          13  0.945590358040607     
          79          22  0.957127181114961     
          80          22  0.958829536527845     
          81          22  0.972485129734713     
          82          25  0.954384153493929     
          83          25  0.968097394216467     
          84          25  0.957708013909041     
          85          28  0.937329244386103     
          86          29  0.933225536529360     
          87          31  0.983308506200519     
          88          31  0.981035930441067     
          89          31  0.980765769820830     
          90          32  0.965493505675044     
          91          32  0.963709227170607     
          92          33  0.983613363693959     
          93          33  0.983625313337678     
          94          33  0.975304427244101     
          95          39  0.971090797559003     
          96          39  0.978997894951228     
          97          39  0.970973212629505     
          98          42  0.921637617395243     
          99          46  0.981881735427026     
         100          46  0.987841276370595     
         101          46  0.985688678747258     
         102          47  0.955529942465033     
         103          47  0.965812258151530     
         104          48  0.939334416584553     
         105          50  0.965108264029086     
         106          50  0.978330704660734     
         107          50  0.971609087038804     
         108          51  0.960023652909520     
         109          51  0.959247425953223     
         110          52  0.965365238282887     
         111          52  0.972380887141250     
         112          53  0.965541996171409     
         113          53  0.956366864731522     
         114          54  0.952236016801328     
         115          55  0.975185472078870     
         116          55  0.978312460887095     
         117          55  0.980950574081935     
         118          56  0.961999942807036     
         119          56  0.966104059944196     
         120          57  0.966051257620038     
         121          57  0.966384060836123     
         122          58  0.954734154912436     
         123          58  0.962287285560609     
         124          59  0.951529077495361     
         125          60  0.975488277501896     
         126          60  0.979027085587803     
         127          60  0.981777511846376     
         128          61  0.965689816574993     
         129          61  0.966960207221917     
         130          62  0.970063241455557     
         131          62  0.969199688795249     
         132          63  0.962148371554471     
         133          63  0.964433434774654     
         134          64  0.953676946186677     
         135          65  0.970635004956966     
         136          65  0.973319048356172     
         137          65  0.975017175110547     
         138          66  0.983310134051243     
         139          66  0.978562658625761     
         140          66  0.982784366495561     
