           6           1  0.398294192295891     
           7           2   1.40353710790004     
           7           6   1.18678163643197     
           8           7  0.904908606546089     
           9           8  0.939673015441942     
          10           3   1.46373910254564     
          10           6   1.27759825634452     
          10           9  0.907281393847555     
          11           9  0.982091952756967     
          12           8  0.980546195827487     
          13          12  0.948156234506156     
          14          13  0.958878504315841     
          15          14   1.82900949847529     
          16          14   1.04735596481435     
          17           1  0.565876945091664     
          18           3   1.19578384891870     
          18          17   1.15128562553728     
          19          18   1.24199743101343     
          20          19   1.37639856494926     
          21           4   1.28924070288089     
          21          17   1.18514978868138     
          21          20   1.13176628237108     
          22          19  0.983635515752972     
          23          20  0.971957039345638     
          24          23   1.87001127982972     
          25          23  0.948706678466349     
          26           1  0.390236804607788     
          27           4   1.38236925555889     
          27          26   1.27723917613771     
          28          27  0.911864462264633     
          29          28  0.965675654749352     
          30           5   1.41770836314221     
          30          26   1.22924765478974     
          30          29  0.934484229796437     
          31          28  0.970337085058225     
          32          29  0.959256384033651     
          33          32   1.01231877891724     
          34           1  0.464519419016564     
          35           5   1.30088589728326     
          35          34   1.13886284990248     
          36          35   1.19624020167587     
          37          36   1.37924968648542     
          38           2   1.27863370122363     
          38          34   1.20434594535464     
          38          37   1.14021996543220     
          39          36   1.00249584086543     
          40          37   1.02961240476121     
          41          40   1.88166038760457     
          42           2  0.919834043156687     
          42          40  0.826243113330179     
          43          42  0.984108033973343     
          44          43   1.81942115956486     
          45          43   1.00576517110700     
          46          45  0.974298606654314     
          47          16  0.976254963515903     
          48          47  0.981525125997049     
          49          48   1.87794192244559     
          50          49  0.989858630758445     
          51          49  0.970679039717692     
          52          51  0.967333959155731     
          53          52  0.974727448224952     
          54          53  0.968189977862925     
          55          54  0.991498410750999     
          56          54  0.963133358913805     
          57          56  0.993838739960958     
          58          57  0.959267074332995     
          59          58  0.990322942081037     
          60          59  0.978191084235311     
          61          59  0.939492523013174     
          62          61  0.996544013456808     
          63          62  0.971339776604020     
          64          63  0.971922868607243     
          65          64  0.979400650228375     
          66          64  0.977705502016236     
          67           3  0.938076262974731     
          68           4  0.936499759549157     
          69           5  0.936092752564197     
          70           8  0.941233164682664     
          71           9  0.945522662439112     
          72          11  0.973812290115365     
          73          11  0.979652261274289     
          74          11  0.976410995082197     
          75          12  0.962630416718445     
          76          12  0.959308859081052     
          77          13  0.952082401673243     
          78          13  0.960253946134916     
          79          22  0.965729976940360     
          80          22  0.971159277155892     
          81          22  0.973024853261256     
          82          25  0.972191885951553     
          83          25  0.959785337413066     
          84          25  0.967568621733388     
          85          28  0.943887317683031     
          86          29  0.924329343555577     
          87          31  0.980704143078160     
          88          31  0.977796818192518     
          89          31  0.974509190302947     
          90          32  0.959252397027727     
          91          32  0.960548634607457     
          92          33  0.982248922123339     
          93          33  0.981212352806331     
          94          33  0.976954198787277     
          95          39  0.960689367340556     
          96          39  0.975966850003250     
          97          39  0.966042444084128     
          98          42  0.925235027408728     
          99          46  0.991296066848223     
         100          46  0.987716621460393     
         101          46  0.979932502092902     
         102          47  0.959559534397650     
         103          47  0.960318177778766     
         104          48  0.941301640565727     
         105          50  0.968840552370746     
         106          50  0.971937199996609     
         107          50  0.974015266174076     
         108          51  0.954535707060293     
         109          51  0.967936701462718     
         110          52  0.967727868558163     
         111          52  0.967290801984827     
         112          53  0.964351967543631     
         113          53  0.959362365629257     
         114          54  0.949484005579325     
         115          55  0.975653142977559     
         116          55  0.975723021426075     
         117          55  0.979280216118398     
         118          56  0.953818156736871     
         119          56  0.969352667109173     
         120          57  0.970950666376745     
         121          57  0.964683381770154     
         122          58  0.963640279361205     
         123          58  0.962549512924673     
         124          59  0.954051573014238     
         125          60  0.977554835875311     
         126          60  0.981518342903560     
         127          60  0.977412855113398     
         128          61  0.960442773761897     
         129          61  0.969869501472657     
         130          62  0.970425919982586     
         131          62  0.960463875292441     
         132          63  0.961974550791242     
         133          63  0.965442415078643     
         134          64  0.962111733830792     
         135          65  0.986518085077197     
         136          65  0.976181654906926     
         137          65  0.974679817629582     
         138          66  0.982568529363430     
         139          66  0.982596829091461     
         140          66  0.983572639952315     
