  0.311326637434381     
  2.719074538803579E-002
 -2.042181298171641E-002
 -4.434182651295515E-002
 -3.299505963344096E-002
 -0.126862812579163     
  2.241151676994635E-002
 -2.307598958609436E-002
 -1.862367704380574E-002
  2.248670290434607E-002
 -0.107686504405756     
 -4.478034380133611E-002
 -3.042224117088210E-002
  0.190706917383745     
 -0.280643133507493     
 -0.147374990100617     
 -0.204829869862532     
  6.894026774028728E-003
 -3.357923928558293E-002
 -6.845644104873294E-002
  3.398750996371103E-002
 -7.585454341449527E-002
  0.149265684485925     
 -0.225974114213618     
 -7.948840542595814E-002
 -0.190305488233168     
  4.466671383010423E-002
 -1.758152296706506E-002
 -2.222985892178642E-002
  4.504098376388521E-002
 -9.247545441530036E-002
 -4.374107494053536E-002
 -0.100387487233448     
 -0.212469084835393     
  3.920205080492112E-002
 -1.501983022223108E-002
 -4.594767261188704E-002
  2.504239839765798E-002
 -7.779411046606555E-002
  0.144320988444793     
 -0.215785637317508     
 -5.299486894634686E-002
  0.222681281185714     
 -0.267249248179171     
 -0.141930583053541     
  9.436493434967552E-003
  5.240489017447514E-002
 -8.408800988997633E-002
 -1.950250812955190E-002
 -9.538300959791801E-002
 -4.828763263863767E-002
 -4.824515837928267E-002
 -7.620633984736536E-002
 -2.865885707620119E-002
 -0.101780549764554     
 -6.927745550353759E-002
 -6.221901624253690E-002
 -7.913035261092549E-002
 -3.560353535787364E-002
 -0.110085003638914     
 -5.938877314592261E-002
 -5.039855854915753E-002
 -9.395817863398559E-002
 -1.712089081425372E-002
 -9.767383744126157E-002
 -0.111366425867938     
  4.959003815643892E-002
  5.316717751070543E-002
  6.179595118777881E-002
  6.197012079358788E-002
  4.862437224809979E-002
  3.725317531538952E-002
  3.494233813543479E-002
  3.136222341377237E-002
  4.053371614328649E-002
  4.118809509455523E-002
  6.131383863496986E-002
  3.932702302259838E-002
  4.735729214743911E-002
  5.288164883691948E-002
  5.147967990465130E-002
  6.210204710754608E-002
  4.726945590115839E-002
  5.257044444906989E-002
  5.424370140590484E-002
  5.668106782674254E-002
  3.449127243917316E-002
  3.833460735231276E-002
  3.243556432223060E-002
  4.835208908216060E-002
  3.189354331803473E-002
  2.406014654413635E-002
  4.229013035521878E-002
  4.311397268028971E-002
  5.021253699489947E-002
  4.213280996022595E-002
  4.401434157654183E-002
  4.939871593183842E-002
  5.167911174473772E-002
  4.170649468398280E-002
  4.407776206734459E-002
  5.501689457223791E-002
  6.783910348955224E-002
  3.194783552652880E-002
  4.715351202817264E-002
  3.863757639400123E-002
  3.946836440311852E-002
  3.974698666012233E-002
  4.288555082312917E-002
  2.883847949582763E-002
  3.941780054347999E-002
  3.255845297325521E-002
  1.899121968419992E-002
  2.876655151440932E-002
  3.656391273048265E-002
  2.675105005116352E-002
  3.792412869468453E-002
  4.088250160695317E-002
  3.390755872085960E-002
  3.662903763580772E-002
  3.216251567032047E-002
  3.680404102147550E-002
  3.092527625937025E-002
  3.207709067601727E-002
  3.136358132490602E-002
  3.198422612626772E-002
  3.269357674530227E-002
  2.909538578609472E-002
  3.961565194442940E-002
  3.751994945848303E-002
  4.205845890548832E-002
  1.995801548631604E-002
  4.688656776359612E-002
  3.490947556186930E-002
  3.126890655646264E-002
  2.967543156910568E-002
  3.890272892592972E-002
  2.614833039534137E-002
  3.188381628173120E-002
  3.892542861110815E-002
