 excitation energies, transition moments and TDA amplitudes
 state    eV      nm       fL        Rv(corr)
    1    2.259   548.8     0.8386    -1.1871     0.89( 143-> 144) -0.36( 142-> 146) -0.10( 142-> 147)
    2    2.412   514.0     0.1336    -2.6153    -0.86( 142-> 144) -0.39( 143-> 146)  0.16( 140-> 144)
    3    3.303   375.4     0.0004    16.2223    -0.70( 143-> 148)  0.65( 143-> 147)  0.19( 141-> 144)
    4    3.384   366.4     0.0117   -31.3595    -0.87( 141-> 144) -0.33( 140-> 144) -0.15( 143-> 148)
    5    3.521   352.2     0.0300     4.8731    -0.80( 143-> 145) -0.40( 140-> 144) -0.21( 143-> 146)
    6    3.612   343.2     0.0273     5.9196    -0.71( 140-> 144)  0.47( 143-> 145)  0.27( 141-> 144)
    7    3.829   323.8     0.0035     8.5926    -0.74( 142-> 148)  0.64( 142-> 147) -0.12( 142-> 145)
    8    3.915   316.7     0.1328    -5.5990    -0.68( 143-> 146) -0.30( 139-> 144)  0.30( 143-> 147)
    9    4.056   305.7     0.2375    -4.5062     0.72( 142-> 145)  0.30( 139-> 144) -0.26( 143-> 148)
