           6           1  0.379057209473206     
           7           2   1.47201743124648     
           7           6   1.17732269240769     
           8           7  0.922871582012906     
           9           8  0.962578570923015     
          10           3   1.44285376272411     
          10           6   1.26358042611736     
          10           9  0.907939739505309     
          11           9  0.958979488009610     
          12           8  0.939100256061339     
          13          12   1.00102835135847     
          14          13  0.937351128324114     
          15          14   1.79886730740085     
          16          14   1.08978400120112     
          17           1  0.496620889890097     
          18           3   1.28833083761447     
          18          17   1.16745211066905     
          19          18   1.11668954730935     
          20          19   1.50592006298793     
          21           4   1.22881092526911     
          21          17   1.21548019103589     
          21          20   1.11196012232160     
          22          19  0.976135699869720     
          23          20  0.913856970153416     
          24          23   1.87427843426644     
          25          23  0.980917029558678     
          26           1  0.446786907168408     
          27           4   1.44678615469928     
          27          26   1.26087363593281     
          28          27  0.902995699994417     
          29          28  0.944142689222100     
          30           5   1.47503280790533     
          30          26   1.18869435842232     
          30          29  0.915268860166824     
          31          28  0.981509454682504     
          32          29  0.979416225233181     
          33          32  0.989421790001884     
          34           1  0.479001317158963     
          35           5   1.26834317084930     
          35          34   1.20965182543304     
          36          35   1.14557166259308     
          37          36   1.39281208851926     
          38           2   1.19611512858856     
          38          34   1.19473819471693     
          38          37   1.16463579008713     
          39          36  0.986506938081483     
          40          37   1.05915217359840     
          41          40   1.83310276324484     
          42           2  0.951012440195502     
          42          40  0.838311725265838     
          43          42  0.914831154248348     
          44          43   1.81641869846183     
          45          43   1.07742366607517     
          46          45  0.982087910964517     
          47          16  0.944563669559951     
          48          47  0.981088934041845     
          49          48   1.91670390363396     
          50          49  0.968939292789300     
          51          49  0.961828028742608     
          52          51  0.972828495680858     
          53          52  0.988972145221987     
          54          53  0.967496667591576     
          55          54  0.994754024329886     
          56          54  0.959145916775364     
          57          56  0.993249031499392     
          58          57  0.980405890640054     
          59          58  0.974240060553193     
          60          59  0.977668740811469     
          61          59  0.985377755789574     
          62          61  0.994608282815295     
          63          62  0.976269347460193     
          64          63  0.970251775654960     
          65          64  0.990279005483409     
          66          64  0.984076484868537     
          67           3  0.932569167291255     
          68           4  0.936080312715710     
          69           5  0.931812129144845     
          70           8  0.923782428551801     
          71           9  0.946600517303914     
          72          11  0.977312574761523     
          73          11  0.981303451278997     
          74          11  0.981498663691575     
          75          12  0.957465577646883     
          76          12  0.958678817455687     
          77          13  0.939159920484485     
          78          13  0.957914023146540     
          79          22  0.977402357745556     
          80          22  0.971271563255033     
          81          22  0.966987656284816     
          82          25  0.950200979776219     
          83          25  0.961432230394026     
          84          25  0.968996658874290     
          85          28  0.946437596402712     
          86          29  0.935585398562703     
          87          31  0.975954721970363     
          88          31  0.975877953830186     
          89          31  0.979138598449236     
          90          32  0.962931687585803     
          91          32  0.967929636665835     
          92          33  0.990166119375366     
          93          33  0.982132071439295     
          94          33  0.970441717901393     
          95          39  0.968748159776312     
          96          39  0.969490317409745     
          97          39  0.978463218673467     
          98          42  0.929816425106897     
          99          46  0.975177730759091     
         100          46  0.987060599040688     
         101          46  0.985609965104981     
         102          47  0.972211754066893     
         103          47  0.955682887735814     
         104          48  0.933396299608137     
         105          50  0.973105536492051     
         106          50  0.972388909146969     
         107          50  0.980529519116592     
         108          51  0.960437424521010     
         109          51  0.955117882011960     
         110          52  0.967144953551195     
         111          52  0.967598440601795     
         112          53  0.963591927931327     
         113          53  0.964287909024274     
         114          54  0.952181015548409     
         115          55  0.976726325267318     
         116          55  0.981887729978357     
         117          55  0.974501213812782     
         118          56  0.957104580661847     
         119          56  0.961195983120793     
         120          57  0.963899336554438     
         121          57  0.963576917459267     
         122          58  0.958072701467488     
         123          58  0.964018225500167     
         124          59  0.950482638785807     
         125          60  0.977856393062423     
         126          60  0.980227930542395     
         127          60  0.981442376841537     
         128          61  0.956197524111986     
         129          61  0.953818976479375     
         130          62  0.963591183534371     
         131          62  0.966455178202893     
         132          63  0.965400688507848     
         133          63  0.949123599438264     
         134          64  0.954226511744793     
         135          65  0.980106132753458     
         136          65  0.977733949550656     
         137          65  0.974456086191768     
         138          66  0.978233777887300     
         139          66  0.975973220533506     
         140          66  0.979919558286544     
