  0.297874243211203     
  8.653978115910288E-003
 -3.369871819505565E-002
 -3.128733263360672E-002
 -5.826059774455583E-002
 -0.141850706253360     
  2.621144673269393E-002
 -6.419423375155553E-003
 -3.124013607987575E-002
  3.340922924178003E-002
 -0.103882809009090     
 -5.411874534950822E-002
 -3.301446752963333E-002
  0.206905290737010     
 -0.262037226063269     
 -0.156953010945045     
 -0.209095540576993     
  4.202589796898160E-002
 -4.984994941904297E-003
 -6.115315245442154E-002
  4.356578297688563E-002
 -7.361001066110529E-002
  0.113683854934274     
 -0.228859149742192     
 -7.770406939865104E-002
 -0.173482133431995     
  4.044140604443403E-002
 -7.428116961268216E-003
 -2.547136966580332E-002
  2.402754435833687E-002
 -9.691388355329433E-002
 -5.285821276105551E-002
 -9.740464240673052E-002
 -0.212613151332153     
  1.736391622732913E-002
 -2.710487849834298E-002
 -7.646065255433143E-002
  4.672815169270139E-002
 -5.289698536108745E-002
  0.165986910330613     
 -0.224103684452175     
 -5.287244280126924E-002
  0.219604604483121     
 -0.271823221728278     
 -0.145688074672930     
  1.609266850365421E-002
  4.639618138522428E-002
 -7.793622771830755E-002
 -2.140367770896923E-002
 -9.285514231411351E-002
 -5.887901704340948E-002
 -4.810538519163021E-002
 -6.038537914219955E-002
 -2.829351490935306E-002
 -0.103622738707770     
 -8.228387826749195E-002
 -6.198910107095834E-002
 -6.652253098839989E-002
 -3.300679606445645E-002
 -0.100807246828235     
 -7.390576227701384E-002
 -6.499418923861988E-002
 -6.077560192844977E-002
 -1.297247275929525E-002
 -0.103067411216971     
 -0.115036438261608     
  4.936757202401665E-002
  5.614921799224593E-002
  5.890457785232328E-002
  5.860603366329842E-002
  5.539997702106925E-002
  2.693314896187637E-002
  4.680564957661926E-002
  2.989436452192085E-002
  3.554879851104076E-002
  4.778749059012788E-002
  5.473948138967744E-002
  4.899728328821240E-002
  4.961171014295285E-002
  4.942539874883234E-002
  4.953238389703740E-002
  5.057987455373403E-002
  5.235205630062312E-002
  4.832218824844259E-002
  5.392188088406247E-002
  4.936577497521832E-002
  3.365814458112237E-002
  3.512405403915031E-002
  4.102542354124561E-002
  4.178160625083094E-002
  4.442313073539073E-002
  3.588283949672588E-002
  4.044654235527356E-002
  3.285141877649922E-002
  4.936451454252611E-002
  5.144001791135511E-002
  5.662399143218555E-002
  5.008008345191772E-002
  4.671284203259363E-002
  4.377940403683467E-002
  5.585334992810476E-002
  4.937923524663768E-002
  5.595057491877120E-002
  3.440819082492430E-002
  4.030009835512927E-002
  4.321517285782339E-002
  3.959746204515158E-002
  3.735768208155876E-002
  3.850094018595929E-002
  4.069310785534441E-002
  3.029803833626610E-002
  3.884328862361019E-002
  3.092244290734281E-002
  2.383141719776127E-002
  3.589254359411698E-002
  3.339143727364391E-002
  2.888159919519540E-002
  1.963705236312618E-002
  3.460936279578675E-002
  3.464146354104114E-002
  3.624109311707580E-002
  3.285186720498978E-002
  3.711432937940362E-002
  3.859538207181212E-002
  3.753379062123352E-002
  3.083329002181356E-002
  4.078681645863602E-002
  3.430362747192439E-002
  3.357566187686012E-002
  2.994640620645883E-002
  2.640800612593008E-002
  3.531125290738923E-002
  2.865695121441381E-002
  3.347631551090524E-002
  3.342331309307511E-002
  3.919404136503790E-002
  3.570539982721699E-002
  2.546848176622996E-002
  3.665083556226667E-002
  3.544274757031207E-002
