 excitation energies, transition moments and TDA amplitudes
 state    eV      nm       fL        Rv(corr)
    1    2.168   571.8     0.5254     3.9067     0.80( 142-> 143)  0.36( 141-> 145) -0.36( 141-> 143)
    2    2.324   533.4     0.2649     0.3605     0.77( 141-> 143) -0.38( 142-> 145)  0.36( 142-> 143)
    3    3.143   394.4     0.0096     4.6021    -0.93( 140-> 143)  0.21( 142-> 145)  0.12( 141-> 144)
    4    3.648   339.9     0.0355    10.0844     0.61( 142-> 144) -0.46( 142-> 145) -0.40( 139-> 143)
    5    3.684   336.6     0.1284    -5.8904     0.69( 142-> 144)  0.38( 139-> 143) -0.35( 138-> 143)
    6    3.782   327.8     0.0149    12.4269     0.74( 136-> 143)  0.49( 135-> 143)  0.16( 136-> 144)
    7    3.808   325.6     0.1161   -16.1277     0.56( 139-> 143)  0.42( 142-> 147) -0.33( 142-> 149)
    8    3.893   318.5     0.2456    44.1859     0.54( 141-> 144) -0.44( 141-> 145)  0.38( 142-> 147)
    9    4.095   302.8     0.5669   -27.0767    -0.65( 141-> 144)  0.33( 141-> 147) -0.29( 141-> 145)
