           6           1  0.356713282869004     
           7           2   1.33696874332972     
           7           6   1.28315093672189     
           8           7  0.942343357122445     
           9           8  0.947884744161654     
          10           3   1.48039205687091     
          10           6   1.21454672938491     
          10           9  0.921241204308259     
          11           9  0.955609773722591     
          12           8  0.934824682478589     
          13          12  0.997028634667276     
          14          13  0.924382483791584     
          15          14   1.83751748258891     
          16          14   1.07028674397539     
          17           1  0.516644645062709     
          18           3   1.20224407463964     
          18          17   1.19469975522739     
          19          18   1.21369108362986     
          20          19   1.41768440228555     
          21           4   1.26297018900923     
          21          17   1.16740015561159     
          21          20   1.14766787003650     
          22          19   1.00337340602258     
          23          20  0.940777820031367     
          24          23   1.86759458766914     
          25          23  0.949809323511953     
          26           1  0.395840277340223     
          27           4   1.39415693025798     
          27          26   1.25458586298415     
          28          27  0.931025765588118     
          29          28  0.967059101293635     
          30           5   1.41030360295879     
          30          26   1.24573108620420     
          30          29  0.918781754884381     
          31          28  0.959982747992036     
          32          29  0.938241772770604     
          33          32  0.992117945560055     
          34           1  0.534176377511262     
          35           5   1.26906078183076     
          35          34   1.12507129249420     
          36          35   1.19862200311768     
          37          36   1.35389747886687     
          38           2   1.29555388302074     
          38          34   1.22652270654132     
          38          37   1.10480446310588     
          39          36   1.01414502668590     
          40          37   1.07245670212197     
          41          40   1.83274493595012     
          42           2  0.931272958700177     
          42          40  0.847479254178525     
          43          42  0.923913960581264     
          44          43   1.81391002982480     
          45          43   1.08050183561063     
          46          45  0.976135634427590     
          47          16  0.947518281297749     
          48          47   1.00630780849706     
          49          48   1.86325240649698     
          50          49  0.974231695197268     
          51          49  0.980846554711116     
          52          51  0.958883094610416     
          53          52  0.983724747017404     
          54          53  0.968550992510200     
          55          54  0.977813435327726     
          56          54  0.972548104211525     
          57          56  0.974015568762377     
          58          57  0.984416226721615     
          59          58  0.993500089347239     
          60          59  0.975783035610452     
          61          59  0.940254350620219     
          62          61  0.996291898573542     
          63          62  0.973106087522706     
          64          63  0.994173128161138     
          65          64  0.982406582011143     
          66          64  0.979099198628147     
          67           3  0.935425568130897     
          68           4  0.937327931832315     
          69           5  0.935292636371715     
          70           8  0.932934041955678     
          71           9  0.943340742632647     
          72          11  0.980001133547171     
          73          11  0.974470242784888     
          74          11  0.982319914024293     
          75          12  0.956140858517035     
          76          12  0.954644253183142     
          77          13  0.947198855756763     
          78          13  0.955679421214697     
          79          22  0.964799631086040     
          80          22  0.971372757711022     
          81          22  0.961715439244305     
          82          25  0.972970137606396     
          83          25  0.963718095069123     
          84          25  0.965566186499889     
          85          28  0.941176245938750     
          86          29  0.939657922193256     
          87          31  0.976894224262984     
          88          31  0.975921263075416     
          89          31  0.979189230513997     
          90          32  0.966705906400448     
          91          32  0.967765576885748     
          92          33  0.984803407558974     
          93          33  0.985214797432607     
          94          33  0.981312169312933     
          95          39  0.957319891994785     
          96          39  0.965400991666119     
          97          39  0.972304056777480     
          98          42  0.933568069710940     
          99          46  0.985259353084633     
         100          46  0.989418599375853     
         101          46  0.979018036279972     
         102          47  0.963786256577619     
         103          47  0.953271666186497     
         104          48  0.937353723179927     
         105          50  0.976162558965311     
         106          50  0.973525486851423     
         107          50  0.972660732096958     
         108          51  0.962430088844028     
         109          51  0.955809910351268     
         110          52  0.968839007870233     
         111          52  0.968447928943914     
         112          53  0.959994438797448     
         113          53  0.969463170924817     
         114          54  0.954997518883795     
         115          55  0.977709549714140     
         116          55  0.982755748651835     
         117          55  0.983266155556929     
         118          56  0.971545443273703     
         119          56  0.956343324671959     
         120          57  0.965222501915033     
         121          57  0.971257985653300     
         122          58  0.964306438729613     
         123          58  0.954545779282833     
         124          59  0.955206984995914     
         125          60  0.980630617157676     
         126          60  0.984349621363563     
         127          60  0.978890920238674     
         128          61  0.968343987646188     
         129          61  0.965659376711122     
         130          62  0.968048389058492     
         131          62  0.974310919823528     
         132          63  0.961469947095837     
         133          63  0.961232485235083     
         134          64  0.957163448765042     
         135          65  0.978125879256704     
         136          65  0.977258490831386     
         137          65  0.982527494282526     
         138          66  0.981520973412107     
         139          66  0.974587533732188     
         140          66  0.979305004711557     
