  0.296950045759021     
  3.313432429305596E-003
 -4.968361813411981E-002
 -1.125624530754354E-002
 -2.267162582165660E-002
 -0.182002261887101     
  3.956090306517357E-002
 -3.985411306338627E-002
 -2.908539463098414E-002
  4.913047683534311E-002
 -0.113790450872393     
 -5.019212458585010E-002
 -3.862033332054704E-002
  0.199000689214427     
 -0.268963940747285     
 -0.159214032473862     
 -0.218938183660311     
  3.294412839595484E-002
 -5.318013522703424E-002
 -6.370142053825933E-002
  2.400295783977713E-002
 -8.597848812379638E-002
  0.158036894326642     
 -0.233537047416418     
 -8.578169773521260E-002
 -0.148153790751820     
  3.345294672028487E-002
 -2.415449306330331E-002
 -8.490405642188392E-003
  4.614964084386930E-002
 -9.482219596627939E-002
 -4.711566112552390E-002
 -0.102809665412196     
 -0.214050885975831     
  2.323197375244490E-002
 -3.989415693290255E-003
 -8.741029017420665E-002
  3.770911893768591E-002
 -6.448311712043253E-002
  0.176575167530962     
 -0.215392991435094     
 -2.278080050695053E-002
  0.229874258331129     
 -0.264260473768724     
 -0.153454691479813     
  1.614800804416516E-002
  4.053347258754281E-002
 -6.535514065812809E-002
 -2.479535151024592E-002
 -0.101191991915268     
 -6.787831174955539E-002
 -5.218203671212684E-002
 -7.071791847521247E-002
 -3.383207147745004E-002
 -9.981610949284470E-002
 -7.731081455095357E-002
 -7.543364635024830E-002
 -8.430102448162380E-002
 -4.329211172546721E-002
 -0.103533689853505     
 -8.114855258180054E-002
 -4.984902834752702E-002
 -6.159249715078552E-002
 -2.499848717492892E-002
 -0.130196905529240     
 -0.100875415095771     
  5.706396810412884E-002
  5.412811204973078E-002
  5.596450577566614E-002
  4.291505149193009E-002
  4.545329289225908E-002
  2.836066195393627E-002
  3.677783310003191E-002
  5.547098580704879E-002
  4.120931665042205E-002
  3.597776190369273E-002
  3.758368535598899E-002
  6.206177119329348E-002
  4.531598895770128E-002
  4.597117870009571E-002
  4.557480206929121E-002
  5.068838874202486E-002
  4.842272625350286E-002
  5.023236084354232E-002
  4.160089364642705E-002
  5.497844817803854E-002
  5.072861714658339E-002
  4.314869385153985E-002
  2.723012716339579E-002
  3.928358740429128E-002
  4.193363751412771E-002
  2.740791301821954E-002
  3.544701374992509E-002
  3.155207005227156E-002
  6.086374265819705E-002
  6.030942912367687E-002
  4.934895786371662E-002
  5.772873716784221E-002
  5.693813441518836E-002
  4.557792635527846E-002
  5.035111097603717E-002
  6.335420762941846E-002
  6.683616961689565E-002
  4.219611756323594E-002
  3.950495341620719E-002
  3.647533775317813E-002
  4.029766875753926E-002
  3.500336943301907E-002
  3.499518384217182E-002
  3.112539038953077E-002
  4.412141668222003E-002
  3.488499498519848E-002
  3.930646194580101E-002
  5.223663810499357E-002
  3.116645976973820E-002
  4.135321545525972E-002
  4.116198186558950E-002
  4.301198448018317E-002
  2.668825166106692E-002
  3.102242519727738E-002
  3.304732897488172E-002
  3.531121795326120E-002
  2.973836591770929E-002
  3.798691059365522E-002
  3.788120229650327E-002
  3.595774193937196E-002
  4.171946774663593E-002
  3.042839591851276E-002
  3.798914395794439E-002
  4.463461807339408E-002
  4.124366780983746E-002
  4.302537176019450E-002
  2.996167983023945E-002
  3.933786182370946E-002
  2.472740618414471E-002
  3.210763827572582E-002
  3.209581427840080E-002
  3.610532008501932E-002
  3.376488349748918E-002
  3.409928428617026E-002
