 excitation energies, transition moments and TDA amplitudes
 state    eV      nm       fL        Rv(corr)
    1    2.272   545.8     0.7682     4.5936     0.87( 141-> 142) -0.34( 140-> 144) -0.24( 140-> 143)
    2    2.382   520.5     0.1090    -1.4923     0.85( 140-> 142)  0.33( 141-> 144)  0.26( 141-> 143)
    3    3.330   372.3     0.0014    -2.3908    -0.96( 139-> 142)  0.10( 138-> 143) -0.10( 138-> 144)
    4    3.525   351.8     0.0423    -0.4242    -0.63( 138-> 142)  0.44( 141-> 143)  0.40( 141-> 144)
    5    3.722   333.1     0.0520     5.3460     0.70( 141-> 145) -0.44( 141-> 144) -0.33( 138-> 142)
    6    3.836   323.2     0.0393    -6.8304    -0.70( 141-> 143)  0.42( 141-> 144)  0.28( 136-> 142)
    7    3.961   313.0     0.0513     1.1958    -0.56( 136-> 142)  0.52( 137-> 142) -0.47( 138-> 142)
    8    4.015   308.8     0.0350    -3.3562     0.68( 140-> 143) -0.45( 140-> 144)  0.20( 141-> 145)
    9    4.067   304.9     0.5555     3.6176    -0.53( 140-> 145) -0.48( 141-> 146)  0.45( 140-> 144)
