           6           1  0.423534509193983     
           7           2   1.38915772587455     
           7           6   1.23571940859209     
           8           7  0.927593647320172     
           9           8  0.953606385276506     
          10           3   1.43604569987815     
          10           6   1.22565961590301     
          10           9  0.935494372332791     
          11           9  0.968572568668151     
          12           8  0.936403205670591     
          13          12  0.985283615864825     
          14          13  0.916378158411103     
          15          14   1.83384246652980     
          16          14   1.08833797716604     
          17           1  0.536984277169671     
          18           3   1.25774069642271     
          18          17   1.20645795676903     
          19          18   1.15584037765052     
          20          19   1.46569604239534     
          21           4   1.28083693287388     
          21          17   1.14781072862451     
          21          20   1.14101881502813     
          22          19  0.968269647134445     
          23          20  0.943303879712975     
          24          23   1.85681689711070     
          25          23  0.983760974329246     
          26           1  0.376857231601719     
          27           4   1.45645841083312     
          27          26   1.20893335192135     
          28          27  0.953753500432334     
          29          28  0.948206127655413     
          30           5   1.42302512569538     
          30          26   1.24811783138617     
          30          29  0.967758870988727     
          31          28  0.953668875085333     
          32          29  0.953805871263118     
          33          32  0.993899298268782     
          34           1  0.481617497017872     
          35           5   1.29639963240482     
          35          34   1.14936500139205     
          36          35   1.15068778672796     
          37          36   1.39696524486496     
          38           2   1.23747362292040     
          38          34   1.23532446624134     
          38          37   1.14082371963213     
          39          36   1.01304825118027     
          40          37   1.00157533740341     
          41          40   1.87857902911661     
          42           2  0.962415248247623     
          42          40  0.859517845940482     
          43          42  0.916605109084513     
          44          43   1.82590880431013     
          45          43   1.07883310626452     
          46          45  0.973572933803469     
          47          16  0.939573964402531     
          48          47  0.973090740348092     
          49          48   1.92621602957964     
          50          49  0.975541865625226     
          51          49  0.934482398704072     
          52          51  0.976633512529730     
          53          52  0.982803872091040     
          54          53  0.980859501683667     
          55          54  0.989600315489279     
          56          54  0.942241946469222     
          57          56   1.01216299766131     
          58          57  0.965151896144284     
          59          58  0.972420803087814     
          60          59  0.971921901094072     
          61          59  0.965511199580628     
          62          61  0.967615205085620     
          63          62  0.999509956378693     
          64          63  0.963915746591148     
          65          64  0.976765482446849     
          66          64  0.987039444063211     
          67           3  0.931213851292165     
          68           4  0.924196819550476     
          69           5  0.931091253225522     
          70           8  0.941222797231774     
          71           9  0.944029685831929     
          72          11  0.971617511917893     
          73          11  0.973212401462517     
          74          11  0.967447680078844     
          75          12  0.963347860340980     
          76          12  0.965771122867975     
          77          13  0.972127512015688     
          78          13  0.951478233392370     
          79          22  0.974778766302598     
          80          22  0.976847114818920     
          81          22  0.971118184687130     
          82          25  0.959304411676342     
          83          25  0.968067490087477     
          84          25  0.951244635162108     
          85          28  0.940686260766994     
          86          29  0.928459068960496     
          87          31  0.977514844175817     
          88          31  0.980679729545142     
          89          31  0.981130182669276     
          90          32  0.966204005009101     
          91          32  0.966569786098538     
          92          33  0.986676900030361     
          93          33  0.974190055931300     
          94          33  0.984932587796568     
          95          39  0.964406966019146     
          96          39  0.958267257830049     
          97          39  0.965323732189019     
          98          42  0.924903207611765     
          99          46  0.980599932459481     
         100          46  0.989402382172598     
         101          46  0.984153262048791     
         102          47  0.964244138349299     
         103          47  0.959654121224707     
         104          48  0.941811064135581     
         105          50  0.972017964290117     
         106          50  0.974110559767744     
         107          50  0.974486427780991     
         108          51  0.964891642341893     
         109          51  0.958933113322952     
         110          52  0.969510022650434     
         111          52  0.960666151536325     
         112          53  0.959035578916593     
         113          53  0.956707881435132     
         114          54  0.944929999185716     
         115          55  0.980227552903632     
         116          55  0.974178873973984     
         117          55  0.974264954435464     
         118          56  0.955544479480440     
         119          56  0.964796158980262     
         120          57  0.964794443036058     
         121          57  0.955267306021042     
         122          58  0.962277446106147     
         123          58  0.969010139449270     
         124          59  0.948964606550321     
         125          60  0.976160288071946     
         126          60  0.981645228590039     
         127          60  0.980484307767861     
         128          61  0.967973894864098     
         129          61  0.963980644310280     
         130          62  0.968995739131595     
         131          62  0.962348387658413     
         132          63  0.959556161075144     
         133          63  0.964408817430222     
         134          64  0.957842431342564     
         135          65  0.982238371239330     
         136          65  0.976219945806041     
         137          65  0.976091536971557     
         138          66  0.977061292568441     
         139          66  0.979392180238840     
         140          66  0.981950700997685     
