  0.306687568239612     
  1.674199756286843E-002
 -4.065424548094931E-002
 -3.892094384671019E-002
 -3.481107489763602E-002
 -0.158348860886830     
  3.944519476624420E-002
 -2.947140287308958E-002
 -1.305591438033549E-002
  1.911180931781553E-002
 -7.687456038255469E-002
 -4.669100740537324E-002
 -8.141325637080321E-002
  0.204856678619373     
 -0.275864613075017     
 -0.147434935785260     
 -0.202892251052805     
  1.313834355301857E-002
 -1.564509845915385E-002
 -5.415354779172521E-002
 -1.067069246189067E-002
 -6.449049132983919E-002
  0.167825364856204     
 -0.249180649936734     
 -9.786174683429483E-002
 -0.155942469019902     
  2.316125552063397E-003
 -2.200307130045864E-002
 -1.662042840039835E-002
  3.438878265114553E-002
 -8.602899079613202E-002
 -5.287713200270439E-002
 -8.902350056804575E-002
 -0.220761955759506     
  5.197652349534509E-002
  1.886732178150075E-002
 -5.099550705135947E-002
  4.050880729399076E-002
 -6.911583938970534E-002
  0.136989627880439     
 -0.229840227753311     
 -5.236447385762588E-002
  0.240900129366450     
 -0.272604949639608     
 -0.151543815141267     
  1.327394887636846E-002
  5.260668393155044E-002
 -8.232100608834703E-002
 -1.210653096527103E-002
 -9.305343519632014E-002
 -5.324188113140238E-002
 -6.096259736331788E-002
 -7.071313039176719E-002
 -3.133412934034485E-002
 -9.452788803686119E-002
 -8.291317107345453E-002
 -5.504984539100288E-002
 -8.882923839749068E-002
 -1.984738300529454E-002
 -9.001484834703888E-002
 -7.812475853448397E-002
 -6.898934637013454E-002
 -8.037369417095341E-002
 -1.360135417612085E-002
 -0.125181757138315     
 -9.613732070099790E-002
  4.948461803401738E-002
  5.579098557903528E-002
  4.998346641221429E-002
  5.188747352801992E-002
  5.171462306376895E-002
  4.508076813103268E-002
  4.002386543980552E-002
  4.555766486838220E-002
  4.964678536447598E-002
  3.950472297329022E-002
  4.173337063747184E-002
  4.158467813461808E-002
  4.085816493304339E-002
  5.534055247119085E-002
  5.154852393633025E-002
  3.165247055362586E-002
  5.288204210852665E-002
  5.016428156930131E-002
  5.100287222651501E-002
  5.287319640376631E-002
  3.389388983082975E-002
  4.576683413304217E-002
  4.499847432306170E-002
  4.720304946386200E-002
  3.222300554101842E-002
  3.199922334815275E-002
  3.411920360695642E-002
  3.797907784496224E-002
  4.536083219097953E-002
  5.315489175187460E-002
  4.602177515723471E-002
  5.507549755035879E-002
  5.956113864018064E-002
  4.521531602980267E-002
  5.904216374644422E-002
  5.822271206640084E-002
  6.915577953114271E-002
  2.415191507824599E-002
  3.634180314589175E-002
  3.934133840024390E-002
  4.861121047194150E-002
  5.584768848966759E-002
  3.136742483368504E-002
  3.093441778487738E-002
  3.974238794690810E-002
  2.852312853276884E-002
  4.386661055125141E-002
  4.128157594923765E-002
  4.150395201161583E-002
  3.294164812109890E-002
  2.094986744464677E-002
  3.560194745021705E-002
  3.581493506626776E-002
  4.236307236858938E-002
  3.896049382143374E-002
  2.758785454719226E-002
  3.621106289931286E-002
  3.228360703257460E-002
  2.474618699922071E-002
  3.688426704297199E-002
  4.630341594516363E-002
  3.161038561561569E-002
  3.894760148807752E-002
  4.264767489521903E-002
  2.759182098502755E-002
  3.377757225517863E-002
  3.483879797273715E-002
  3.517243762012723E-002
  2.800571576940292E-002
  3.364620029287624E-002
  3.087118460326810E-002
  3.509518188481497E-002
  2.566019653013751E-002
  2.851148903371770E-002
