           6           1  0.369571280497602     
           7           2   1.35532948923826     
           7           6   1.29852147264682     
           8           7  0.903005392640381     
           9           8  0.961653705074036     
          10           3   1.46986310404234     
          10           6   1.20939959735193     
          10           9  0.909207051377727     
          11           9  0.981426664737514     
          12           8  0.944883637956924     
          13          12  0.984042315565645     
          14          13  0.906484662172484     
          15          14   1.81405520981653     
          16          14   1.10428695562681     
          17           1  0.516164119942705     
          18           3   1.23711652610236     
          18          17   1.21144235805146     
          19          18   1.14646728124726     
          20          19   1.43869080866149     
          21           4   1.27227849439194     
          21          17   1.15598008835775     
          21          20   1.10824453276091     
          22          19   1.00535282386809     
          23          20   1.01313580213221     
          24          23   1.82248105018994     
          25          23  0.966827825877500     
          26           1  0.438802084202503     
          27           4   1.46625543712872     
          27          26   1.20672111427183     
          28          27  0.896242126047984     
          29          28  0.959286869816438     
          30           5   1.40315097002074     
          30          26   1.23054370784684     
          30          29  0.933507704270394     
          31          28  0.968526195739179     
          32          29  0.963605889180502     
          33          32   1.00010170780417     
          34           1  0.500573857364004     
          35           5   1.27685469243385     
          35          34   1.12578089358920     
          36          35   1.23383299240454     
          37          36   1.36570015679973     
          38           2   1.26896176930357     
          38          34   1.22532143401696     
          38          37   1.10120281071962     
          39          36  0.990963642599474     
          40          37   1.09219879153475     
          41          40   1.81024605317009     
          42           2  0.959482430807726     
          42          40  0.839611523622177     
          43          42  0.913553826884621     
          44          43   1.81951349928526     
          45          43   1.09914831750787     
          46          45  0.962200399742254     
          47          16  0.922663998762175     
          48          47  0.996036348090776     
          49          48   1.89053393092292     
          50          49   1.00400675539787     
          51          49  0.946929598897665     
          52          51  0.984412236614706     
          53          52  0.965033097109093     
          54          53  0.981518104629421     
          55          54  0.998066426614692     
          56          54  0.948708566020076     
          57          56  0.990455037932530     
          58          57  0.980852804041514     
          59          58  0.966901909143124     
          60          59  0.992695261756706     
          61          59  0.966797810085173     
          62          61  0.977435406846833     
          63          62  0.982888088917330     
          64          63  0.960985499248369     
          65          64  0.968180106059109     
          66          64   1.02041627852051     
          67           3  0.937815050166994     
          68           4  0.926030189217891     
          69           5  0.937725557839984     
          70           8  0.936690230011795     
          71           9  0.942822987337635     
          72          11  0.976693145731188     
          73          11  0.973888046079459     
          74          11  0.975870212789056     
          75          12  0.963958758691906     
          76          12  0.966920920983364     
          77          13  0.941945971815429     
          78          13  0.950891729288790     
          79          22  0.974060836434319     
          80          22  0.965406604642091     
          81          22  0.958384402754920     
          82          25  0.967701156640424     
          83          25  0.951290104295949     
          84          25  0.968107337941668     
          85          28  0.939640040310640     
          86          29  0.928862261257222     
          87          31  0.981261517502829     
          88          31  0.977435290906680     
          89          31  0.980798722473572     
          90          32  0.958383855983438     
          91          32  0.963817427877534     
          92          33  0.977761047395018     
          93          33  0.980617667527812     
          94          33  0.986302951498272     
          95          39  0.975029434675798     
          96          39  0.964315036078081     
          97          39  0.974482666477894     
          98          42  0.923610136260043     
          99          46  0.982109832004254     
         100          46  0.988867153075901     
         101          46  0.988176268846104     
         102          47  0.973364663801357     
         103          47  0.956738553075106     
         104          48  0.940495128226638     
         105          50  0.966616424269588     
         106          50  0.965266098745711     
         107          50  0.969801291428574     
         108          51  0.955871447091380     
         109          51  0.963044632810128     
         110          52  0.971680998019901     
         111          52  0.961791706550650     
         112          53  0.961831270839421     
         113          53  0.962324480970064     
         114          54  0.943139263696678     
         115          55  0.973209817407648     
         116          55  0.976414368943566     
         117          55  0.981192682521089     
         118          56  0.962297239142944     
         119          56  0.964955521922647     
         120          57  0.968104852324850     
         121          57  0.960518998106147     
         122          58  0.958103346706547     
         123          58  0.955945529702986     
         124          59  0.947304218990854     
         125          60  0.983020296999098     
         126          60  0.977668935868859     
         127          60  0.974672823301510     
         128          61  0.961428264920666     
         129          61  0.961203401626682     
         130          62  0.965547762288631     
         131          62  0.965697473913852     
         132          63  0.962337636394531     
         133          63  0.960418424028360     
         134          64  0.952561842158895     
         135          65  0.978044595209701     
         136          65  0.980261781562130     
         137          65  0.979067532198444     
         138          66  0.968171273579524     
         139          66  0.974113585445578     
         140          66  0.972359306904692     
