  0.294725503481006     
  1.654290027298444E-003
 -2.740080051035854E-002
 -1.267080747792715E-002
 -2.617842362736322E-002
 -0.162165192127977     
  8.459608027000076E-003
 -1.970774971720779E-002
 -2.134952584035688E-002
  3.860685338000946E-002
 -8.116354287959648E-002
 -3.003236100035878E-002
 -6.160036283186798E-002
  0.200721240615337     
 -0.290477201177235     
 -0.142329640193704     
 -0.218232934595998     
  5.277429310036474E-002
 -2.025076778558610E-002
 -5.114090377937508E-002
  4.203108977241676E-002
 -8.336087199958797E-002
  0.133132203061086     
 -0.233770014335610     
 -0.119513171826483     
 -0.155131293829885     
  6.531572671875274E-002
 -2.603412853497300E-002
 -2.682067785110753E-002
  3.501918213311495E-002
 -9.949335802936421E-002
 -6.638099860274060E-002
 -9.243347098570975E-002
 -0.202761961417752     
  7.320491551922270E-003
 -1.004957402178785E-002
 -6.401027996105224E-002
  1.989843765136934E-002
 -7.057930358736542E-002
  0.151352101816836     
 -0.217933262192204     
 -3.834965672322976E-002
  0.215166715459642     
 -0.261966557688369     
 -0.161560774131529     
  1.444134275067466E-002
  5.589514193511791E-002
 -7.659891568378896E-002
 -3.074219997049266E-002
 -8.273270809441424E-002
 -6.913539318387318E-002
 -6.904817571705912E-002
 -7.182835770959528E-002
 -2.274980730324661E-002
 -0.101951826000368     
 -8.014058091277132E-002
 -7.179430499001249E-002
 -8.052865483947880E-002
 -3.469378958033520E-002
 -9.780006867084978E-002
 -6.442088723300721E-002
 -6.714148182725399E-002
 -6.873029790777530E-002
 -1.634388852481372E-002
 -0.101130737530504     
 -0.106127686098874     
  6.329015621966660E-002
  5.672758771983588E-002
  6.059052734214054E-002
  5.195116892630514E-002
  4.463088781004187E-002
  4.573454151063938E-002
  3.687964048658532E-002
  4.653368595392504E-002
  4.483107096830430E-002
  4.932254477483611E-002
  5.556117327677612E-002
  4.287780701941291E-002
  4.897809456785385E-002
  5.327197276636042E-002
  4.887269672970740E-002
  4.981129835468390E-002
  4.188038913400416E-002
  3.474071476757135E-002
  5.633097711852175E-002
  5.620549340095971E-002
  3.280080775687455E-002
  3.636191715535531E-002
  3.847292712610406E-002
  3.546625820815386E-002
  3.217067239788785E-002
  3.648515786942341E-002
  3.805621103233470E-002
  3.445098778061517E-002
  4.501383184093011E-002
  5.232152648529176E-002
  5.808357944352716E-002
  6.225948890276667E-002
  5.192733984803843E-002
  4.651086514333402E-002
  6.156600496796916E-002
  4.762368568991682E-002
  5.956061206908925E-002
  4.617972441675022E-002
  4.729061855902728E-002
  4.785041860370620E-002
  3.725249588531032E-002
  3.857919278300992E-002
  3.781054542303253E-002
  2.613546410564893E-002
  3.911998086592317E-002
  3.659978883854054E-002
  3.754440822268135E-002
  4.349419986914971E-002
  3.706842124610221E-002
  3.233520746802843E-002
  3.745323562551373E-002
  3.154375579430124E-002
  3.267790176263030E-002
  3.459922454278297E-002
  3.562688804140923E-002
  3.626355417981930E-002
  2.891385539484670E-002
  2.605997527213189E-002
  1.906044252001338E-002
  2.917518340325698E-002
  4.240849769580823E-002
  3.702047072152181E-002
  3.244501330662719E-002
  3.571511079482526E-002
  3.619984239975804E-002
  3.205481700602553E-002
  4.056300955993331E-002
  3.718173107070200E-002
  3.574844272908106E-002
  4.156589458595128E-002
  3.479763587480211E-002
  2.693576465653147E-002
  3.273398254666438E-002
  2.981611122263861E-002
