           6           1  0.488905506272418     
           7           2   1.40193889071567     
           7           6   1.14661068147120     
           8           7  0.980438041471581     
           9           8  0.934820067862175     
          10           3   1.39510221605441     
          10           6   1.22556731472542     
          10           9  0.964040568087344     
          11           9  0.946737727201646     
          12           8  0.933560915076672     
          13          12  0.999102255391989     
          14          13  0.908999428699754     
          15          14   1.80889067414987     
          16          14   1.10424392636854     
          17           1  0.517709874724967     
          18           3   1.29986810308539     
          18          17   1.16551070276308     
          19          18   1.20161320544001     
          20          19   1.40473321341481     
          21           4   1.37884878356754     
          21          17   1.15522316896734     
          21          20   1.07262746447423     
          22          19  0.977448274258593     
          23          20   1.04835548145082     
          24          23   1.82318209809746     
          25          23  0.917241262928451     
          26           1  0.315379032124591     
          27           4   1.30844714072613     
          27          26   1.36051234797403     
          28          27  0.934227636029513     
          29          28  0.964786184688521     
          30           5   1.45467137046048     
          30          26   1.21933609839908     
          30          29  0.936003905785185     
          31          28  0.949283626776905     
          32          29  0.936211513364620     
          33          32   1.00163554818155     
          34           1  0.490462681925307     
          35           5   1.27204202017746     
          35          34   1.15050852019124     
          36          35   1.14770109341889     
          37          36   1.43573776933468     
          38           2   1.24426958676510     
          38          34   1.24169782788379     
          38          37   1.10722105396633     
          39          36  0.996053444654374     
          40          37   1.04671461207573     
          41          40   1.84405069078853     
          42           2  0.924496083417795     
          42          40  0.843052705512100     
          43          42  0.941752096812741     
          44          43   1.80497700423701     
          45          43   1.07432370875503     
          46          45  0.967842178866226     
          47          16  0.933666953195795     
          48          47   1.01904140146341     
          49          48   1.85426439486905     
          50          49  0.991933395846694     
          51          49  0.976272133994202     
          52          51  0.971047519894153     
          53          52  0.977986149463164     
          54          53  0.971555417245150     
          55          54  0.986218332091374     
          56          54  0.961640343862166     
          57          56  0.974282078644740     
          58          57  0.984042929648820     
          59          58  0.947090421077134     
          60          59   1.00873592771841     
          61          59  0.957100704515645     
          62          61  0.989813771077127     
          63          62  0.973262555849185     
          64          63  0.974853046599289     
          65          64  0.984126184216768     
          66          64  0.990416625712451     
          67           3  0.933850725185768     
          68           4  0.929252342821902     
          69           5  0.935637346187989     
          70           8  0.927226068397859     
          71           9  0.945743533344044     
          72          11  0.977086340304619     
          73          11  0.980703056747019     
          74          11  0.979748518264943     
          75          12  0.963116045408906     
          76          12  0.951170136759429     
          77          13  0.938870293930178     
          78          13  0.959249981187015     
          79          22  0.968263918659651     
          80          22  0.970234651364396     
          81          22  0.972299162457020     
          82          25  0.960969907954879     
          83          25  0.974481594686854     
          84          25  0.972702358182004     
          85          28  0.942141661848739     
          86          29  0.939825778492477     
          87          31  0.984077121006514     
          88          31  0.982769800274175     
          89          31  0.978963497177050     
          90          32  0.969060996465407     
          91          32  0.968893420895284     
          92          33  0.985444048940446     
          93          33  0.973282989124818     
          94          33  0.985304839530175     
          95          39  0.968622601118084     
          96          39  0.975068514469475     
          97          39  0.959778857280816     
          98          42  0.930942923517849     
          99          46  0.988249589934102     
         100          46  0.986400647811770     
         101          46  0.980118126309207     
         102          47  0.965940980223733     
         103          47  0.956131587440664     
         104          48  0.940081371267617     
         105          50  0.972329460845892     
         106          50  0.965898520284821     
         107          50  0.975006118475214     
         108          51  0.958166030846142     
         109          51  0.961166861868994     
         110          52  0.965293815891184     
         111          52  0.962429904753816     
         112          53  0.960456899938226     
         113          53  0.960043560715712     
         114          54  0.951588141377062     
         115          55  0.980286793326713     
         116          55  0.976361077955433     
         117          55  0.978837537701410     
         118          56  0.968911536525969     
         119          56  0.966681865901158     
         120          57  0.970435491012800     
         121          57  0.969097405163850     
         122          58  0.964865525493843     
         123          58  0.971467875864113     
         124          59  0.952257421173243     
         125          60  0.980512924284147     
         126          60  0.970582538034602     
         127          60  0.972467948632890     
         128          61  0.965213978628955     
         129          61  0.966338131002301     
         130          62  0.966022776633426     
         131          62  0.972370123981446     
         132          63  0.970236781823242     
         133          63  0.963844893094142     
         134          64  0.957670931682519     
         135          65  0.980413042251424     
         136          65  0.977598511290774     
         137          65  0.982121744744315     
         138          66  0.980608929661554     
         139          66  0.977675915522641     
         140          66  0.975744865108429     
