  0.308036471000849     
  6.747945350164208E-003
 -3.746878813863841E-002
 -2.515691461648117E-002
 -2.406183046599519E-002
 -0.154385025199420     
  2.289592753589753E-002
 -3.318477497474959E-002
 -3.158719966300350E-002
  3.454824754584296E-002
 -8.982469265433313E-002
 -3.672186113276066E-002
 -4.922461452443905E-002
  0.205711947938626     
 -0.230338223792477     
 -0.172884024174497     
 -0.227628367111338     
  4.579619925126099E-002
 -3.678794191142742E-002
 -7.256642084797083E-002
  1.554965696277799E-002
 -7.951748217675902E-002
  0.157151484433132     
 -0.242220660628343     
 -8.346361719370421E-002
 -0.157986454386705     
  1.610646576218144E-002
 -1.059799572530729E-002
 -4.963590036311505E-002
  4.306305061649773E-002
 -8.380758721845094E-002
 -5.745440234033339E-002
 -7.998435955031535E-002
 -0.196861295998167     
  2.653667018013373E-002
 -5.047813679784241E-003
 -4.754448120729737E-002
  2.101394258646616E-002
 -6.609459161524089E-002
  0.132280341653465     
 -0.239893081006022     
 -4.989134337407375E-002
  0.207780291492187     
 -0.260345395247612     
 -0.126824189853467     
  1.741398305455899E-002
  3.673295989352221E-002
 -7.869194082790543E-002
 -3.972733113418769E-002
 -8.602397244860516E-002
 -6.531827979299010E-002
 -6.189389702959947E-002
 -8.163946942542211E-002
 -3.461704965873924E-002
 -0.101705955032163     
 -6.135444440643134E-002
 -7.166392251000353E-002
 -7.306718329557338E-002
 -3.259205978837088E-002
 -0.112305433559362     
 -6.301676949865875E-002
 -6.200073230276182E-002
 -6.163219207584625E-002
 -2.681657165738383E-002
 -8.692219854341676E-002
 -0.125184663846880     
  5.510735907407160E-002
  6.710970673406846E-002
  5.785308566193459E-002
  4.715742531457567E-002
  4.484118524071801E-002
  4.166950498414368E-002
  3.567924365884301E-002
  3.572059654354298E-002
  3.026240445990358E-002
  5.290096431715130E-002
  4.452971031678887E-002
  3.862262907048197E-002
  4.850104785548814E-002
  4.844959233140111E-002
  5.074588775859723E-002
  5.155383541769698E-002
  6.075913837592140E-002
  5.101074692258922E-002
  5.335399084408510E-002
  4.241048185224661E-002
  3.717370925946839E-002
  3.826870275662786E-002
  4.021459885882106E-002
  3.260778560934796E-002
  3.951940802629095E-002
  4.443573258879674E-002
  3.619306545192036E-002
  3.855122584280668E-002
  5.352246767496405E-002
  4.968852609993490E-002
  4.602978279901626E-002
  6.165966064943373E-002
  6.160475736798221E-002
  4.952809307626793E-002
  5.488863169292013E-002
  6.119649061220611E-002
  5.514340390254846E-002
  3.928079985014665E-002
  4.657289797224162E-002
  5.159479394363997E-002
  4.223244751982769E-002
  3.655221263818054E-002
  4.289258455586231E-002
  4.059878766140645E-002
  3.421172904816572E-002
  3.144005068665512E-002
  3.692052145451685E-002
  3.199278365303970E-002
  2.986227349054493E-002
  4.097429876368730E-002
  3.420340431784974E-002
  3.808944298166450E-002
  4.091858960291983E-002
  3.090258957313208E-002
  4.170228013171295E-002
  3.636907253551691E-002
  2.932852244354334E-002
  3.209659160777556E-002
  3.093158583875377E-002
  3.633152824734975E-002
  3.137396574391682E-002
  3.811745236408659E-002
  3.781214333830507E-002
  3.342003889301082E-002
  3.331292361712856E-002
  3.288378862836472E-002
  3.316882198283966E-002
  3.372748831247474E-002
  3.564127802298256E-002
  3.262287829486432E-002
  4.027651931945508E-002
  3.398799767875638E-002
  3.609744156500361E-002
  2.089270706609436E-002
