 excitation energies, transition moments and TDA amplitudes
 state    eV      nm       fL        Rv(corr)
    1    2.148   577.1     0.6315    -1.0747     0.87( 140-> 141) -0.40( 139-> 143) -0.14( 139-> 142)
    2    2.282   543.2     0.0174   -11.0109    -0.81( 139-> 141) -0.50( 140-> 143) -0.19( 140-> 142)
    3    3.070   403.8     0.0629    19.8851     0.70( 140-> 142) -0.62( 140-> 144) -0.24( 140-> 143)
    4    3.362   368.8     0.0873    -1.4793    -0.58( 140-> 142) -0.55( 140-> 144) -0.37( 140-> 145)
    5    3.430   361.4     0.0088    48.5994    -0.83( 138-> 141)  0.34( 139-> 142) -0.18( 136-> 141)
    6    3.571   347.2     0.2958     6.1795     0.63( 140-> 143)  0.43( 136-> 141) -0.31( 139-> 141)
    7    3.715   333.7     0.0147    19.0054     0.62( 139-> 144) -0.61( 139-> 142) -0.31( 138-> 141)
    8    3.950   313.9     0.2154   -45.2639     0.51( 136-> 141) -0.49( 139-> 144) -0.28( 139-> 142)
    9    4.073   304.4     0.0630    22.7176    -0.39( 131-> 141)  0.31( 133-> 142) -0.30( 133-> 141)
