           6           1  0.373492632306993     
           7           2   1.41681315431509     
           7           6   1.16720589769957     
           8           7  0.960268706153523     
           9           8  0.944212257914410     
          10           3   1.30105029122771     
          10           6   1.34735432390795     
          10           9  0.923348759809327     
          11           9  0.969371562719557     
          12           8  0.918333808028544     
          13          12   1.02643794622995     
          14          13  0.870650874257812     
          15          14   1.88967265975238     
          16          14   1.04764748044141     
          17           1  0.492913185551169     
          18           3   1.40343458402960     
          18          17   1.16060511975328     
          19          18   1.11806332919829     
          20          19   1.54176399284689     
          21           4   1.35986282286092     
          21          17   1.18045143566706     
          21          20   1.02975374713155     
          22          19  0.962812058081910     
          23          20  0.953092594356159     
          24          23   1.86274808493450     
          25          23  0.961619098792329     
          26           1  0.450998592504855     
          27           4   1.35274928478756     
          27          26   1.22963706357797     
          28          27  0.958651016444052     
          29          28  0.931863989918183     
          30           5   1.39499015973151     
          30          26   1.22030908372521     
          30          29  0.957419269261669     
          31          28  0.984465398594146     
          32          29  0.921877303712130     
          33          32   1.02016528675358     
          34           1  0.492883540369325     
          35           5   1.33470961946219     
          35          34   1.17407052449030     
          36          35   1.10562527188611     
          37          36   1.39987467813591     
          38           2   1.24726646861727     
          38          34   1.19762101574236     
          38          37   1.12963252578334     
          39          36  0.986152709963425     
          40          37   1.10048204735054     
          41          40   1.78461199410860     
          42           2  0.919436406313198     
          42          40  0.856035933838165     
          43          42  0.892374810753758     
          44          43   1.80352831013958     
          45          43   1.12513269841468     
          46          45  0.952367497196714     
          47          16  0.953606132761116     
          48          47  0.983182605275311     
          49          48   1.89915636248318     
          50          49  0.975837458622253     
          51          49  0.960892369862867     
          52          51  0.971644246002505     
          53          52  0.979666057394016     
          54          53  0.961756476548288     
          55          54  0.974908787372711     
          56          54  0.985705268958768     
          57          56  0.967728862944837     
          58          57  0.990516904667988     
          59          58  0.969596970927545     
          60          59  0.975988512821246     
          61          59  0.981556040729653     
          62          61  0.982275903888526     
          63          62  0.988529030693911     
          64          63  0.983220318892298     
          65          64  0.983981515008666     
          66          64  0.983182076319996     
          67           3  0.928054902398460     
          68           4  0.926642368689978     
          69           5  0.931200338901666     
          70           8  0.932648161611804     
          71           9  0.947165858858830     
          72          11  0.978596615860329     
          73          11  0.977681789029726     
          74          11  0.977038075545442     
          75          12  0.963799216251143     
          76          12  0.951947864764657     
          77          13  0.942538608174354     
          78          13  0.966045998133880     
          79          22  0.973281212892557     
          80          22  0.977836889444732     
          81          22  0.971545982325295     
          82          25  0.972142257417127     
          83          25  0.951832923503347     
          84          25  0.965737443201556     
          85          28  0.933350697168877     
          86          29  0.936226803389709     
          87          31  0.977250691516943     
          88          31  0.973420003762040     
          89          31  0.972322066468353     
          90          32  0.964897918893543     
          91          32  0.965848974658068     
          92          33  0.980399682903200     
          93          33  0.977445110735005     
          94          33  0.974536314916783     
          95          39  0.965136144149134     
          96          39  0.974535950787326     
          97          39  0.975939140285486     
          98          42  0.927563942220486     
          99          46  0.983579652341320     
         100          46  0.987907387173693     
         101          46  0.982209044072678     
         102          47  0.957803612762575     
         103          47  0.963739693710758     
         104          48  0.944640622612345     
         105          50  0.972719700100051     
         106          50  0.973711810311917     
         107          50  0.975015214657311     
         108          51  0.966257221966117     
         109          51  0.955210184145970     
         110          52  0.963219127162889     
         111          52  0.968003729785293     
         112          53  0.960973888828099     
         113          53  0.960174676414934     
         114          54  0.951035660312932     
         115          55  0.980817660778713     
         116          55  0.976602307531155     
         117          55  0.983353659549905     
         118          56  0.959204056703646     
         119          56  0.960402959028935     
         120          57  0.969891252773376     
         121          57  0.959056465395582     
         122          58  0.957533086461835     
         123          58  0.967192214509202     
         124          59  0.950847008696930     
         125          60  0.978468615550185     
         126          60  0.981367393655128     
         127          60  0.978103893290071     
         128          61  0.957791931223385     
         129          61  0.959067147783043     
         130          62  0.966208242078755     
         131          62  0.961503938282590     
         132          63  0.958225810134519     
         133          63  0.963392874945999     
         134          64  0.954190398778215     
         135          65  0.978296357611328     
         136          65  0.983559200559464     
         137          65  0.978971395443270     
         138          66  0.976408078709526     
         139          66  0.980875090418562     
         140          66  0.980997820119905     
