  0.309437026840690     
 -4.191887310551756E-003
 -5.460857861896429E-002
 -6.182863203951783E-003
 -5.010794851778400E-002
 -0.180880933155586     
  4.774364284273647E-002
 -4.365659674455458E-002
 -1.088597309880779E-002
  5.657607545142840E-002
 -8.669393610228227E-002
 -3.974073125240629E-002
 -4.207119473597931E-002
  0.211953824670393     
 -0.251061049445505     
 -0.163292045075024     
 -0.221584686075169     
  5.813396059244713E-002
 -2.928970086466176E-002
 -5.796054291670316E-002
  4.906191691134376E-002
 -8.828867757063730E-002
  0.142414245648610     
 -0.263982328999601     
 -8.333365350022071E-002
 -0.155987206638009     
  3.600019725998660E-002
  4.171053579705486E-003
 -2.520233999233135E-002
  2.621275747488205E-002
 -9.263502923275535E-002
 -4.560525992549636E-002
 -9.723460354063196E-002
 -0.219200638271026     
  1.974391943797560E-002
 -1.963006049619942E-002
 -3.585015923379942E-002
  1.960187100977295E-002
 -6.867340124655641E-002
  0.142699853691216     
 -0.220197596012128     
 -3.800964383454630E-002
  0.215889800845775     
 -0.264565834544517     
 -0.141411080109823     
  5.740183457096038E-003
  5.170046321958699E-002
 -7.758906692895362E-002
 -3.627532302658310E-002
 -0.100446356479962     
 -5.332550026041716E-002
 -7.219343271053447E-002
 -8.684266669199481E-002
 -2.099545928673852E-002
 -0.101899920144867     
 -8.049017766897126E-002
 -5.329658818937677E-002
 -6.277391648524944E-002
 -2.417951203531832E-002
 -0.115084926124799     
 -5.724918143303714E-002
 -6.604328656963965E-002
 -8.627796057297576E-002
 -9.556495176133772E-003
 -9.191180483414207E-002
 -0.101705124596685     
  3.882248248493902E-002
  5.549324110949994E-002
  6.486983471045904E-002
  3.763696096920888E-002
  5.018405584069274E-002
  4.136016936874254E-002
  5.044138190873304E-002
  3.164075586264714E-002
  4.740513327240381E-002
  4.942477876289220E-002
  5.039460838359600E-002
  3.626984693045254E-002
  3.835269470591152E-002
  5.197992692468423E-002
  5.079771598974381E-002
  4.885543362557954E-002
  5.439183987986962E-002
  4.524128190627263E-002
  5.013410062945600E-002
  5.515217718298049E-002
  3.432465474439561E-002
  3.876354266060911E-002
  5.206785853091689E-002
  4.699557030994106E-002
  3.623359693330808E-002
  4.262554543150399E-002
  2.392707501404734E-002
  2.932084665549362E-002
  4.158027796930663E-002
  5.598485896949845E-002
  4.712307118309111E-002
  5.985592311298304E-002
  5.624017740797471E-002
  3.945151186782181E-002
  6.293419809613932E-002
  6.610026070147446E-002
  7.018249238469831E-002
  3.188439929361675E-002
  3.709663611064073E-002
  4.243665934681251E-002
  3.721597340385174E-002
  4.563982967813851E-002
  3.908763889445344E-002
  3.936440956085407E-002
  3.641561058853404E-002
  2.938839631847467E-002
  3.822977295085417E-002
  3.946893499475645E-002
  3.373965411255353E-002
  2.397405139353126E-002
  3.814033423916641E-002
  2.758478318781810E-002
  2.815300530633791E-002
  3.111939485320581E-002
  3.151442883142341E-002
  2.634764674988788E-002
  3.775966287846899E-002
  4.159935149430083E-002
  2.947462167108061E-002
  2.547858535421510E-002
  3.966929076230652E-002
  4.011619416993750E-002
  3.819132888001708E-002
  3.596871122024525E-002
  2.507272654965353E-002
  2.948404232763546E-002
  3.178450028446911E-002
  3.155221160802157E-002
  3.014837312101726E-002
  3.169246683592397E-002
  3.676317081572689E-002
  2.068595565123665E-002
  3.155687189770584E-002
  3.671257879009704E-002
