 excitation energies, transition moments and TDA amplitudes
 state    eV      nm       fL        Rv(corr)
    1    2.259   549.0     0.5973    -6.9007     0.84( 143-> 144)  0.42( 142-> 146) -0.21( 142-> 144)
    2    2.338   530.3     0.2091    -5.3603    -0.84( 142-> 144)  0.39( 143-> 146) -0.22( 143-> 144)
    3    3.182   389.7     0.0031    -9.6610     0.92( 141-> 144)  0.16( 136-> 144) -0.15( 138-> 144)
    4    3.619   342.6     0.0589   -11.6869    -0.56( 143-> 146)  0.49( 138-> 144) -0.42( 140-> 144)
    5    3.697   335.3     0.0291    -1.5401    -0.90( 143-> 145)  0.19( 140-> 144)  0.16( 138-> 144)
    6    3.778   328.2     0.0224     5.5521     0.70( 143-> 147) -0.58( 143-> 149)  0.29( 138-> 144)
    7    3.811   325.4     0.0776    22.3997    -0.52( 138-> 144)  0.42( 142-> 145)  0.39( 137-> 144)
    8    3.855   321.6     0.0009     1.5915    -0.67( 142-> 145) -0.47( 140-> 144)  0.39( 137-> 144)
    9    4.037   307.1     0.0598    -4.4620     0.80( 142-> 147) -0.51( 142-> 149) -0.15( 142-> 146)
