           6           1  0.372328501203000     
           7           2   1.34071629482163     
           7           6   1.27994530632527     
           8           7  0.951812156146623     
           9           8  0.937427601199794     
          10           3   1.42432648587077     
          10           6   1.23253674844937     
          10           9  0.968480234709464     
          11           9  0.952848625892691     
          12           8  0.930658912166087     
          13          12  0.976403677613725     
          14          13  0.951350516749536     
          15          14   1.85529803990163     
          16          14   1.03042014612895     
          17           1  0.522185426579048     
          18           3   1.18117893970418     
          18          17   1.19726469887669     
          19          18   1.28294642834735     
          20          19   1.33467082202102     
          21           4   1.27174318121565     
          21          17   1.15454543362759     
          21          20   1.16019763129733     
          22          19  0.968601723003159     
          23          20   1.02612185913209     
          24          23   1.80146265591383     
          25          23  0.963424519469960     
          26           1  0.390854577625919     
          27           4   1.46865614418857     
          27          26   1.18607271451927     
          28          27  0.922050685113868     
          29          28  0.973491358333554     
          30           5   1.36416373537582     
          30          26   1.30760640540270     
          30          29  0.918729447960951     
          31          28  0.974939186517003     
          32          29  0.942207712220177     
          33          32   1.00782408927354     
          34           1  0.508731170578872     
          35           5   1.27127117457035     
          35          34   1.19305037681462     
          36          35   1.16144364122913     
          37          36   1.41120109911713     
          38           2   1.34691095015253     
          38          34   1.12174025493565     
          38          37   1.13026552619468     
          39          36  0.973265661168618     
          40          37   1.09186270452509     
          41          40   1.81144298452552     
          42           2  0.908975326301434     
          42          40  0.833953334985578     
          43          42  0.944235806165057     
          44          43   1.80145151015505     
          45          43   1.07341030744557     
          46          45  0.965197349270238     
          47          16  0.966450857770889     
          48          47  0.987513493543815     
          49          48   1.91065443887250     
          50          49  0.965202238131127     
          51          49  0.977582849030847     
          52          51  0.977523852140831     
          53          52  0.979190771407804     
          54          53  0.956562279491631     
          55          54  0.993426500476357     
          56          54  0.961623378375003     
          57          56  0.975843585370904     
          58          57  0.998694033102517     
          59          58  0.953030133664379     
          60          59  0.972319609001279     
          61          59  0.968380475445513     
          62          61  0.985317180882656     
          63          62  0.982669136852645     
          64          63  0.941180458794625     
          65          64   1.01423163419966     
          66          64  0.999338714745833     
          67           3  0.937746506459871     
          68           4  0.924196449018762     
          69           5  0.937393734964534     
          70           8  0.939310317962989     
          71           9  0.944052306050148     
          72          11  0.975851988656008     
          73          11  0.967595991825863     
          74          11  0.981050194091204     
          75          12  0.963155587208259     
          76          12  0.956118648385669     
          77          13  0.947684080825969     
          78          13  0.962930468118378     
          79          22  0.978109303621945     
          80          22  0.974171924842642     
          81          22  0.971430218633440     
          82          25  0.967620568504343     
          83          25  0.956189507620201     
          84          25  0.974022195870671     
          85          28  0.938765900279470     
          86          29  0.929979137851437     
          87          31  0.978436590606567     
          88          31  0.973714603020547     
          89          31  0.975410744926837     
          90          32  0.966242424423348     
          91          32  0.970404885048429     
          92          33  0.976498089842652     
          93          33  0.981650330345611     
          94          33  0.981281820641473     
          95          39  0.980587213411224     
          96          39  0.974348632674252     
          97          39  0.968395940217277     
          98          42  0.930177596627446     
          99          46  0.982263611847627     
         100          46  0.990118780193991     
         101          46  0.977637947121227     
         102          47  0.955612413154295     
         103          47  0.953765972344432     
         104          48  0.934852469541130     
         105          50  0.978025916305569     
         106          50  0.972694455448852     
         107          50  0.979962021568652     
         108          51  0.952315241067833     
         109          51  0.957127247128933     
         110          52  0.965012286198137     
         111          52  0.966212046493046     
         112          53  0.964966719589422     
         113          53  0.959381669229045     
         114          54  0.952827033435876     
         115          55  0.979078750612336     
         116          55  0.980079576292054     
         117          55  0.974115298291695     
         118          56  0.964608311341362     
         119          56  0.970116827344720     
         120          57  0.972426125356970     
         121          57  0.967705874996301     
         122          58  0.967310750351094     
         123          58  0.962959404443491     
         124          59  0.955243663975113     
         125          60  0.983477152972128     
         126          60  0.980608900521536     
         127          60  0.977159533814009     
         128          61  0.962823990071179     
         129          61  0.965811890179970     
         130          62  0.966008263478025     
         131          62  0.965767022563693     
         132          63  0.966888215551826     
         133          63  0.965562227146557     
         134          64  0.951180731176740     
         135          65  0.971961232330425     
         136          65  0.975471093754310     
         137          65  0.971598187662300     
         138          66  0.977407667061616     
         139          66  0.977934603066894     
         140          66  0.971945007603650     
