  0.310123957933347     
  4.797254619538727E-003
 -4.605462313630770E-002
 -4.409768791738511E-002
 -1.749102750679565E-002
 -0.153130470623098     
  2.795063672497333E-002
 -2.692733937479463E-002
 -2.518003863114515E-002
  4.217334976622888E-002
 -8.386147595996984E-002
 -5.656915103737870E-002
 -4.579437634831951E-002
  0.206685745057965     
 -0.315427225135133     
 -0.124105692355725     
 -0.214395021274001     
  3.488707050144146E-002
 -2.632601573711213E-002
 -5.540398400651636E-002
 -2.232509339255540E-002
 -7.679413842220928E-002
  0.129603957570987     
 -0.224927953697470     
 -6.786559570898199E-002
 -0.144421258453196     
  5.712157331753653E-002
 -2.031610250907345E-002
 -3.573086311879159E-002
  5.019743543187793E-003
 -9.083760673567820E-002
 -3.193412705398657E-002
 -7.744859610344168E-002
 -0.203265608626655     
  2.042938557351093E-002
  1.033107425108293E-002
 -4.799266201468999E-002
  4.695865955733325E-002
 -7.158622580535301E-002
  0.162697938369757     
 -0.234021600099122     
 -7.049190648729464E-002
  0.222490194728203     
 -0.255689827423558     
 -0.161019681324550     
  8.956279814176682E-003
  6.056876524076449E-002
 -8.594424082954255E-002
 -3.510533992504783E-002
 -8.373987262191740E-002
 -6.354910344710074E-002
 -5.804414533333269E-002
 -7.096586195900745E-002
 -2.988250911685952E-002
 -0.119852098862103     
 -6.451580640645105E-002
 -6.774747071922782E-002
 -6.918871821272887E-002
 -2.837182416086925E-002
 -9.458429895569953E-002
 -7.567496547311237E-002
 -7.464679627298221E-002
 -7.238764435874856E-002
 -1.750522969604162E-002
 -0.112275329978213     
 -0.103356940369491     
  5.638121501138260E-002
  5.214839230799129E-002
  5.058353363318047E-002
  4.342322616881300E-002
  5.107411033682585E-002
  3.816289577961351E-002
  4.148318063818324E-002
  4.510771558003446E-002
  3.365132836900497E-002
  5.480890480520451E-002
  4.774339980204023E-002
  4.905811871115029E-002
  4.382390419503601E-002
  4.960256875541469E-002
  4.813402778003351E-002
  5.427996993795747E-002
  6.420528381069734E-002
  5.178484592374843E-002
  4.598391858491557E-002
  4.281950172170101E-002
  3.734348441665780E-002
  3.781092291853694E-002
  3.788402206292052E-002
  4.320418711933738E-002
  3.490788342370055E-002
  3.497179535994099E-002
  4.025685082786756E-002
  3.879138292352280E-002
  4.977851610755168E-002
  4.347545722278434E-002
  4.214019167049976E-002
  4.838065065107411E-002
  5.021947495114831E-002
  5.231915184927705E-002
  4.418373542193554E-002
  6.150477643311869E-002
  6.753932951395014E-002
  4.309963915453408E-002
  4.600936572072079E-002
  4.989577321769445E-002
  4.732538329849045E-002
  4.149331378675514E-002
  3.429562544740805E-002
  3.515009751887721E-002
  2.848073032929577E-002
  3.334483327151916E-002
  3.129301152936503E-002
  3.560290942553090E-002
  1.991752890393950E-002
  2.754742999342197E-002
  3.696030882661516E-002
  3.333930592756784E-002
  4.065236269792893E-002
  4.462634704603485E-002
  3.363319979473811E-002
  3.007783719154622E-002
  4.583071425318308E-002
  2.971500677899341E-002
  2.980334457697786E-002
  3.482085072002983E-002
  3.844871167567787E-002
  3.901641356133223E-002
  3.614846800364946E-002
  3.137683154104520E-002
  3.816505028969486E-002
  3.363442954813622E-002
  3.498803212830803E-002
  3.389527218804722E-002
  3.396159918562358E-002
  2.929824003125436E-002
  3.708122289843563E-002
  3.400505696118139E-002
  3.376890770848295E-002
  3.230057628994620E-002
