           6           1  0.383138287911450     
           7           2   1.50362171481548     
           7           6   1.15168039108221     
           8           7  0.933717238686580     
           9           8  0.950999529718697     
          10           3   1.36105099248636     
          10           6   1.32309714150256     
          10           9  0.939211068916989     
          11           9  0.947664397788653     
          12           8  0.941109726165584     
          13          12  0.979229387399503     
          14          13  0.934095470624806     
          15          14   1.75310537806165     
          16          14   1.16142609615803     
          17           1  0.504839568558053     
          18           3   1.29248785262757     
          18          17   1.22508906315405     
          19          18   1.12715184575251     
          20          19   1.52668829359686     
          21           4   1.35465125379074     
          21          17   1.12156128652510     
          21          20   1.05776288746845     
          22          19  0.948919588804378     
          23          20  0.952692634417236     
          24          23   1.83684483252784     
          25          23  0.991780692339916     
          26           1  0.364694671385650     
          27           4   1.30208886694323     
          27          26   1.40441062554742     
          28          27  0.934280892960562     
          29          28  0.949493364498604     
          30           5   1.54649652731668     
          30          26   1.11086404165857     
          30          29  0.900402987270182     
          31          28  0.958546894958616     
          32          29  0.952925570112145     
          33          32   1.00827674134230     
          34           1  0.554806101659508     
          35           5   1.20037677978280     
          35          34   1.08658868076426     
          36          35   1.29044150710047     
          37          36   1.27287996780605     
          38           2   1.15293726728064     
          38          34   1.27549694760464     
          38          37   1.17605215104535     
          39          36  0.986681614287592     
          40          37   1.15640164231457     
          41          40   1.80078014431846     
          42           2  0.940886954953846     
          42          40  0.793331448612019     
          43          42  0.913519256893347     
          44          43   1.83073378628350     
          45          43   1.05972628468446     
          46          45  0.975807042045174     
          47          16  0.932617339756290     
          48          47  0.987661250054714     
          49          48   1.88113493065144     
          50          49  0.977988295536985     
          51          49  0.967741057149340     
          52          51  0.964719993044527     
          53          52  0.987932945217133     
          54          53  0.960960761437002     
          55          54  0.977685121338364     
          56          54  0.962953033605935     
          57          56  0.993567074146029     
          58          57  0.976566982410525     
          59          58  0.957501490663236     
          60          59  0.996937093257693     
          61          59  0.972504983898273     
          62          61  0.967132870269868     
          63          62  0.988022828042880     
          64          63  0.979914646112082     
          65          64  0.987099986315804     
          66          64  0.981885187529343     
          67           3  0.937435988743511     
          68           4  0.936824491394966     
          69           5  0.930190932575081     
          70           8  0.940381542438134     
          71           9  0.938289822521064     
          72          11  0.976288889417277     
          73          11  0.982303308809341     
          74          11  0.979575549926651     
          75          12  0.957947249736510     
          76          12  0.952956629180831     
          77          13  0.959980762062444     
          78          13  0.951971198639268     
          79          22  0.979195132215522     
          80          22  0.975247870404495     
          81          22  0.974843751525760     
          82          25  0.958434162947757     
          83          25  0.953207343618376     
          84          25  0.966871640785070     
          85          28  0.937615548072995     
          86          29  0.940455711273916     
          87          31  0.976681664642103     
          88          31  0.977766919039309     
          89          31  0.983909730935454     
          90          32  0.965819160383610     
          91          32  0.961526493908508     
          92          33  0.976553787152562     
          93          33  0.977319002892057     
          94          33  0.982821640717417     
          95          39  0.978753404817586     
          96          39  0.970724914748871     
          97          39  0.969693433931193     
          98          42  0.939878540341785     
          99          46  0.984388870421760     
         100          46  0.987750298315481     
         101          46  0.983140074157571     
         102          47  0.963243347744733     
         103          47  0.960236666074979     
         104          48  0.938490900419840     
         105          50  0.976181601765912     
         106          50  0.971984589734745     
         107          50  0.975534065955527     
         108          51  0.957977195783423     
         109          51  0.964706568482383     
         110          52  0.967980329016938     
         111          52  0.969079022142787     
         112          53  0.963946807793643     
         113          53  0.963911541490614     
         114          54  0.953369854507784     
         115          55  0.983205489654973     
         116          55  0.977147902089476     
         117          55  0.979911980052237     
         118          56  0.964302977933208     
         119          56  0.961318530860934     
         120          57  0.959758849410820     
         121          57  0.962289367064811     
         122          58  0.968130572058032     
         123          58  0.959070919321385     
         124          59  0.955467772424975     
         125          60  0.979353946842000     
         126          60  0.979636823008257     
         127          60  0.975861191634829     
         128          61  0.960174328723366     
         129          61  0.969085077512371     
         130          62  0.971748963301734     
         131          62  0.968288224934345     
         132          63  0.963067800119744     
         133          63  0.958380199844304     
         134          64  0.957120693388938     
         135          65  0.976674578186526     
         136          65  0.975207674577896     
         137          65  0.980150367461982     
         138          66  0.982371819016763     
         139          66  0.978508577694063     
         140          66  0.980048006470009     
