  0.314204542064862     
  6.020237340365053E-003
 -1.848783714110702E-002
 -3.294229258929793E-002
 -3.078167272963128E-002
 -0.159415253925744     
  3.509876520064248E-002
 -2.476315224253689E-002
 -1.713549126452385E-002
  5.174209419318920E-002
 -8.947099923198643E-002
 -4.853818870476356E-002
 -6.507770618068154E-002
  0.215245727909071     
 -0.247234447534184     
 -0.167124122083196     
 -0.217545168027670     
  4.619335856720586E-002
 -1.776087034629104E-002
 -6.922362669992665E-002
  2.272457349743329E-002
 -7.801473582544993E-002
  0.138597015599041     
 -0.243786401731056     
 -9.387315678163599E-002
 -0.173898752183084     
  2.105784319192772E-002
 -1.131000469568821E-002
 -4.473010313639492E-002
  4.379966062048535E-002
 -7.805194567615015E-002
 -5.152428680124377E-002
 -8.650069863046106E-002
 -0.216111823334655     
  2.467183101284443E-002
 -2.639681662179338E-002
 -6.269018877322008E-002
  3.772657293405057E-002
 -6.033565343506542E-002
  0.145051756432311     
 -0.223686447176783     
 -3.325026990528457E-002
  0.227431176957994     
 -0.258402734956581     
 -0.172877525866687     
  5.031183990006571E-003
  3.003405410677917E-002
 -6.773336164778687E-002
 -1.466234636415642E-002
 -9.146946093473129E-002
 -5.601879137906796E-002
 -6.059445455794510E-002
 -7.947915830010288E-002
 -2.795320533752044E-002
 -9.546526206046657E-002
 -6.235323318738839E-002
 -5.394870380994110E-002
 -6.143497079740534E-002
 -3.675203048485276E-002
 -0.122185097292160     
 -6.617448612206012E-002
 -7.129971742231245E-002
 -5.225046270123812E-002
 -4.125401291179198E-002
 -0.106089298878884     
 -0.103195834022363     
  5.850798128548507E-002
  6.426525143602413E-002
  5.953338060740976E-002
  5.726776866574168E-002
  4.726022687663023E-002
  3.564477930860810E-002
  3.751332434709609E-002
  3.855349486830228E-002
  4.125789121757117E-002
  4.559740115603739E-002
  4.041370732441063E-002
  3.731701565846068E-002
  4.482748751208387E-002
  5.512637828583966E-002
  5.602237742044525E-002
  4.757922427524419E-002
  4.566328856700896E-002
  4.653115230562610E-002
  5.158222868566686E-002
  5.250465255317893E-002
  4.043719353285891E-002
  4.352640561727705E-002
  3.800050204349492E-002
  3.800334438559283E-002
  3.583708433617827E-002
  2.934987168327197E-002
  3.008120091878308E-002
  4.042068176256319E-002
  5.162144299615345E-002
  5.004540164467552E-002
  5.091082797393964E-002
  6.280077858042443E-002
  5.895414305848556E-002
  5.845077738881810E-002
  3.786755612323511E-002
  5.035946382898104E-002
  6.823845321842459E-002
  3.417106378238222E-002
  4.180517858233523E-002
  3.900611156873357E-002
  4.253182333947125E-002
  2.654229529357377E-002
  3.476819326800373E-002
  1.862225578847698E-002
  3.039869609189805E-002
  3.705882099924973E-002
  2.674145476613721E-002
  3.257600861879506E-002
  3.090698603497943E-002
  3.819159104169034E-002
  4.272719701953853E-002
  3.489642754445899E-002
  4.332129751296077E-002
  3.846873301394249E-002
  3.661683849117292E-002
  3.194223787044237E-002
  3.826540171157489E-002
  3.601693405825535E-002
  3.918473688692803E-002
  2.112880205505108E-002
  3.264304779710536E-002
  3.381143664237496E-002
  4.233630663795473E-002
  3.158803471262439E-002
  3.428127454619112E-002
  3.695099738336627E-002
  4.195354634363424E-002
  3.139603207895814E-002
  4.154710462965894E-002
  2.620011513427711E-002
  3.033171230675225E-002
  2.976684160329268E-002
  3.751131837562693E-002
  3.254487384480087E-002
