 excitation energies, transition moments and TDA amplitudes
 state    eV      nm       fL        Rv(corr)
    1    2.269   546.5     0.8257    -8.2314    -0.86( 143-> 144)  0.27( 142-> 146) -0.22( 142-> 144)
    2    2.368   523.6     0.2056    -1.3180    -0.83( 142-> 144) -0.27( 143-> 146)  0.22( 143-> 144)
    3    3.063   404.8     0.0058   -11.0319     0.72( 143-> 146) -0.63( 143-> 147) -0.24( 141-> 144)
    4    3.123   397.0     0.0080    13.9558     0.88( 141-> 144) -0.27( 140-> 144)  0.19( 143-> 146)
    5    3.448   359.5     0.0507     2.4852    -0.79( 140-> 144) -0.31( 142-> 146)  0.24( 143-> 147)
    6    3.487   355.6     0.0440    -7.8410    -0.67( 142-> 146)  0.61( 142-> 147)  0.29( 140-> 144)
    7    3.793   326.9     0.0003     0.5581     0.62( 138-> 144) -0.51( 137-> 144) -0.43( 143-> 145)
    8    3.841   322.8     0.0935    -2.8196    -0.77( 143-> 145)  0.39( 137-> 144)  0.21( 143-> 146)
    9    3.950   313.9     0.0861     3.4283    -0.63( 142-> 145)  0.33( 143-> 147)  0.27( 143-> 146)
