           6           1  0.393092547312621     
           7           2   1.44539546798095     
           7           6   1.22802564146386     
           8           7  0.936738563052238     
           9           8  0.969904935388452     
          10           3   1.46693598032512     
          10           6   1.22436877079681     
          10           9  0.937966102362572     
          11           9  0.964498959861138     
          12           8  0.924327297990094     
          13          12  0.973064744536597     
          14          13  0.902478418118922     
          15          14   1.87363230246277     
          16          14   1.05973140087156     
          17           1  0.454836680384673     
          18           3   1.25047978355921     
          18          17   1.22238429478154     
          19          18   1.15145245112209     
          20          19   1.44806116877256     
          21           4   1.31169352568777     
          21          17   1.19095268463029     
          21          20   1.07371447210230     
          22          19  0.992207040733209     
          23          20   1.00163312661415     
          24          23   1.83398962963178     
          25          23  0.953575815070259     
          26           1  0.432459797730533     
          27           4   1.40469849226876     
          27          26   1.25821159497490     
          28          27  0.901394043217686     
          29          28  0.955147544091692     
          30           5   1.45107934586147     
          30          26   1.19197479830634     
          30          29  0.960225615276478     
          31          28  0.989924132143394     
          32          29  0.924213682705480     
          33          32   1.01418044684318     
          34           1  0.539711713640947     
          35           5   1.28693619670292     
          35          34   1.12035934618587     
          36          35   1.22297426301243     
          37          36   1.27456974659889     
          38           2   1.18373071702949     
          38          34   1.20298717155596     
          38          37   1.21505674173053     
          39          36  0.992332795102254     
          40          37   1.07629362347426     
          41          40   1.83514898440476     
          42           2  0.937714638096217     
          42          40  0.833453390726163     
          43          42  0.938389015489660     
          44          43   1.83954221784247     
          45          43   1.04537458653319     
          46          45  0.973639190549251     
          47          16  0.942898361674637     
          48          47  0.978791889621698     
          49          48   1.86961236565204     
          50          49  0.986313742691817     
          51          49  0.962525783619248     
          52          51  0.985134396707856     
          53          52  0.991354753968015     
          54          53  0.946289023841043     
          55          54   1.00067949087043     
          56          54  0.959354800424614     
          57          56  0.985580492605599     
          58          57  0.994642101970400     
          59          58  0.976815717893122     
          60          59  0.977566811209332     
          61          59  0.969555553021511     
          62          61  0.970034584466092     
          63          62  0.994710523967304     
          64          63  0.962478196098900     
          65          64  0.968253764769430     
          66          64  0.993705725622616     
          67           3  0.932363163234857     
          68           4  0.931213926144291     
          69           5  0.927413058610201     
          70           8  0.935318118226306     
          71           9  0.937655016037059     
          72          11  0.977129538560983     
          73          11  0.975737649528593     
          74          11  0.981716869718477     
          75          12  0.964975136335003     
          76          12  0.960853607693240     
          77          13  0.964430013307828     
          78          13  0.963859865897675     
          79          22  0.962048294405975     
          80          22  0.968647581012483     
          81          22  0.967565620198250     
          82          25  0.962723624763438     
          83          25  0.964066028101049     
          84          25  0.972769709614571     
          85          28  0.943414433494148     
          86          29  0.930024818526363     
          87          31  0.973023625799563     
          88          31  0.972257168903101     
          89          31  0.976770124030576     
          90          32  0.966471136752977     
          91          32  0.967447859168216     
          92          33  0.985307646995069     
          93          33  0.981624804086156     
          94          33  0.973389843388997     
          95          39  0.976763088363488     
          96          39  0.969910513960264     
          97          39  0.964904302922323     
          98          42  0.927758075687978     
          99          46  0.978407639506689     
         100          46  0.986200512560526     
         101          46  0.991020802844999     
         102          47  0.966548813413499     
         103          47  0.958228121632171     
         104          48  0.941293754859257     
         105          50  0.970200356876175     
         106          50  0.972780495942418     
         107          50  0.975242489502598     
         108          51  0.959556951290413     
         109          51  0.954384295203116     
         110          52  0.969022476297080     
         111          52  0.965807896299533     
         112          53  0.963459741846632     
         113          53  0.973166001045974     
         114          54  0.957022339052580     
         115          55  0.977344678076858     
         116          55  0.975722833547921     
         117          55  0.973552342490689     
         118          56  0.964221611104203     
         119          56  0.967385948703969     
         120          57  0.963043871036009     
         121          57  0.959116504424910     
         122          58  0.958033622709505     
         123          58  0.955727773635012     
         124          59  0.945772587017102     
         125          60  0.971703819818939     
         126          60  0.979281484153546     
         127          60  0.979996806647191     
         128          61  0.966167087985346     
         129          61  0.957350149002456     
         130          62  0.965589401008629     
         131          62  0.960559708651028     
         132          63  0.963362893917523     
         133          63  0.965330001653971     
         134          64  0.955173007724546     
         135          65  0.983138426551702     
         136          65  0.983909076719520     
         137          65  0.977969927294145     
         138          66  0.976585999237065     
         139          66  0.976409330263278     
         140          66  0.981104254155216     
