  0.329648186927066     
 -1.300077874119943E-002
 -3.731056930601806E-002
 -1.930418530004729E-002
 -2.656856622550752E-002
 -0.174615780287555     
  3.641327440801234E-002
 -1.861448974778668E-002
 -3.514730336240568E-002
  5.166731377296507E-002
 -0.100132068563908     
 -5.164861136015020E-002
 -4.584163758020665E-002
  0.187921625333174     
 -0.277363307145762     
 -0.150554049701043     
 -0.213808849486310     
  1.120401516430736E-002
 -3.603320637790564E-002
 -6.564337148564903E-002
  6.119108568653031E-002
 -7.790653528983604E-002
  0.127808225015276     
 -0.228788997427330     
 -8.288115045972333E-002
 -0.158409141157455     
  4.980048295408324E-002
 -2.328868411831397E-002
 -3.248855556712549E-002
  3.758887790952770E-002
 -8.291689038576422E-002
 -6.539149846626113E-002
 -8.492705783756449E-002
 -0.214977183737425     
  3.547528202521288E-002
 -1.386876959130312E-002
 -5.617691009190118E-002
  3.694663998674796E-002
 -5.510699583950895E-002
  0.136735998193343     
 -0.242809093778956     
 -1.807156157252177E-002
  0.247756894525335     
 -0.257344044371873     
 -0.193221614985279     
  5.832697939673004E-003
  4.521828912964576E-002
 -6.750772796565929E-002
 -1.427575351244226E-002
 -9.437565996937636E-002
 -5.887506049597135E-002
 -6.250422500625863E-002
 -6.437004273884561E-002
 -2.684800917388497E-002
 -0.100540022298260     
 -7.478279667381926E-002
 -6.950358962650238E-002
 -7.203057450842731E-002
 -4.271280491083118E-002
 -0.108650301799495     
 -7.623569196458746E-002
 -6.582047702605820E-002
 -9.279778536547223E-002
 -1.706477782808324E-002
 -9.476208060863822E-002
 -9.311018005582206E-002
  6.258446498009373E-002
  5.431625074034041E-002
  4.964733543812139E-002
  6.399189632658597E-002
  4.287105663615931E-002
  3.969963111300945E-002
  3.960857528324446E-002
  3.025983079319128E-002
  3.936911679988764E-002
  4.987190615524462E-002
  4.838274075937110E-002
  4.435374904415512E-002
  5.307688888890261E-002
  4.712040734963463E-002
  4.454358815890447E-002
  5.828094060079247E-002
  3.770162971046520E-002
  6.128240804638840E-002
  4.524959398610551E-002
  4.672076779269674E-002
  3.611354101054165E-002
  4.362254786594022E-002
  3.997033690682361E-002
  3.939546799916460E-002
  2.596649962569364E-002
  3.691346908399562E-002
  3.978676213963195E-002
  2.807761577037737E-002
  4.295636299094008E-002
  5.509073359938621E-002
  5.486684966639588E-002
  6.178632556509400E-002
  5.267139953230593E-002
  5.830915974600037E-002
  5.588494795661025E-002
  5.438647549046394E-002
  5.878725385693995E-002
  3.434227153678338E-002
  4.258222239506582E-002
  4.407254079311551E-002
  4.303840823574012E-002
  4.014801949775593E-002
  3.752142854847340E-002
  2.992918599792005E-002
  2.795111142526208E-002
  2.973858564106691E-002
  4.383083025629042E-002
  3.457250232961817E-002
  3.914203041070063E-002
  3.390738769824297E-002
  2.579604038271466E-002
  3.753937172721555E-002
  3.841360618122713E-002
  4.081161808884048E-002
  3.008451173439042E-002
  3.294209239096924E-002
  3.252014286931992E-002
  3.175799100970811E-002
  3.122876477042080E-002
  3.804330712933057E-002
  2.979146130554722E-002
  3.700234696584326E-002
  3.465240100745726E-002
  3.326343856526370E-002
  4.598938442795875E-002
  2.331146782417692E-002
  3.639633436231104E-002
  3.299223741105617E-002
  4.079850908349758E-002
  3.297152744122456E-002
  3.512710261317886E-002
  3.355052843691708E-002
  2.491700641072858E-002
  4.552388759209336E-002
