 excitation energies, transition moments and TDA amplitudes
 state    eV      nm       fL        Rv(corr)
    1    2.214   560.1     0.6971    -1.9951     0.85( 143-> 144) -0.40( 142-> 146)  0.23( 142-> 144)
    2    2.256   549.6     0.1720     2.6976    -0.84( 142-> 144) -0.38( 143-> 146)  0.22( 143-> 144)
    3    3.280   378.1     0.0008   -37.6670    -0.92( 141-> 144)  0.22( 143-> 146)  0.19( 142-> 145)
    4    3.438   360.6     0.0149    -0.4889    -0.72( 143-> 147) -0.46( 143-> 148)  0.32( 143-> 145)
    5    3.612   343.3     0.0276    -5.1178     0.75( 140-> 144)  0.31( 143-> 146)  0.27( 143-> 147)
    6    3.713   333.9     0.0315    26.6083     0.54( 142-> 145)  0.52( 143-> 145) -0.29( 140-> 144)
    7    3.735   331.9     0.0269    -2.1787    -0.71( 143-> 145)  0.46( 142-> 145)  0.32( 143-> 146)
    8    3.825   324.1     0.0939   -26.1331     0.67( 142-> 147)  0.54( 142-> 148)  0.27( 143-> 146)
    9    4.047   306.4     0.0328    34.8365     0.50( 136-> 144) -0.39( 138-> 144)  0.33( 135-> 144)
