           6           1  0.398598197205091     
           7           2   1.34515768534706     
           7           6   1.24413865920833     
           8           7  0.967003302844302     
           9           8  0.937907343540015     
          10           3   1.45385990334097     
          10           6   1.21451468508491     
          10           9  0.962569955100686     
          11           9  0.949605812203090     
          12           8  0.933545016273261     
          13          12  0.969183119528528     
          14          13  0.927366094214972     
          15          14   1.79595804073497     
          16          14   1.10717324992010     
          17           1  0.520217659002188     
          18           3   1.23636662084592     
          18          17   1.11474051217262     
          19          18   1.21563730556486     
          20          19   1.44371557012050     
          21           4   1.24370096700528     
          21          17   1.25839684439657     
          21          20   1.12734845725656     
          22          19  0.974232217916510     
          23          20  0.910282874739236     
          24          23   1.87707761965516     
          25          23  0.972121523771690     
          26           1  0.382838958911972     
          27           4   1.42717325319005     
          27          26   1.24861560996732     
          28          27  0.945179017054108     
          29          28  0.934627069934620     
          30           5   1.42931445835455     
          30          26   1.22912355263521     
          30          29  0.938379218837700     
          31          28  0.952355519737350     
          32          29  0.935555576515881     
          33          32   1.00775334406615     
          34           1  0.474416317272240     
          35           5   1.29568736996499     
          35          34   1.17145836113343     
          36          35   1.13022583722252     
          37          36   1.37650585382456     
          38           2   1.25530154109158     
          38          34   1.23066524250780     
          38          37   1.12187831831708     
          39          36   1.00896073438494     
          40          37   1.11529150171087     
          41          40   1.76563385560505     
          42           2  0.913616812344853     
          42          40  0.879213371418200     
          43          42  0.945768754049089     
          44          43   1.84440590877259     
          45          43   1.04413893610894     
          46          45  0.964857374304650     
          47          16  0.954870629611976     
          48          47  0.972181505256356     
          49          48   1.93835766359665     
          50          49  0.965043898227781     
          51          49  0.941383456686186     
          52          51  0.981077739981497     
          53          52  0.987926905055543     
          54          53  0.941812544419663     
          55          54   1.00432853627291     
          56          54  0.964442857624003     
          57          56  0.972306643360986     
          58          57  0.979935504988884     
          59          58  0.983797537988179     
          60          59  0.955705449263344     
          61          59  0.965856677662532     
          62          61  0.983114323341755     
          63          62  0.973827200796964     
          64          63  0.974683429685401     
          65          64  0.969420495769673     
          66          64   1.00302959632165     
          67           3  0.932587144480505     
          68           4  0.936149865340191     
          69           5  0.935352669066399     
          70           8  0.933588697666614     
          71           9  0.945058980861148     
          72          11  0.979378884678661     
          73          11  0.977088437439594     
          74          11  0.981638543221369     
          75          12  0.965853218065125     
          76          12  0.955774003128337     
          77          13  0.959813462652533     
          78          13  0.964167287769371     
          79          22  0.975978097296958     
          80          22  0.969713548678183     
          81          22  0.973139355911059     
          82          25  0.948542812314967     
          83          25  0.965727879775758     
          84          25  0.967279581227972     
          85          28  0.947098779515051     
          86          29  0.942791028154509     
          87          31  0.979544203495090     
          88          31  0.981313455851337     
          89          31  0.978265434587854     
          90          32  0.963932030751095     
          91          32  0.968675136994005     
          92          33  0.981468102723485     
          93          33  0.982075014227940     
          94          33  0.979886260171389     
          95          39  0.977162844133354     
          96          39  0.960310937231621     
          97          39  0.962380561632711     
          98          42  0.925178633731729     
          99          46  0.982971069687027     
         100          46  0.984759411010182     
         101          46  0.988868362343000     
         102          47  0.960644238931637     
         103          47  0.958190503582205     
         104          48  0.936690848380094     
         105          50  0.973829026518324     
         106          50  0.971975436540350     
         107          50  0.979056596007584     
         108          51  0.958334586427099     
         109          51  0.964172195353797     
         110          52  0.968658331034282     
         111          52  0.967778575788775     
         112          53  0.967517895293226     
         113          53  0.965095887872579     
         114          54  0.954153401503573     
         115          55  0.975728527689494     
         116          55  0.972006441075507     
         117          55  0.978854874811200     
         118          56  0.962950390080282     
         119          56  0.964650307569453     
         120          57  0.961199717888349     
         121          57  0.967663145670045     
         122          58  0.960188489887628     
         123          58  0.960764976992420     
         124          59  0.955356888581544     
         125          60  0.981011732764855     
         126          60  0.982997508963970     
         127          60  0.984669868686625     
         128          61  0.961909680892189     
         129          61  0.960204465671110     
         130          62  0.965420153783426     
         131          62  0.966764389551898     
         132          63  0.965523564729211     
         133          63  0.961271890008144     
         134          64  0.955979950390846     
         135          65  0.980202168783511     
         136          65  0.981477247305105     
         137          65  0.984742676008859     
         138          66  0.977074039420383     
         139          66  0.980092611476860     
         140          66  0.970373345885012     
