  0.291956739488219     
  1.561786653921615E-002
 -1.364668765055566E-002
 -3.531082848598999E-002
 -4.185873352902814E-002
 -0.124467105248458     
  1.682672838690680E-002
 -6.087053547831900E-003
 -1.616435546437156E-002
  4.112718135877103E-002
 -8.558815963844246E-002
 -6.894337394841354E-002
 -5.974524479712873E-002
  0.207710452410312     
 -0.276072165422557     
 -0.139690464994656     
 -0.211482507184549     
  3.379453495845475E-002
  1.605578854158152E-002
 -6.748723395376288E-002
  3.178974856949202E-002
 -8.424263442888069E-002
  0.116367242939554     
 -0.243156490967498     
 -9.167314793457670E-002
 -0.192298467328349     
  3.515979361627952E-002
 -2.198380417482770E-002
 -2.956793428851068E-002
  2.380013902168931E-002
 -7.959133444637523E-002
 -4.896438358345900E-002
 -9.951956847989063E-002
 -0.209362391570564     
 -5.458015777242586E-003
  9.497992639730057E-003
 -5.465920446911987E-002
  1.535144092614837E-002
 -5.843579421098877E-002
  0.160131819692576     
 -0.236315648981805     
 -4.560608046852366E-002
  0.215162209600162     
 -0.302351276560342     
 -0.130704939755499     
  2.604490295193251E-002
  7.241209495173573E-002
 -8.520220920656918E-002
 -4.066080300883623E-002
 -0.108710356472991     
 -5.419876141244018E-002
 -4.559385615621281E-002
 -7.826298887202832E-002
 -3.601143102137794E-002
 -9.731439782108975E-002
 -6.504750692608052E-002
 -6.235252295535076E-002
 -8.829649099835013E-002
 -3.098802124368838E-002
 -0.101766849304042     
 -6.792946177268178E-002
 -5.542670110879033E-002
 -9.100326679389159E-002
 -1.153008754931317E-002
 -9.335483686745416E-002
 -9.733190257636171E-002
  5.254123438442571E-002
  6.097967840327578E-002
  5.846488173383080E-002
  5.676064547120574E-002
  4.999157138077570E-002
  4.004906233773187E-002
  3.623870542039942E-002
  4.753846467047729E-002
  3.270109733047322E-002
  4.566598169668867E-002
  5.046196801524561E-002
  4.132238090804474E-002
  4.679562612580757E-002
  4.798523250098830E-002
  5.143211729984110E-002
  5.526351720796185E-002
  4.187318561618303E-002
  4.724289359936173E-002
  5.266974492458931E-002
  4.972528289090605E-002
  4.855782325702807E-002
  3.791075513617481E-002
  4.376240865381742E-002
  4.859918300815391E-002
  4.015346173618173E-002
  3.009594647159464E-002
  3.387128059692768E-002
  2.768472232858765E-002
  5.632548572594254E-002
  4.990801911207610E-002
  6.143699820411197E-002
  6.501817085079808E-002
  5.202189288081027E-002
  5.585007686133214E-002
  5.128281086614439E-002
  6.058260089793388E-002
  5.943095071073046E-002
  2.698939480323259E-002
  3.898859683772860E-002
  3.599786340954736E-002
  3.599605520247773E-002
  4.436687316452070E-002
  4.763899850019992E-002
  3.979856472910803E-002
  4.120630526861147E-002
  2.701974142292074E-002
  3.020180657920180E-002
  2.599221016436848E-002
  3.316815428417330E-002
  3.336792962994495E-002
  3.776789413633408E-002
  4.596407995911789E-002
  3.540670790256928E-002
  3.403630665255941E-002
  3.966257409476304E-002
  2.121154150187432E-002
  3.162941440983336E-002
  2.449812706089227E-002
  2.916057763658209E-002
  3.347056342538834E-002
  4.532393377444743E-002
  3.557400773136232E-002
  3.250423362620358E-002
  4.112145939803324E-002
  4.041132776105338E-002
  9.735055612393628E-003
  4.361742629886600E-002
  1.954357641189552E-002
  3.540795273174668E-002
  4.096624108297775E-002
  3.220214069999283E-002
  2.910961628333986E-002
  3.209973120425225E-002
  4.325796415789007E-002
