 excitation energies, transition moments and TDA amplitudes
 state    eV      nm       fL        Rv(corr)
    1    2.182   568.2     0.8112    -3.3179    -0.88( 144-> 145)  0.36( 143-> 147)  0.12( 143-> 145)
    2    2.318   534.9     0.1578    -0.1100    -0.86( 143-> 145) -0.36( 144-> 147)  0.19( 140-> 145)
    3    3.235   383.2     0.0151     4.9503     0.94( 141-> 145) -0.15( 140-> 145) -0.12( 144-> 147)
    4    3.457   358.7     0.0010     0.5343    -0.66( 144-> 148)  0.55( 144-> 146) -0.37( 144-> 149)
    5    3.562   348.0     0.0220     6.7852    -0.79( 140-> 145) -0.38( 144-> 147)  0.23( 139-> 145)
    6    3.801   326.2     0.0590   -10.1367     0.72( 144-> 146)  0.53( 144-> 148)  0.20( 144-> 149)
    7    3.938   314.9     0.1674    19.6700     0.52( 144-> 147)  0.51( 143-> 148)  0.42( 143-> 149)
    8    3.943   314.5     0.0229    -2.6123    -0.73( 139-> 145)  0.50( 137-> 145) -0.20( 140-> 145)
    9    4.013   308.9     0.1266   -84.8729    -0.50( 143-> 148)  0.48( 143-> 146) -0.37( 143-> 147)
