           6           1  0.345580399759847     
           7           2   1.41919072753523     
           7           6   1.23917340456410     
           8           7  0.925922829158330     
           9           8  0.968519049882174     
          10           3   1.46747219721393     
          10           6   1.25391296773863     
          10           9  0.923390200640604     
          11           9  0.961033173717499     
          12           8  0.938763495262182     
          13          12  0.950150060489085     
          14          13  0.924104187583299     
          15          14   1.81094667485811     
          16          14   1.10619747093897     
          17           1  0.497443667107233     
          18           3   1.24488536264003     
          18          17   1.17212509598656     
          19          18   1.17896015694962     
          20          19   1.42314997775598     
          21           4   1.29295281446574     
          21          17   1.19442549139703     
          21          20   1.09868480283153     
          22          19   1.02678485729346     
          23          20  0.997112834851170     
          24          23   1.80843332773502     
          25          23  0.970991646880353     
          26           1  0.472388435588506     
          27           4   1.46101834402462     
          27          26   1.20751357265039     
          28          27  0.923882769631218     
          29          28  0.947011261466846     
          30           5   1.47299695982313     
          30          26   1.17203890700684     
          30          29  0.936908991784449     
          31          28  0.975710707720046     
          32          29  0.955213267705595     
          33          32   1.01301386851766     
          34           1  0.542947003187300     
          35           5   1.24194411731250     
          35          34   1.13174057407177     
          36          35   1.20037091592375     
          37          36   1.37679375995853     
          38           2   1.21369862029668     
          38          34   1.20196149794352     
          38          37   1.16901560125811     
          39          36   1.01794762027511     
          40          37   1.04682178404988     
          41          40   1.82472493747893     
          42           2  0.949235350611625     
          42          40  0.872299489945457     
          43          42  0.909456461891592     
          44          43   1.75969948741461     
          45          43   1.15006101633443     
          46          45  0.954538627682428     
          47          16  0.964308641749756     
          48          47  0.997729347452379     
          49          48   1.86932106492022     
          50          49   1.00228043569194     
          51          49  0.960596247063827     
          52          51  0.960592998819260     
          53          52  0.987205479410201     
          54          53  0.957324156874660     
          55          54  0.986490580292538     
          56          54  0.968552615483721     
          57          56  0.985360955371234     
          58          57  0.982908259532922     
          59          58  0.964311675375750     
          60          59  0.985239467804114     
          61          59  0.975424287628500     
          62          61  0.991793303549292     
          63          62  0.965849527221766     
          64          63  0.989110730599977     
          65          64  0.993081959982354     
          66          64  0.981316299804226     
          67           3  0.935537442924137     
          68           4  0.923244734670164     
          69           5  0.934219619929556     
          70           8  0.938327268429331     
          71           9  0.942145354123098     
          72          11  0.978066058587103     
          73          11  0.980762870003731     
          74          11  0.976029525559611     
          75          12  0.967140701595154     
          76          12  0.958126979065866     
          77          13  0.957625325921953     
          78          13  0.967080024239386     
          79          22  0.966075186261695     
          80          22  0.947476298965902     
          81          22  0.958129145183776     
          82          25  0.957599931061568     
          83          25  0.972031644970269     
          84          25  0.956273603409379     
          85          28  0.937714719153481     
          86          29  0.931519992894442     
          87          31  0.979144035521606     
          88          31  0.978713272083469     
          89          31  0.977433837543881     
          90          32  0.957139845232939     
          91          32  0.963315377675413     
          92          33  0.982254922400515     
          93          33  0.980974152833582     
          94          33  0.972669027479505     
          95          39  0.963284514842361     
          96          39  0.972629619941428     
          97          39  0.950325828494563     
          98          42  0.917858532991948     
          99          46  0.986414582572578     
         100          46  0.981952511570636     
         101          46  0.989119924042753     
         102          47  0.955821654639100     
         103          47  0.954699270790931     
         104          48  0.945582994881924     
         105          50  0.970914018219548     
         106          50  0.964473730376898     
         107          50  0.965974989217277     
         108          51  0.961506739557268     
         109          51  0.958491653407357     
         110          52  0.969013204214519     
         111          52  0.966183650059845     
         112          53  0.965022188284310     
         113          53  0.963292093785253     
         114          54  0.957010378554535     
         115          55  0.976276411080832     
         116          55  0.978003465261077     
         117          55  0.981531343836113     
         118          56  0.958985038403923     
         119          56  0.962260293246100     
         120          57  0.970842733326373     
         121          57  0.965297602044872     
         122          58  0.964848281290488     
         123          58  0.966070583251970     
         124          59  0.954785894524696     
         125          60  0.982197403894654     
         126          60  0.976470619526582     
         127          60  0.975364673919318     
         128          61  0.957995937057528     
         129          61  0.957899900164059     
         130          62  0.965240385213005     
         131          62  0.968245866956813     
         132          63  0.966099187929045     
         133          63  0.953164398189441     
         134          64  0.954879404249056     
         135          65  0.977291080662971     
         136          65  0.975883626440403     
         137          65  0.979644155866656     
         138          66  0.977299445304714     
         139          66  0.979045954525414     
         140          66  0.979381132640294     
