  0.315970308650219     
  1.824287258762425E-002
 -2.839896239907613E-002
 -3.920498104293024E-002
 -5.217961383592495E-002
 -0.152945672237315     
  2.893249556872224E-002
 -3.074984079740961E-002
 -1.996386577984222E-002
  4.451758221706692E-002
 -0.108274740010930     
 -5.920112279223932E-002
 -5.938245824617550E-002
  0.219947006200392     
 -0.287223976328046     
 -0.144278080253192     
 -0.220017002909510     
  2.285678630744847E-002
 -2.798581523927979E-003
 -5.447365008379101E-002
  3.581317323501709E-002
 -8.049769775248095E-002
  0.138749981244750     
 -0.233256874254641     
 -0.100652719816334     
 -0.180912836559889     
  4.428651159885044E-002
 -2.254246274507210E-002
 -1.781849047245121E-002
  2.781807902847744E-002
 -8.528411658698598E-002
 -3.439263462698072E-002
 -8.012302252283110E-002
 -0.211080636922738     
  4.837197586668918E-002
 -1.787454034943803E-002
 -7.219250129059063E-002
  2.798490663352693E-002
 -5.808281414543348E-002
  0.160340875076808     
 -0.230895929920338     
 -4.385643440658971E-002
  0.235555371437711     
 -0.250079681459349     
 -0.147997179158740     
  7.232967609859475E-003
  6.222666388325360E-002
 -7.681249007207391E-002
 -3.526675131283952E-002
 -9.379518244797858E-002
 -6.253148403317610E-002
 -6.244709685504901E-002
 -6.595155682503950E-002
 -2.764916924146288E-002
 -0.110604067881637     
 -7.385554774351721E-002
 -6.417168732399148E-002
 -7.080128901370042E-002
 -2.458311781324873E-002
 -9.715517124627038E-002
 -7.006554232275430E-002
 -5.220377443334723E-002
 -7.164369520540337E-002
 -3.519131036592427E-002
 -9.430560736437155E-002
 -0.118270268551131     
  4.587140165905657E-002
  6.012613201514128E-002
  5.709006051629795E-002
  5.857358200243679E-002
  5.587210904563344E-002
  3.742247413217104E-002
  2.920946610450925E-002
  4.078613368282913E-002
  3.216562505059639E-002
  3.889882651666488E-002
  4.887726402720827E-002
  4.651244625317419E-002
  5.400466133033477E-002
  5.053591809075597E-002
  4.380751588643395E-002
  4.317481883154528E-002
  4.725706171549937E-002
  3.903991456334177E-002
  5.105687555616312E-002
  5.084041704478126E-002
  4.759223841384708E-002
  3.326963578284248E-002
  3.836048607832732E-002
  2.860328957451830E-002
  4.000000025002071E-002
  3.081994378581909E-002
  3.686724676029207E-002
  3.633848488394065E-002
  4.780977577090073E-002
  5.005850112275367E-002
  5.628581510326414E-002
  5.816676148236599E-002
  4.290949233442454E-002
  6.149402566492157E-002
  5.206447827176597E-002
  4.865496474618913E-002
  7.703436571546496E-002
  3.341044287277506E-002
  4.704214951538821E-002
  4.018126677958800E-002
  3.806769878643246E-002
  5.004391783106377E-002
  3.691441270005136E-002
  3.826062112889461E-002
  3.290448747034413E-002
  3.199488303408260E-002
  3.760756217704975E-002
  3.889368806865801E-002
  3.143924839767565E-002
  2.903467651345326E-002
  3.366725889108257E-002
  2.724539069871335E-002
  2.966534331370341E-002
  2.118970527729014E-002
  3.193715573345524E-002
  3.424831813112761E-002
  2.941062881914946E-002
  2.874339374543577E-002
  4.084573629103261E-002
  3.917375386024324E-002
  2.878513259062920E-002
  2.490237357176539E-002
  3.697340322738418E-002
  3.790961440304486E-002
  3.532684296520938E-002
  3.718440847480398E-002
  2.882528578037713E-002
  3.395419999607685E-002
  4.501089678614034E-002
  3.294005298299618E-002
  4.324411688282048E-002
  2.745021533748115E-002
  3.376094973040267E-002
  2.944893160564155E-002
