 excitation energies, transition moments and TDA amplitudes
 state    eV      nm       fL        Rv(corr)
    1    2.222   558.1     0.7143    -1.5738    -0.86( 142-> 143)  0.41( 141-> 145) -0.18( 141-> 143)
    2    2.310   536.7     0.1414    -5.2487    -0.85( 141-> 143) -0.37( 142-> 145)  0.18( 139-> 143)
    3    3.149   393.7     0.0017   -14.6356     0.89( 140-> 143) -0.35( 139-> 143) -0.12( 139-> 144)
    4    3.481   356.1     0.0221     9.6606    -0.74( 139-> 143) -0.38( 142-> 145) -0.32( 137-> 143)
    5    3.703   334.8     0.0638    -0.8052     0.61( 142-> 146) -0.52( 142-> 144)  0.45( 142-> 147)
    6    3.805   325.8     0.0540     4.8260     0.74( 142-> 144)  0.56( 142-> 146)  0.13( 142-> 147)
    7    3.876   319.8     0.2009   -37.3430     0.52( 141-> 146) -0.48( 142-> 145)  0.40( 141-> 147)
    8    4.034   307.4     0.0078    70.1410     0.76( 141-> 144)  0.38( 141-> 146) -0.27( 135-> 143)
    9    4.142   299.4     0.0228    -7.2836     0.76( 137-> 143) -0.33( 139-> 143) -0.30( 136-> 143)
