           6           1  0.305098276908132     
           7           2   1.39350471257366     
           7           6   1.25466244237849     
           8           7  0.910579255549703     
           9           8  0.949401502300749     
          10           3   1.37846425737249     
          10           6   1.30538106790600     
          10           9  0.932758553135155     
          11           9  0.966209003200092     
          12           8  0.950722597950934     
          13          12  0.970165458163589     
          14          13  0.951039517447523     
          15          14   1.80194332092134     
          16          14   1.08275777723271     
          17           1  0.534809616085745     
          18           3   1.31052027323062     
          18          17   1.09618955420455     
          19          18   1.21634116637243     
          20          19   1.42614361775194     
          21           4   1.27049580995813     
          21          17   1.21073696396274     
          21          20   1.12628911506183     
          22          19  0.988906177504659     
          23          20  0.959661691458976     
          24          23   1.86136325662940     
          25          23  0.950928275517843     
          26           1  0.460525884988241     
          27           4   1.41335076303478     
          27          26   1.25724700834161     
          28          27  0.927280845042944     
          29          28  0.955978473160233     
          30           5   1.51001478610803     
          30          26   1.15709956203716     
          30          29  0.930552811060483     
          31          28  0.968302091448140     
          32          29  0.950274635820274     
          33          32   1.02394341254074     
          34           1  0.503766154629386     
          35           5   1.19389882909782     
          35          34   1.24891022165487     
          36          35   1.17117170370637     
          37          36   1.32231872869509     
          38           2   1.25654418749962     
          38          34   1.12535823185587     
          38          37   1.21143431735908     
          39          36   1.02341269935498     
          40          37   1.04884721132409     
          41          40   1.82891527912314     
          42           2  0.951790190686340     
          42          40  0.870069889489261     
          43          42  0.884082668878147     
          44          43   1.84973949290835     
          45          43   1.08038948636566     
          46          45  0.967238925012700     
          47          16  0.953291320254850     
          48          47  0.996652917387676     
          49          48   1.88191626663142     
          50          49  0.983622060124852     
          51          49  0.969252832757543     
          52          51  0.945107599595721     
          53          52  0.997084465921005     
          54          53  0.978614533840557     
          55          54  0.980907596417077     
          56          54  0.954372409869619     
          57          56   1.00073163492605     
          58          57  0.975437279503621     
          59          58  0.978890741973363     
          60          59  0.984627624193885     
          61          59  0.959661047734146     
          62          61  0.985317631055527     
          63          62  0.993570357449640     
          64          63  0.962164939695813     
          65          64  0.988539213715079     
          66          64  0.975318817023586     
          67           3  0.933130978221737     
          68           4  0.928885461861485     
          69           5  0.932826532640079     
          70           8  0.939685463343434     
          71           9  0.944543581700739     
          72          11  0.975363691195644     
          73          11  0.978334211118316     
          74          11  0.973587502301811     
          75          12  0.968403894644393     
          76          12  0.960062242630734     
          77          13  0.948505844937506     
          78          13  0.944028902772017     
          79          22  0.973212908852171     
          80          22  0.966941461750294     
          81          22  0.961660315242299     
          82          25  0.963724651265436     
          83          25  0.972001342495394     
          84          25  0.961363955405116     
          85          28  0.936203555804116     
          86          29  0.934724720705114     
          87          31  0.973368998015220     
          88          31  0.980437667867042     
          89          31  0.981504304531331     
          90          32  0.965683358269884     
          91          32  0.962124290505362     
          92          33  0.980401283599301     
          93          33  0.976974871386363     
          94          33  0.974135422001839     
          95          39  0.961669713697998     
          96          39  0.958888399184707     
          97          39  0.967200491350459     
          98          42  0.924714706673148     
          99          46  0.990042993066347     
         100          46  0.977570781942040     
         101          46  0.985357018785190     
         102          47  0.961251257052350     
         103          47  0.949543725372962     
         104          48  0.942882045541169     
         105          50  0.978960283114311     
         106          50  0.968474723866473     
         107          50  0.973697585810115     
         108          51  0.960980447199101     
         109          51  0.966607088475406     
         110          52  0.966438268154667     
         111          52  0.964638839002224     
         112          53  0.950969543335900     
         113          53  0.954046043005103     
         114          54  0.947394167923406     
         115          55  0.981658170965081     
         116          55  0.974641386378500     
         117          55  0.976522630529281     
         118          56  0.962087510113759     
         119          56  0.963098430238942     
         120          57  0.971028342496173     
         121          57  0.958872428404317     
         122          58  0.954359225802622     
         123          58  0.963555317971499     
         124          59  0.948540246496311     
         125          60  0.980726496718349     
         126          60  0.975017316334650     
         127          60  0.978372866622306     
         128          61  0.967456190420453     
         129          61  0.955872346460555     
         130          62  0.962429933744230     
         131          62  0.963473095535294     
         132          63  0.954042722447599     
         133          63  0.966213713229127     
         134          64  0.959095646825609     
         135          65  0.980198587386840     
         136          65  0.977568555504235     
         137          65  0.977815911497839     
         138          66  0.984188309599218     
         139          66  0.978991272460161     
         140          66  0.978835814388909     
