  0.288015399771268     
  1.887764665749359E-002
 -4.289500757928799E-002
 -2.173102975109220E-002
 -1.296103717886332E-002
 -0.141269961197125     
  4.961136123377852E-002
 -2.438265361050984E-002
 -1.902634177682128E-002
  7.735688854802358E-003
 -8.661064796943307E-002
 -4.301179929973475E-002
 -5.596963045471082E-002
  0.232527567715514     
 -0.304376159332995     
 -0.158732051838338     
 -0.237389552408094     
  2.303574695744803E-002
 -7.972120806235150E-002
 -5.588830704574210E-002
  4.402724799672209E-002
 -7.012812360876275E-002
  0.119562167057186     
 -0.265646453178835     
 -7.147779094733409E-002
 -0.174755869248297     
  6.605141508218848E-002
 -5.574745527667346E-003
 -3.399706267031277E-002
  4.610858918226368E-002
 -9.756491814238721E-002
 -4.212427973427246E-002
 -9.532766935963366E-002
 -0.216374166876761     
  2.588618986692204E-002
  2.494531539527767E-002
 -5.316189281402206E-002
  4.291973954215722E-002
 -5.245639788540135E-002
  0.131190617883825     
 -0.246523614218068     
 -5.010941119201640E-002
  0.217042031159342     
 -0.273223664987390     
 -0.135375537597813     
  2.046425052061496E-002
  5.982013289356569E-002
 -6.739381453400917E-002
 -1.210948768934195E-002
 -8.845620582350477E-002
 -7.269762551822279E-002
 -6.762888917341581E-002
 -7.982910706447122E-002
 -4.282582872150176E-002
 -0.110102049660475     
 -5.872637955180160E-002
 -5.119169457591166E-002
 -7.495417234812773E-002
 -3.125680100428951E-002
 -0.103960492279590     
 -5.298872459681814E-002
 -5.070819045206054E-002
 -6.427950653112280E-002
 -3.197934971006688E-002
 -0.108757150695396     
 -0.108506718405359     
  6.179055984998627E-002
  5.212155279251429E-002
  5.395760956916451E-002
  4.544160279149345E-002
  4.825567290882982E-002
  4.178530927172364E-002
  4.181841235615680E-002
  3.454551163168718E-002
  3.970334527102870E-002
  5.413812152547659E-002
  3.683281043966313E-002
  5.436550775098004E-002
  4.856918523451204E-002
  4.627595830569264E-002
  5.352808826547051E-002
  5.673867817425393E-002
  5.296011183849325E-002
  4.902543899382050E-002
  5.063216795886571E-002
  4.695160854781000E-002
  3.932002230844722E-002
  3.187819522922131E-002
  3.453945516496826E-002
  3.879602883573052E-002
  3.628293580148245E-002
  2.716872575380558E-002
  3.607157113368686E-002
  4.104832570082029E-002
  5.788605481833697E-002
  5.050899671052089E-002
  6.310823004524402E-002
  5.000137407557592E-002
  5.029730332992455E-002
  5.684002417184597E-002
  6.253166464664539E-002
  7.107140286994873E-002
  4.656999264468797E-002
  4.017478806800867E-002
  3.208010481233192E-002
  4.893405566151743E-002
  3.957280030629728E-002
  4.078001119056407E-002
  3.457080143936386E-002
  3.743964301061298E-002
  4.039481064054617E-002
  2.545254855431411E-002
  3.659377962135868E-002
  2.060173677097854E-002
  3.412031855691178E-002
  4.354583408510904E-002
  3.492665608197365E-002
  2.231990296328457E-002
  4.327882119293547E-002
  3.535929515435010E-002
  3.237718680728463E-002
  3.799122557876011E-002
  1.526891733154567E-002
  2.102662613726103E-002
  1.983329645309795E-002
  3.433196701903074E-002
  4.245455491181915E-002
  3.851854152737444E-002
  4.040122155401615E-002
  3.284873640396557E-002
  4.049138396647256E-002
  3.846322135227398E-002
  2.417875334541830E-002
  2.093491436291650E-002
  4.036891685792132E-002
  2.669987619684056E-002
  3.760423415281977E-002
  2.675194105904188E-002
  3.555202964339366E-002
  4.871705656900960E-002
