 excitation energies, transition moments and TDA amplitudes
 state    eV      nm       fL        Rv(corr)
    1    2.084   594.9     0.0708     1.9420    -0.80( 142-> 144)  0.45( 141-> 144) -0.29( 143-> 146)
    2    2.236   554.4     0.7625    -5.8765    -0.87( 143-> 144)  0.41( 142-> 146)  0.13( 142-> 144)
    3    2.697   459.7     0.0641     1.4978     0.83( 141-> 144)  0.35( 142-> 144)  0.31( 143-> 146)
    4    3.490   355.2     0.0089    -1.5331    -0.75( 140-> 144) -0.32( 143-> 145)  0.30( 143-> 146)
    5    3.612   343.2     0.0495    -1.3748    -0.78( 143-> 145) -0.30( 143-> 146)  0.27( 143-> 147)
    6    3.821   324.4     0.2273   -10.5233    -0.62( 143-> 147)  0.40( 143-> 149) -0.39( 143-> 145)
    7    3.840   322.8     0.2368   -50.6477    -0.45( 143-> 147)  0.45( 142-> 145) -0.32( 143-> 146)
    8    3.949   313.9     0.0097    24.6433     0.69( 137-> 144) -0.27( 142-> 145) -0.26( 135-> 144)
    9    4.103   302.2     0.3352     8.8971    -0.42( 142-> 145) -0.40( 143-> 146) -0.39( 142-> 149)
