           6           1  0.353727027968145     
           7           2   1.38344002722465     
           7           6   1.31338259212317     
           8           7  0.913190768189729     
           9           8  0.945088414097040     
          10           3   1.44050609564679     
          10           6   1.18088167708973     
          10           9  0.948815491884547     
          11           9  0.973081117216413     
          12           8  0.953827857269609     
          13          12  0.975367512199279     
          14          13  0.979885629105201     
          15          14   1.78078156078426     
          16          14   1.08460158999704     
          17           1  0.567984733546206     
          18           3   1.26029061069835     
          18          17   1.15589957567740     
          19          18   1.21316321811310     
          20          19   1.30132611654200     
          21           4   1.25854044216252     
          21          17   1.13598243966854     
          21          20   1.18582040236413     
          22          19   1.00325568323361     
          23          20   1.05173134912614     
          24          23   1.74684228067728     
          25          23  0.994166524808787     
          26           1  0.448221391657872     
          27           4   1.47220764260837     
          27          26   1.22942902431148     
          28          27  0.940344543930019     
          29          28  0.941487151713390     
          30           5   1.51210660813569     
          30          26   1.15539809078564     
          30          29  0.920887192377244     
          31          28  0.973881663924184     
          32          29  0.959358149319975     
          33          32   1.01257591486199     
          34           1  0.459440721113684     
          35           5   1.27632456595896     
          35          34   1.13534209440900     
          36          35   1.14090619297099     
          37          36   1.39797038970013     
          38           2   1.22451881049607     
          38          34   1.26215546134371     
          38          37   1.12231872640028     
          39          36   1.03336439519715     
          40          37   1.07059756388464     
          41          40   1.81300455384372     
          42           2  0.950956322474087     
          42          40  0.849441360847501     
          43          42  0.917592202650534     
          44          43   1.78173021832635     
          45          43   1.13215744688930     
          46          45  0.953927142661162     
          47          16  0.949094670312785     
          48          47   1.01575263918092     
          49          48   1.85219542451482     
          50          49   1.00098244431891     
          51          49  0.977152296046862     
          52          51  0.958634768908062     
          53          52  0.980100747901871     
          54          53  0.964147726599061     
          55          54  0.971108548913638     
          56          54  0.960509162912784     
          57          56  0.982424775756559     
          58          57  0.990946233939818     
          59          58  0.953080363075315     
          60          59  0.979926315377045     
          61          59  0.961105819319594     
          62          61  0.983723043189477     
          63          62  0.985210260692333     
          64          63  0.964207655499053     
          65          64  0.985980573525663     
          66          64  0.983623207499976     
          67           3  0.934402796786644     
          68           4  0.921276238848412     
          69           5  0.920602278868877     
          70           8  0.944581697407583     
          71           9  0.944865301767242     
          72          11  0.975795143152161     
          73          11  0.969407489218080     
          74          11  0.978798730812309     
          75          12  0.969024457676191     
          76          12  0.958915435739558     
          77          13  0.951843375573355     
          78          13  0.931203013391970     
          79          22  0.972440080231260     
          80          22  0.963311965974600     
          81          22  0.962402465426352     
          82          25  0.950559790376153     
          83          25  0.969876702141883     
          84          25  0.958011660177721     
          85          28  0.943896851143858     
          86          29  0.937073728908619     
          87          31  0.978466305157411     
          88          31  0.976439067433505     
          89          31  0.972750258655198     
          90          32  0.967329746663249     
          91          32  0.965417537646186     
          92          33  0.986610179171869     
          93          33  0.978799555863358     
          94          33  0.970372291477880     
          95          39  0.960122329910263     
          96          39  0.968775783543848     
          97          39  0.946313285303875     
          98          42  0.930972012807351     
          99          46  0.988525845165345     
         100          46  0.983817655513271     
         101          46  0.977867790124810     
         102          47  0.943368774277772     
         103          47  0.956001903665577     
         104          48  0.933309624932710     
         105          50  0.971906023242512     
         106          50  0.966293589134015     
         107          50  0.968244001540869     
         108          51  0.953564340188017     
         109          51  0.958869347055693     
         110          52  0.973348800503146     
         111          52  0.968559433397493     
         112          53  0.968042716883827     
         113          53  0.967107794415785     
         114          54  0.961507073069864     
         115          55  0.980632707598327     
         116          55  0.981706844872520     
         117          55  0.979214172661293     
         118          56  0.973054641637580     
         119          56  0.958394306577611     
         120          57  0.961639145593055     
         121          57  0.970027017316533     
         122          58  0.962844377476716     
         123          58  0.967676142053580     
         124          59  0.960233486164556     
         125          60  0.984995566196150     
         126          60  0.977737980217756     
         127          60  0.976725233702103     
         128          61  0.962469606257167     
         129          61  0.963478487589418     
         130          62  0.965928533258715     
         131          62  0.966675031866779     
         132          63  0.965371636693753     
         133          63  0.965877923102738     
         134          64  0.964948311097473     
         135          65  0.979709559860985     
         136          65  0.979245555145676     
         137          65  0.977770753490606     
         138          66  0.979041636702764     
         139          66  0.979838602343296     
         140          66  0.972713372645710     
