  0.323904312216018     
 -1.073753651563258E-003
 -4.534987356444020E-002
 -3.928613031688855E-002
 -3.571326196004510E-002
 -0.171575556769814     
  4.373073275214034E-002
 -1.430270533717515E-002
 -8.786833788010817E-003
  4.194339923682788E-002
 -9.337730644910636E-002
 -6.170981790646124E-002
 -4.514502402162002E-002
  0.167110089731715     
 -0.268482504578468     
 -0.144531328998070     
 -0.248140391116230     
  2.100221890058984E-002
 -5.017666808280019E-002
 -7.378768106877143E-002
  6.142865284606680E-002
 -7.134112986418195E-002
  0.149023999279643     
 -0.236540866950502     
 -0.104406676994376     
 -0.180873952751564     
  4.187619637200068E-002
 -1.877541336196309E-002
 -3.333637284446489E-002
  3.684899289731192E-002
 -9.687855214153629E-002
 -5.464074092093618E-002
 -8.307129159122972E-002
 -0.209695764782430     
  5.936261118793240E-002
  7.782689644175278E-003
 -4.545310817015924E-002
  2.625576585372436E-002
 -6.543453418404610E-002
  0.155199067876981     
 -0.232587943805734     
 -3.838452467605524E-002
  0.243713778377886     
 -0.239317850452974     
 -0.181529730295220     
  5.349938191939518E-003
  5.362981927135779E-002
 -7.945099998013738E-002
 -2.537588394912671E-002
 -9.640761507801976E-002
 -5.513699215293677E-002
 -4.291918592984612E-002
 -7.485291895618040E-002
 -2.210272861996199E-002
 -9.868474374185610E-002
 -7.010709850152264E-002
 -8.116229567554001E-002
 -6.633084554471491E-002
 -2.386863165420827E-002
 -0.104676523157346     
 -8.238254407185863E-002
 -8.361632786801110E-002
 -6.167287097885321E-002
 -1.702972674591230E-002
 -9.452815364996958E-002
 -0.113631770494647     
  5.613054442147236E-002
  6.070290467041684E-002
  5.005351558032933E-002
  6.987845118277414E-002
  4.439544537227336E-002
  4.121279057962235E-002
  3.132615549563655E-002
  3.746258551903303E-002
  3.890782651168101E-002
  4.265771108956040E-002
  4.806729207284854E-002
  5.141601868904977E-002
  5.712418637334959E-002
  5.214499616816926E-002
  4.267219938181588E-002
  4.674151707996810E-002
  3.085079982278427E-002
  4.935638525248931E-002
  6.255665344033978E-002
  5.481851930790227E-002
  3.860235649984955E-002
  4.472044615261039E-002
  3.207480080006919E-002
  2.828854108703238E-002
  3.976351694995650E-002
  3.741483749955965E-002
  4.042923770149698E-002
  4.638050621327761E-002
  4.897139664087113E-002
  4.934287866100673E-002
  4.420463252843010E-002
  6.041254356166970E-002
  4.891747931209511E-002
  5.738758157868962E-002
  4.668110571913220E-002
  4.790436777628371E-002
  7.429167501351863E-002
  3.261115714832841E-002
  4.833023165776618E-002
  3.913513004704539E-002
  4.853349345595293E-002
  3.488624755082392E-002
  3.753992685401786E-002
  3.680809580585098E-002
  3.708625152448364E-002
  4.220113780035584E-002
  1.468059760276863E-002
  2.102703738739253E-002
  2.595790729739111E-002
  3.751554850484917E-002
  3.647105512541804E-002
  3.552221310175441E-002
  3.256867338367331E-002
  1.481055376366502E-002
  3.432923153650225E-002
  3.212637660659312E-002
  5.122885177463210E-002
  5.132343007716822E-002
  4.261009190321818E-002
  3.392273745352081E-002
  4.257914672557661E-002
  2.627181131537315E-002
  3.600136944657795E-002
  2.629973746392156E-002
  2.980065704165180E-002
  2.701522386287614E-002
  4.279503453793598E-002
  3.384258197459966E-002
  4.029870558942183E-002
  2.608467831865657E-002
  4.139661888000323E-002
  3.246450813935209E-002
  3.538250542408217E-002
  3.375992572099884E-002
