 excitation energies, transition moments and TDA amplitudes
 state    eV      nm       fL        Rv(corr)
    1    2.333   531.4     0.6824    -1.9927     0.87( 142-> 143) -0.40( 141-> 145) -0.14( 140-> 143)
    2    2.429   510.4     0.1952     2.5268     0.83( 141-> 143)  0.39( 142-> 145)  0.25( 140-> 143)
    3    2.886   429.7     0.0586     8.8417    -0.92( 140-> 143)  0.21( 141-> 143)  0.16( 142-> 145)
    4    3.548   349.4     0.0084     4.1472    -0.71( 139-> 143) -0.62( 138-> 143) -0.17( 142-> 145)
    5    3.779   328.1     0.0462    -3.9005    -0.72( 142-> 144)  0.44( 141-> 144) -0.24( 138-> 143)
    6    3.854   321.7     0.1440     9.2902     0.53( 136-> 143) -0.44( 142-> 144)  0.39( 138-> 143)
    7    4.086   303.4     0.1477    -8.4747     0.62( 141-> 144)  0.37( 142-> 144)  0.33( 142-> 145)
    8    4.227   293.3     0.0092     1.9660     0.54( 134-> 143)  0.44( 133-> 144) -0.42( 133-> 143)
    9    4.275   290.1     0.0066    -5.5121     0.89( 142-> 149) -0.28( 141-> 149) -0.24( 142-> 148)
