           6           1  0.374135144866015     
           7           2   1.35536516055869     
           7           6   1.31768659830231     
           8           7  0.905159190363220     
           9           8  0.974163827020956     
          10           3   1.51899079378511     
          10           6   1.16963705203648     
          10           9  0.944613440414785     
          11           9  0.963491880896166     
          12           8  0.957576417775921     
          13          12  0.948656633843771     
          14          13  0.940139022469083     
          15          14   1.78223812614479     
          16          14   1.11299190721338     
          17           1  0.601828514862830     
          18           3   1.15424343359483     
          18          17   1.18569961846639     
          19          18   1.25857521303147     
          20          19   1.34019762127298     
          21           4   1.30487213952323     
          21          17   1.12318236514991     
          21          20   1.19941435322397     
          22          19   1.00382264462461     
          23          20  0.968522432144091     
          24          23   1.86026583417815     
          25          23  0.951737524929158     
          26           1  0.322272457892248     
          27           4   1.37883608775414     
          27          26   1.32525197213627     
          28          27  0.904941578593370     
          29          28  0.965127125921582     
          30           5   1.44965705880930     
          30          26   1.23242896789830     
          30          29  0.905248035029900     
          31          28  0.967437346553351     
          32          29  0.953720295935053     
          33          32   1.01002613317406     
          34           1  0.494003731119603     
          35           5   1.27339383748441     
          35          34   1.18420141624288     
          36          35   1.17475959194856     
          37          36   1.38191884723645     
          38           2   1.26638375528526     
          38          34   1.16232041566042     
          38          37   1.15691669609720     
          39          36  0.993100322932423     
          40          37   1.07777927628197     
          41          40   1.82091460867516     
          42           2  0.937476651711665     
          42          40  0.845508138086392     
          43          42  0.916003652856448     
          44          43   1.87710477585159     
          45          43   1.03088141578761     
          46          45  0.973327496085134     
          47          16  0.934984923005295     
          48          47  0.980291712115363     
          49          48   1.90292756539714     
          50          49  0.966029645514360     
          51          49  0.947799161405197     
          52          51  0.989048518795945     
          53          52  0.970508120823847     
          54          53  0.971939340050419     
          55          54  0.983173375869114     
          56          54  0.962594258725560     
          57          56  0.984516428481758     
          58          57  0.990815578174334     
          59          58  0.952011291797749     
          60          59  0.978472680225427     
          61          59  0.978138445253837     
          62          61  0.981182390963669     
          63          62  0.974298385482809     
          64          63  0.971952485866500     
          65          64  0.988569409659310     
          66          64  0.980690793761450     
          67           3  0.935077088553365     
          68           4  0.929944670126213     
          69           5  0.935142748612317     
          70           8  0.929279763082027     
          71           9  0.935395204051955     
          72          11  0.974654535156769     
          73          11  0.980238860568139     
          74          11  0.974781923681944     
          75          12  0.962912439900562     
          76          12  0.962959070416102     
          77          13  0.965422241504919     
          78          13  0.965156459613300     
          79          22  0.970137599928417     
          80          22  0.958205341133076     
          81          22  0.967638805036800     
          82          25  0.956924792052767     
          83          25  0.969835097664810     
          84          25  0.969855806203386     
          85          28  0.941911634484769     
          86          29  0.939559389662949     
          87          31  0.977043946572778     
          88          31  0.975430361915393     
          89          31  0.980628165854508     
          90          32  0.964763204861960     
          91          32  0.965009058342361     
          92          33  0.982385796404700     
          93          33  0.972601158552134     
          94          33  0.979128650428722     
          95          39  0.963476611561051     
          96          39  0.977278843252559     
          97          39  0.973052706572611     
          98          42  0.930904257575482     
          99          46  0.985415415311683     
         100          46  0.980995418950485     
         101          46  0.990748887161464     
         102          47  0.970648756358513     
         103          47  0.959139454421820     
         104          48  0.942986541337618     
         105          50  0.972716576877661     
         106          50  0.974098820976034     
         107          50  0.977869339156230     
         108          51  0.963194385922855     
         109          51  0.957685833541025     
         110          52  0.970435550671618     
         111          52  0.969936370332716     
         112          53  0.957257296910956     
         113          53  0.973936998028611     
         114          54  0.956549576344049     
         115          55  0.979356867487167     
         116          55  0.981433697672712     
         117          55  0.976677605499416     
         118          56  0.962708387108035     
         119          56  0.961002447463056     
         120          57  0.959826139850741     
         121          57  0.954965957943159     
         122          58  0.965034343296673     
         123          58  0.959376433571302     
         124          59  0.949559663711302     
         125          60  0.980090217313187     
         126          60  0.978985110337232     
         127          60  0.973047183561186     
         128          61  0.956284231867009     
         129          61  0.962197169698561     
         130          62  0.970554493221004     
         131          62  0.963952179633529     
         132          63  0.967816047615181     
         133          63  0.963849022177151     
         134          64  0.958173412347907     
         135          65  0.977890343868963     
         136          65  0.984173132795502     
         137          65  0.976341984355238     
         138          66  0.978800741699028     
         139          66  0.982118361453517     
         140          66  0.976710732315023     
