  0.302672451621402     
  6.193037030552961E-003
 -4.848854092789789E-002
 -3.004436143982581E-002
 -4.187413201857293E-002
 -0.166435879689247     
  2.305709320462057E-002
 -2.493837274971256E-002
 -1.519968563329677E-002
  4.577611908087897E-002
 -7.902678743811897E-002
 -6.403039938302779E-002
 -4.787015953010698E-002
  0.207429655463895     
 -0.260784446112422     
 -0.166096416515986     
 -0.206043018085429     
  2.508173256595558E-002
 -3.731936551664639E-002
 -6.466922829345734E-002
  4.254920602008294E-002
 -7.439907237153776E-002
  0.143464491127887     
 -0.250826728445656     
 -8.658039664848172E-002
 -0.161942585535176     
  5.633842329288052E-002
 -1.724653378289531E-002
 -2.211359567343418E-002
  2.750039445965147E-002
 -8.825268790428353E-002
 -3.928731140195296E-002
 -8.385040120140541E-002
 -0.205827588458165     
  2.915275002611617E-002
 -8.563192120880636E-003
 -6.529073808281272E-002
  5.481305417693028E-002
 -6.229853136518937E-002
  0.161217753913300     
 -0.198003223486448     
 -4.564488811764544E-002
  0.212982782287171     
 -0.292002946691285     
 -0.145835977107899     
  6.239104764522718E-003
  4.459619055143094E-002
 -7.031198820139295E-002
 -1.135813622722814E-002
 -8.758205631062932E-002
 -7.066775463488728E-002
 -6.019738871551361E-002
 -7.836396797828282E-002
 -4.548243244422423E-002
 -9.035819973327808E-002
 -8.481444027260387E-002
 -5.138781618063426E-002
 -5.685687006737972E-002
 -3.095393031022109E-002
 -0.125858110924112     
 -6.652445061274559E-002
 -6.517299777581531E-002
 -7.636456614071196E-002
 -1.530866391011543E-002
 -0.117305896996946     
 -9.551699967907545E-002
  4.906339004327154E-002
  5.707455747546342E-002
  5.647352572646802E-002
  5.323707820497225E-002
  4.299081618544354E-002
  3.838223735121959E-002
  4.245800747948036E-002
  4.141795692486516E-002
  3.535068310648160E-002
  4.566819620085139E-002
  5.950192836630541E-002
  4.716647223542059E-002
  5.217215440102785E-002
  4.341134850529038E-002
  5.399939948204535E-002
  5.691672254579638E-002
  4.108010275078544E-002
  5.543036216930686E-002
  4.294762870671809E-002
  5.263960518682964E-002
  3.799879659461725E-002
  3.424700121444990E-002
  3.620500553436723E-002
  3.770109858490700E-002
  2.964487656571801E-002
  2.488593024275176E-002
  2.670300582345098E-002
  4.300226737792157E-002
  5.407051763115611E-002
  5.368283317253153E-002
  4.513207378587458E-002
  5.226607616110435E-002
  5.557445545458395E-002
  6.244034101246299E-002
  3.986029372641486E-002
  5.827931960846433E-002
  5.235789095836274E-002
  2.735959682092037E-002
  4.339422092672196E-002
  4.825351949264656E-002
  3.561945255556342E-002
  3.514358178996158E-002
  4.508290774831114E-002
  3.719921114842439E-002
  3.962106425844347E-002
  3.744867903143323E-002
  3.524583816125892E-002
  2.666276944800794E-002
  4.287284638830147E-002
  3.648378714424394E-002
  3.400922234549753E-002
  2.402967411800416E-002
  3.443973254442434E-002
  3.885541703730466E-002
  3.499554529166515E-002
  3.250783684440350E-002
  4.597746439426642E-002
  3.580488269639681E-002
  2.764443615420298E-002
  3.223202137184822E-002
  2.484297601961794E-002
  4.423517075297545E-002
  2.843255821945023E-002
  3.057455501538331E-002
  3.938682307691177E-002
  3.953735513840584E-002
  2.854448332668713E-002
  3.875675454715277E-002
  2.342429403787794E-002
  3.625080727796604E-002
  3.069486742641481E-002
  3.068888988372875E-002
  3.944379413744792E-002
  3.497862618788861E-002
