 excitation energies, transition moments and TDA amplitudes
 state    eV      nm       fL        Rv(corr)
    1    2.184   567.6     0.6161     1.1563     0.83( 142-> 143) -0.41( 141-> 145)  0.28( 141-> 143)
    2    2.362   524.9     0.1935     0.6103    -0.80( 141-> 143) -0.45( 142-> 145)  0.27( 142-> 143)
    3    3.379   366.9     0.0007   -14.1815    -0.90( 140-> 143)  0.29( 141-> 144) -0.13( 139-> 144)
    4    3.509   353.4     0.0042     2.5162    -0.90( 142-> 144)  0.23( 142-> 145) -0.14( 140-> 143)
    5    3.653   339.4     0.1114     2.2068    -0.60( 142-> 145) -0.42( 139-> 143) -0.31( 142-> 144)
    6    3.840   322.9     0.0566     4.3089     0.70( 141-> 144) -0.30( 138-> 143)  0.29( 136-> 143)
    7    3.857   321.5     0.0688     0.5094    -0.54( 139-> 143)  0.45( 136-> 143) -0.45( 141-> 144)
    8    3.918   316.5     0.7406     7.2415    -0.80( 142-> 146)  0.34( 142-> 148) -0.32( 141-> 145)
    9    4.017   308.6     0.3833    63.2240     0.49( 138-> 143) -0.38( 141-> 146) -0.30( 139-> 143)
