           6           1  0.354364558414936     
           7           2   1.32977463764120     
           7           6   1.26675483935533     
           8           7  0.916311810562616     
           9           8  0.956981546022592     
          10           3   1.35145118626993     
          10           6   1.27898440172098     
          10           9  0.949559569418411     
          11           9  0.972883893371516     
          12           8  0.943247196728369     
          13          12  0.960007432931115     
          14          13  0.946394910541362     
          15          14   1.83920971927035     
          16          14   1.05137852490779     
          17           1  0.469334034877693     
          18           3   1.32058080588193     
          18          17   1.14968649409145     
          19          18   1.12927845226676     
          20          19   1.47724618428753     
          21           4   1.31423497194994     
          21          17   1.26287124042320     
          21          20   1.00407776609273     
          22          19  0.989195360789129     
          23          20   1.03712782942861     
          24          23   1.78293708199979     
          25          23  0.977701726019990     
          26           1  0.425184032919097     
          27           4   1.40590522959342     
          27          26   1.26287515148261     
          28          27  0.928082217316226     
          29          28  0.938642497895299     
          30           5   1.45876125224840     
          30          26   1.19635110674082     
          30          29  0.921761620018410     
          31          28  0.989417322205054     
          32          29  0.958338166190780     
          33          32   1.02179853745907     
          34           1  0.561714721827595     
          35           5   1.23840381068851     
          35          34   1.11464126646860     
          36          35   1.22369382733447     
          37          36   1.35868787138117     
          38           2   1.32084543751264     
          38          34   1.20612894132505     
          38          37   1.09892504117801     
          39          36  0.982030840803032     
          40          37   1.06468494017233     
          41          40   1.86901098729815     
          42           2  0.935862930984279     
          42          40  0.803027383669672     
          43          42  0.947489866472258     
          44          43   1.77625038447227     
          45          43   1.09719428683147     
          46          45  0.965423499860697     
          47          16  0.939586258834980     
          48          47   1.00235779900744     
          49          48   1.88874974843115     
          50          49  0.990574106025914     
          51          49  0.949593820355543     
          52          51  0.981582861570778     
          53          52  0.956653941092716     
          54          53  0.980502557442482     
          55          54  0.981177150332448     
          56          54  0.937384568762238     
          57          56  0.996089233532011     
          58          57   1.00151373327418     
          59          58  0.965349071603171     
          60          59  0.981795665386667     
          61          59  0.957739406410602     
          62          61  0.997983536322547     
          63          62  0.973727552962969     
          64          63  0.967266528846274     
          65          64  0.987984628420167     
          66          64  0.993033959077872     
          67           3  0.940804742456841     
          68           4  0.926199314550085     
          69           5  0.937382943332658     
          70           8  0.938710057558508     
          71           9  0.933567022533836     
          72          11  0.975664800335099     
          73          11  0.972697041737226     
          74          11  0.977724788752206     
          75          12  0.968387711354028     
          76          12  0.962013189204595     
          77          13  0.947419790634263     
          78          13  0.965219788006625     
          79          22  0.966730616103538     
          80          22  0.972122938522333     
          81          22  0.965304809653241     
          82          25  0.961357563682265     
          83          25  0.970163212891209     
          84          25  0.951022244704140     
          85          28  0.937630537152214     
          86          29  0.936686933464496     
          87          31  0.976663032848578     
          88          31  0.976196342218235     
          89          31  0.972240475043838     
          90          32  0.959536539670417     
          91          32  0.959863599469989     
          92          33  0.978444664841645     
          93          33  0.983863506838163     
          94          33  0.971817376040095     
          95          39  0.977579477932900     
          96          39  0.966603122224107     
          97          39  0.973456143918276     
          98          42  0.936012212158930     
          99          46  0.985717168992982     
         100          46  0.975968167324764     
         101          46  0.989043148932720     
         102          47  0.956304051979007     
         103          47  0.964658644240739     
         104          48  0.939906333542302     
         105          50  0.966454889191893     
         106          50  0.970892192804527     
         107          50  0.975634784525925     
         108          51  0.957122366407175     
         109          51  0.962995575369260     
         110          52  0.969328464557798     
         111          52  0.967910541773716     
         112          53  0.963718019334679     
         113          53  0.959098977360520     
         114          54  0.960403983588530     
         115          55  0.982212267364101     
         116          55  0.979747463055351     
         117          55  0.979668500479966     
         118          56  0.964054041597658     
         119          56  0.963564775357672     
         120          57  0.957158074652041     
         121          57  0.961418562850873     
         122          58  0.960129344625349     
         123          58  0.952580691064168     
         124          59  0.952209141290621     
         125          60  0.977114243039923     
         126          60  0.974135349951501     
         127          60  0.981542671866868     
         128          61  0.957065941251350     
         129          61  0.961559435856433     
         130          62  0.963760186628381     
         131          62  0.966634856863962     
         132          63  0.965855528414942     
         133          63  0.965828551036860     
         134          64  0.953966657626657     
         135          65  0.981254128821763     
         136          65  0.974265139868426     
         137          65  0.973063346062573     
         138          66  0.977097905826178     
         139          66  0.979764434489325     
         140          66  0.977921999396372     
