 excitation energies, transition moments and TDA amplitudes
 state    eV      nm       fL        Rv(corr)
    1    2.189   566.4     0.1562   -10.1994    -0.78( 143-> 145) -0.39( 144-> 145) -0.32( 144-> 147)
    2    2.277   544.5     0.5937     7.2045    -0.79( 144-> 145)  0.37( 143-> 145)  0.33( 143-> 147)
    3    3.159   392.4     0.0036    10.0819     0.91( 142-> 145) -0.25( 140-> 145)  0.10( 143-> 146)
    4    3.606   343.8     0.0837    14.0826    -0.71( 144-> 147) -0.45( 140-> 145) -0.27( 143-> 146)
    5    3.647   340.0     0.1299     9.5583    -0.82( 144-> 146)  0.33( 140-> 145) -0.25( 144-> 147)
    6    3.848   322.2     0.0567   -18.2170    -0.72( 143-> 146) -0.45( 143-> 147)  0.21( 140-> 145)
    7    3.907   317.3     0.3442   -15.2683    -0.65( 144-> 149)  0.60( 144-> 148)  0.27( 143-> 147)
    8    3.988   310.9     0.3450   -23.9320     0.55( 140-> 145) -0.39( 138-> 145) -0.29( 136-> 145)
    9    4.068   304.8     0.3727     4.4100    -0.45( 139-> 145)  0.38( 143-> 148)  0.38( 138-> 145)
