           6           1  0.358477849960461     
           7           2   1.44592181769845     
           7           6   1.20444748517816     
           8           7  0.922748610186368     
           9           8  0.947184415536302     
          10           3   1.39048162625374     
          10           6   1.27824198572988     
          10           9  0.920755352685031     
          11           9  0.950144460319756     
          12           8  0.925865599807508     
          13          12  0.976938659348286     
          14          13  0.913799340517331     
          15          14   1.79359896121064     
          16          14   1.12568009021689     
          17           1  0.518288323502935     
          18           3   1.29350676776842     
          18          17   1.19892594883493     
          19          18   1.11801282476233     
          20          19   1.50515951841255     
          21           4   1.31090269573301     
          21          17   1.16460627285558     
          21          20   1.04795679205858     
          22          19  0.991503264959777     
          23          20  0.965903552268277     
          24          23   1.81699999934935     
          25          23   1.01695377854809     
          26           1  0.406318653471537     
          27           4   1.39982445900933     
          27          26   1.26820966101990     
          28          27  0.909538858179877     
          29          28  0.931068258996256     
          30           5   1.43279495031611     
          30          26   1.21278275502046     
          30          29  0.957742608304214     
          31          28  0.993281680378751     
          32          29  0.934656563466606     
          33          32   1.00585400754385     
          34           1  0.535218700230939     
          35           5   1.23753353227709     
          35          34   1.12937957220021     
          36          35   1.23225335774119     
          37          36   1.32609809822978     
          38           2   1.20256695768485     
          38          34   1.19291514056457     
          38          37   1.18369451933754     
          39          36  0.974154486663809     
          40          37   1.11615697201583     
          41          40   1.78027331259154     
          42           2  0.957269658179137     
          42          40  0.846873994977765     
          43          42  0.928022621526474     
          44          43   1.81631456576650     
          45          43   1.06929347235424     
          46          45  0.974214044818536     
          47          16  0.917812212081165     
          48          47   1.00252734316326     
          49          48   1.89360384748510     
          50          49  0.975694322022981     
          51          49  0.943545637788978     
          52          51  0.990576202328340     
          53          52  0.991081808144129     
          54          53  0.973224962484828     
          55          54  0.995109807954525     
          56          54  0.973059542223629     
          57          56  0.972113930632744     
          58          57  0.982128159349122     
          59          58  0.974537256576867     
          60          59  0.974230067601067     
          61          59  0.976938631205897     
          62          61  0.982111546029505     
          63          62  0.977757782991563     
          64          63  0.961813595977873     
          65          64  0.997778575961625     
          66          64   1.00262102563297     
          67           3  0.935427260310436     
          68           4  0.931059949999717     
          69           5  0.935623527300006     
          70           8  0.937121602564149     
          71           9  0.944841015588282     
          72          11  0.974862219974635     
          73          11  0.982721680953519     
          74          11  0.978108773962933     
          75          12  0.971450064963933     
          76          12  0.963632621181327     
          77          13  0.955165538028438     
          78          13  0.960098314017647     
          79          22  0.963813273871942     
          80          22  0.968142785261309     
          81          22  0.971106530641739     
          82          25  0.963208667925268     
          83          25  0.946619198935283     
          84          25  0.947206131848105     
          85          28  0.944302239665404     
          86          29  0.930294974506343     
          87          31  0.975461874024237     
          88          31  0.966469267824795     
          89          31  0.974349393582875     
          90          32  0.967222318276524     
          91          32  0.966491301981165     
          92          33  0.981166588307504     
          93          33  0.978317195248845     
          94          33  0.980314543990997     
          95          39  0.969101133889724     
          96          39  0.979488994716230     
          97          39  0.977293665436653     
          98          42  0.921273964056568     
          99          46  0.986079229231112     
         100          46  0.976335500894954     
         101          46  0.989680091994523     
         102          47  0.968286166279798     
         103          47  0.965091051918229     
         104          48  0.940932521515537     
         105          50  0.974072246819192     
         106          50  0.968457576795139     
         107          50  0.978543482688530     
         108          51  0.955931661735590     
         109          51  0.964622855842419     
         110          52  0.964155260168992     
         111          52  0.962021930962258     
         112          53  0.960372394115237     
         113          53  0.958415969191737     
         114          54  0.944024295840864     
         115          55  0.976352927861713     
         116          55  0.976336303759391     
         117          55  0.981261867838921     
         118          56  0.967851123084076     
         119          56  0.961624638844218     
         120          57  0.965707196094898     
         121          57  0.969696515832686     
         122          58  0.954219507339500     
         123          58  0.959990469457151     
         124          59  0.949561905029611     
         125          60  0.974144246882347     
         126          60  0.976703663137165     
         127          60  0.981089017463764     
         128          61  0.950829343215756     
         129          61  0.965492497909662     
         130          62  0.966318069275218     
         131          62  0.967613470932932     
         132          63  0.965122328038982     
         133          63  0.956937550655340     
         134          64  0.950129116688658     
         135          65  0.978703856493693     
         136          65  0.973482473654583     
         137          65  0.975346592490403     
         138          66  0.978947028738640     
         139          66  0.973125531038679     
         140          66  0.974497075167701     
