 excitation energies, transition moments and TDA amplitudes
 state    eV      nm       fL        Rv(corr)
    1    2.163   573.3     0.5389   -14.2330     0.77( 144-> 145)  0.43( 143-> 145) -0.23( 143-> 147)
    2    2.286   542.3     0.4010     3.0656     0.75( 143-> 145) -0.42( 144-> 145)  0.26( 144-> 147)
    3    2.963   418.5     0.0308     3.4989     0.94( 142-> 145) -0.17( 143-> 145) -0.12( 141-> 145)
    4    3.099   400.1     0.0158   -16.3906     0.67( 144-> 148)  0.61( 144-> 147)  0.31( 144-> 146)
    5    3.271   379.1     0.0337    24.7596     0.65( 143-> 148)  0.62( 143-> 147)  0.27( 143-> 146)
    6    3.453   359.0     0.0291     5.3660     0.68( 141-> 145) -0.42( 139-> 145)  0.26( 144-> 148)
    7    3.713   333.9     0.0317    16.0132     0.48( 136-> 145)  0.45( 141-> 145)  0.43( 139-> 145)
    8    3.767   329.1     0.0092   -12.3086    -0.55( 143-> 146) -0.47( 144-> 146)  0.31( 137-> 145)
    9    3.825   324.2     0.0076     2.2577     0.45( 138-> 145)  0.41( 137-> 145)  0.35( 139-> 145)
