           6           1  0.330610748412599     
           7           2   1.39989475343052     
           7           6   1.26590096721395     
           8           7  0.949373642062181     
           9           8  0.945985509082556     
          10           3   1.42877643849783     
          10           6   1.25811231840822     
          10           9  0.923564910478801     
          11           9  0.968647349581899     
          12           8  0.935794894493935     
          13          12  0.982633904688295     
          14          13  0.890606994976583     
          15          14   1.90072463392114     
          16          14   1.03932136431789     
          17           1  0.544339422451554     
          18           3   1.28232673322045     
          18          17   1.12306180550941     
          19          18   1.21443531497423     
          20          19   1.36227309927950     
          21           4   1.25361801882824     
          21          17   1.18723412144338     
          21          20   1.12869903542625     
          22          19  0.970946729397335     
          23          20   1.05323785229968     
          24          23   1.80522438498252     
          25          23  0.937347106618778     
          26           1  0.437339533828387     
          27           4   1.44148913715730     
          27          26   1.28027654964742     
          28          27  0.903034911281391     
          29          28  0.939317662477106     
          30           5   1.51530947433608     
          30          26   1.13180235244401     
          30          29  0.968235108186253     
          31          28  0.973275382832491     
          32          29  0.942165284194842     
          33          32   1.00352552651121     
          34           1  0.473363939934296     
          35           5   1.20218845077421     
          35          34   1.11938815782312     
          36          35   1.26493205539781     
          37          36   1.31529793461626     
          38           2   1.14770638032223     
          38          34   1.28871788771051     
          38          37   1.18145401657910     
          39          36  0.983600320331037     
          40          37   1.10876389964389     
          41          40   1.83512181983473     
          42           2  0.927866539332634     
          42          40  0.780202842028336     
          43          42  0.993228967375473     
          44          43   1.77642297996193     
          45          43   1.05968821143352     
          46          45  0.971836290017402     
          47          16  0.942750399910830     
          48          47  0.988587179790569     
          49          48   1.89781037264321     
          50          49  0.977592650598791     
          51          49  0.955443396500037     
          52          51  0.962236733430705     
          53          52  0.992481068211701     
          54          53  0.968587257588807     
          55          54  0.994232953493055     
          56          54  0.979882894194462     
          57          56  0.968845845230090     
          58          57  0.987784670499416     
          59          58  0.960717759681244     
          60          59  0.980309393189830     
          61          59  0.968650919452484     
          62          61  0.970399402816733     
          63          62   1.00482761463590     
          64          63  0.964910864424770     
          65          64  0.976774061645382     
          66          64  0.980062163837033     
          67           3  0.930304621350209     
          68           4  0.929401856037429     
          69           5  0.933721587703792     
          70           8  0.933785356367643     
          71           9  0.947584905784934     
          72          11  0.977825883187380     
          73          11  0.980093915704732     
          74          11  0.978148755674130     
          75          12  0.966551195965871     
          76          12  0.957962467987166     
          77          13  0.953961633926359     
          78          13  0.959362013067662     
          79          22  0.968715113572764     
          80          22  0.978433205545533     
          81          22  0.969879658654702     
          82          25  0.966639631749837     
          83          25  0.973207047605297     
          84          25  0.964166274163672     
          85          28  0.945804685028336     
          86          29  0.930848744761099     
          87          31  0.978097899138102     
          88          31  0.975798908143312     
          89          31  0.975687151126052     
          90          32  0.960027183620161     
          91          32  0.965475328587159     
          92          33  0.982539306047812     
          93          33  0.982133356712931     
          94          33  0.978807495531591     
          95          39  0.979025812503554     
          96          39  0.968641018561420     
          97          39  0.974349640357407     
          98          42  0.931782594236193     
          99          46  0.982502329817478     
         100          46  0.983148344648972     
         101          46  0.991238751282066     
         102          47  0.957737035208683     
         103          47  0.956051964354131     
         104          48  0.938538917138631     
         105          50  0.975217768226992     
         106          50  0.976403842377269     
         107          50  0.974103087174598     
         108          51  0.969502097106338     
         109          51  0.960391617827396     
         110          52  0.969594278195579     
         111          52  0.968526107425672     
         112          53  0.955745296917750     
         113          53  0.965061198592668     
         114          54  0.950316913075023     
         115          55  0.974447372778155     
         116          55  0.976902085642751     
         117          55  0.981757709453567     
         118          56  0.966620540206499     
         119          56  0.958560441648612     
         120          57  0.970579419387903     
         121          57  0.963211217032331     
         122          58  0.956988563296798     
         123          58  0.965213890521041     
         124          59  0.953427372517476     
         125          60  0.982022348017135     
         126          60  0.978314454112781     
         127          60  0.979866695329627     
         128          61  0.969403881452623     
         129          61  0.960056429874923     
         130          62  0.956153422963063     
         131          62  0.967259413608287     
         132          63  0.960908524110436     
         133          63  0.954564266309048     
         134          64  0.957737288937580     
         135          65  0.982859442838619     
         136          65  0.980123497765675     
         137          65  0.979552604238632     
         138          66  0.978400182040416     
         139          66  0.981849520281288     
         140          66  0.978743885133459     
