  0.300964097983176     
  2.779916030481422E-002
 -2.410187368161409E-002
 -4.967903422358244E-002
 -2.834667563731497E-002
 -0.137083059671935     
  2.877710436138559E-002
 -3.645255977508288E-002
 -9.584437527667689E-004
  3.822803242063255E-002
 -8.308130921070944E-002
 -5.130153430358320E-002
 -6.330789181683460E-002
  0.217758567061695     
 -0.265898714453797     
 -0.140733375316896     
 -0.216973788755528     
  4.536695666771529E-002
 -8.081282862114847E-003
 -5.705939080030653E-002
  3.387574034084206E-002
 -8.003835288131533E-002
  0.167878103094428     
 -0.268897897168852     
 -9.830516546171530E-002
 -0.183571728333674     
  3.319018960246423E-002
 -8.209991712338827E-003
 -1.036615129979435E-002
  1.473773360108854E-002
 -9.691062455251931E-002
 -5.240745102032651E-002
 -0.102163293482024     
 -0.222552783654968     
  6.568092738719500E-003
  6.765255683546023E-003
 -4.749482021059848E-002
  2.372564991844239E-002
 -6.823613633815473E-002
  0.143334441448831     
 -0.216804718746516     
 -1.948769873350997E-002
  0.216367757709640     
 -0.271362288554915     
 -0.167293449867348     
  7.716534878805970E-003
  5.900823457042659E-002
 -7.914694215691576E-002
 -1.643356305214816E-002
 -9.542124175495736E-002
 -6.172462266362277E-002
 -6.709206860530248E-002
 -8.605144015178556E-002
 -2.572361764432962E-002
 -0.105907049799283     
 -5.084477479779803E-002
 -7.149358437149900E-002
 -8.460563463327553E-002
 -6.746266567486892E-003
 -0.103124132557972     
 -7.779375258703602E-002
 -5.978930916880820E-002
 -7.229469367834973E-002
 -3.936281652763096E-002
 -0.101427578243480     
 -9.140395573462445E-002
  5.113377883451709E-002
  6.423026287929001E-002
  5.124961093698344E-002
  4.636148046320754E-002
  5.318529185774235E-002
  3.970192503751224E-002
  3.427578626581596E-002
  4.673678809926463E-002
  4.367437090925919E-002
  3.788410328831193E-002
  3.642471706872341E-002
  4.620427610187772E-002
  4.596658158241684E-002
  4.459208745497234E-002
  4.542799171236345E-002
  4.974598773011984E-002
  4.492179338186897E-002
  4.251748756112406E-002
  5.814523305386365E-002
  4.465554181166520E-002
  3.527758324191499E-002
  3.915948181699669E-002
  3.534717889836103E-002
  4.359611768448823E-002
  3.294577378227626E-002
  3.428957863001869E-002
  3.319249569900995E-002
  3.926301658444975E-002
  5.311565224514503E-002
  5.937020515530878E-002
  4.293740943746926E-002
  6.151396080413696E-002
  4.871512253736565E-002
  5.516066182359414E-002
  5.973414704864077E-002
  5.951563658205838E-002
  4.878823418457290E-002
  3.981880122385073E-002
  3.415001670265216E-002
  4.199435163861032E-002
  4.909832928751734E-002
  3.171790287001364E-002
  4.075368782404687E-002
  2.659678671055199E-002
  4.530528972650516E-002
  3.259883970302291E-002
  3.544503977544411E-002
  3.325969856856859E-002
  2.815403960209506E-002
  4.583206615378477E-002
  3.938577107608443E-002
  5.170421468195108E-002
  3.277662377775459E-002
  2.254287088563067E-002
  2.775438324812118E-002
  2.611779504462319E-002
  2.403320986741453E-002
  4.778081776133725E-002
  3.111708995250440E-002
  3.337659510749746E-002
  2.816807251058784E-002
  3.867766393079075E-002
  3.055002229176584E-002
  3.188047181872045E-002
  3.588502519502013E-002
  4.099667673319252E-002
  3.056103681331035E-002
  1.582276202363220E-002
  2.290803669765928E-002
  3.145141553399733E-002
  4.316285585428381E-002
  3.990624789854014E-002
  4.210461531713072E-002
  3.914040259534923E-002
