           6           1  0.346816845343345     
           7           2   1.41098277453681     
           7           6   1.28044035439394     
           8           7  0.898256069090434     
           9           8  0.973288856893077     
          10           3   1.41963732491595     
          10           6   1.23326120165592     
          10           9  0.952368453099250     
          11           9  0.964921471518519     
          12           8  0.914237769489640     
          13          12  0.980732727687757     
          14          13  0.907091407355239     
          15          14   1.82924730984415     
          16          14   1.10433084849052     
          17           1  0.540376668103169     
          18           3   1.24945505847683     
          18          17   1.16759433853909     
          19          18   1.22140617449311     
          20          19   1.36081449852839     
          21           4   1.23497156501843     
          21          17   1.19248063615600     
          21          20   1.15162789157587     
          22          19  0.973660916168446     
          23          20   1.05636709235043     
          24          23   1.79609389113628     
          25          23  0.958546997558088     
          26           1  0.461311710985016     
          27           4   1.46163496586493     
          27          26   1.19457156479500     
          28          27  0.936854203821423     
          29          28  0.943163758499114     
          30           5   1.41787515140172     
          30          26   1.21023763089054     
          30          29  0.919129376764405     
          31          28  0.979400409249157     
          32          29  0.984686174356277     
          33          32  0.984852646120401     
          34           1  0.469882475803595     
          35           5   1.32472749730616     
          35          34   1.11661193756367     
          36          35   1.13975914405068     
          37          36   1.44601842257001     
          38           2   1.19314159034102     
          38          34   1.25799417960979     
          38          37   1.13617007319474     
          39          36   1.00391187370503     
          40          37   1.01570989217378     
          41          40   1.84725381048120     
          42           2  0.971728343450113     
          42          40  0.851634673398379     
          43          42  0.914876769465523     
          44          43   1.81333759236737     
          45          43   1.07067700538206     
          46          45  0.963709051209773     
          47          16  0.951184922223026     
          48          47  0.986470672430140     
          49          48   1.87965069291187     
          50          49  0.982386766903473     
          51          49  0.984810542713422     
          52          51  0.965989816229649     
          53          52  0.975291393848531     
          54          53  0.957616754535430     
          55          54  0.977512738220677     
          56          54  0.983575624672879     
          57          56  0.974463235570386     
          58          57  0.995680563263387     
          59          58  0.957092424416224     
          60          59  0.993023878062407     
          61          59  0.958260552592703     
          62          61  0.982777392301359     
          63          62  0.990926462788290     
          64          63  0.958420983331081     
          65          64  0.992781037876522     
          66          64  0.986063403950919     
          67           3  0.934810468417488     
          68           4  0.924681551309577     
          69           5  0.932042709251306     
          70           8  0.938294847842358     
          71           9  0.935410781679374     
          72          11  0.979073571186756     
          73          11  0.974772752258870     
          74          11  0.974954650046119     
          75          12  0.967592260338926     
          76          12  0.969361805108713     
          77          13  0.964923458106313     
          78          13  0.963379979621745     
          79          22  0.975840764852092     
          80          22  0.972107508092623     
          81          22  0.970036732510877     
          82          25  0.955143380092559     
          83          25  0.971207453338692     
          84          25  0.966918844750416     
          85          28  0.936503807102950     
          86          29  0.938884407524836     
          87          31  0.974047996536076     
          88          31  0.979014755044194     
          89          31  0.974907366922112     
          90          32  0.963730513080474     
          91          32  0.971676171336688     
          92          33  0.989002978258524     
          93          33  0.980566535662673     
          94          33  0.983942096790210     
          95          39  0.969088639442347     
          96          39  0.961289361053244     
          97          39  0.967667001233714     
          98          42  0.926515887463992     
          99          46  0.988929421027302     
         100          46  0.986834693193330     
         101          46  0.980349126200397     
         102          47  0.959203185196125     
         103          47  0.969815544280273     
         104          48  0.938664811032322     
         105          50  0.968403988171337     
         106          50  0.973084915432710     
         107          50  0.974132107392335     
         108          51  0.959017292316896     
         109          51  0.948273370259196     
         110          52  0.972675497286755     
         111          52  0.963000367286112     
         112          53  0.962167748898729     
         113          53  0.966953320706589     
         114          54  0.951384882358180     
         115          55  0.983485499072222     
         116          55  0.976071004489151     
         117          55  0.979645855882740     
         118          56  0.954718885454021     
         119          56  0.961585202506964     
         120          57  0.971781225431202     
         121          57  0.966506812969101     
         122          58  0.962108258871349     
         123          58  0.964289251823529     
         124          59  0.950359625544351     
         125          60  0.974487085155379     
         126          60  0.978096285713074     
         127          60  0.979215595607981     
         128          61  0.961095026183298     
         129          61  0.967600237053428     
         130          62  0.968443833865040     
         131          62  0.965864722048318     
         132          63  0.959444050608299     
         133          63  0.966491926332926     
         134          64  0.963482982888677     
         135          65  0.983429214183993     
         136          65  0.978077481272448     
         137          65  0.975272972820971     
         138          66  0.983806052324839     
         139          66  0.979251405910604     
         140          66  0.980814594544054     
