  0.291438763656314     
 -3.610565591978698E-003
 -2.917659116523552E-002
 -9.772220959384015E-003
 -3.198095697906389E-002
 -0.145899685591745     
  1.864696466563132E-002
 -1.097472717533865E-002
 -1.843514587001405E-002
  3.196525839952491E-002
 -9.549418558783351E-002
 -4.457701813496850E-002
 -6.257067334588307E-002
  0.174843522619311     
 -0.253395098150232     
 -0.138412925698740     
 -0.221388942363145     
  3.635512259836560E-002
 -2.746038011803620E-002
 -9.099182961672359E-002
  4.488765476005918E-002
 -7.778521437823382E-002
  0.152230398590574     
 -0.245447629865958     
 -7.888339335351002E-002
 -0.176901661736303     
  6.371022184248343E-002
 -5.349912934138779E-003
 -2.863404239329626E-002
  2.572613603236551E-002
 -9.730538861210114E-002
 -5.406217100627408E-002
 -9.288456061306594E-002
 -0.213789707082917     
  1.853832749830220E-002
 -3.257484769365870E-002
 -4.829009063203227E-002
  3.284697359076150E-002
 -6.069570239438171E-002
  0.145367643918004     
 -0.251240026299540     
 -5.304723341919182E-002
  0.229993079820294     
 -0.230898480940176     
 -0.137488797559529     
  9.371644856759787E-003
  5.463415803509974E-002
 -8.646431017756662E-002
 -3.076305261205192E-002
 -8.534951638625898E-002
 -6.642313215639373E-002
 -5.655597688753389E-002
 -9.363566251480826E-002
 -4.576964893453894E-002
 -0.104368900680102     
 -7.624508353537163E-002
 -7.109077942456032E-002
 -7.688999326596502E-002
 -2.202877682386895E-002
 -0.111163978332097     
 -6.324353663022553E-002
 -6.714022082800408E-002
 -7.647943968709647E-002
 -2.126170268323158E-002
 -0.106599602773779     
 -9.807834520659142E-002
  5.587996251803262E-002
  5.338986932020251E-002
  4.768889456324477E-002
  6.243289833478705E-002
  5.142959316518592E-002
  3.523322244454896E-002
  4.086097990011195E-002
  3.532753242870645E-002
  4.985747135954266E-002
  4.254378070591192E-002
  3.612218729546279E-002
  4.577214299017585E-002
  5.119234970883724E-002
  4.761367435132746E-002
  4.629887248549847E-002
  5.282234947603703E-002
  5.907574776740054E-002
  4.883403967678213E-002
  5.580491487984263E-002
  6.198183375808375E-002
  4.629161752701594E-002
  3.547396782228796E-002
  3.771104135845349E-002
  3.593022300624138E-002
  3.990368371510644E-002
  3.906990137242172E-002
  4.207718262252924E-002
  3.959340232788489E-002
  4.579969223753866E-002
  5.243047918497468E-002
  5.839991675060907E-002
  6.154544271826168E-002
  3.717655967046019E-002
  4.435081170528932E-002
  5.173248669512764E-002
  6.771232362639634E-002
  6.075524972289359E-002
  3.484779846926933E-002
  3.124020864292010E-002
  5.054536170327129E-002
  4.963922877476890E-002
  3.965388501441458E-002
  3.836731425482054E-002
  3.587897618780200E-002
  4.357526879005713E-002
  1.996629965027086E-002
  3.206635449921402E-002
  3.191725480547269E-002
  4.284209565861363E-002
  3.345051295251456E-002
  4.106741965492700E-002
  3.543094862366747E-002
  3.801121617090530E-002
  4.241443168524905E-002
  3.589277882566366E-002
  4.318851618205544E-002
  3.227196274587729E-002
  4.346376482183278E-002
  2.829008251342813E-002
  3.457259403628532E-002
  3.540933378165956E-002
  3.600619517847070E-002
  3.719290211012494E-002
  3.907975752587967E-002
  2.652534388510597E-002
  3.202089503642680E-002
  2.957280027533860E-002
  3.074712392373646E-002
  3.871681644590508E-002
  2.707520302251032E-002
  2.995075716042217E-002
  2.817290742448819E-002
  3.314058152115684E-002
  4.009440477115866E-002
