 excitation energies, transition moments and TDA amplitudes
 state    eV      nm       fL        Rv(corr)
    1    2.306   537.8     0.9872    -0.9675     0.88( 143-> 144)  0.36( 142-> 146) -0.13( 142-> 144)
    2    2.435   509.2     0.1429    -2.8355    -0.85( 142-> 144)  0.38( 143-> 146)  0.23( 140-> 144)
    3    3.094   400.8     0.0073   -16.1558     0.95( 141-> 144)  0.19( 140-> 144)  0.13( 138-> 144)
    4    3.467   357.6     0.0856     8.4237    -0.89( 140-> 144)  0.30( 143-> 146)  0.19( 141-> 144)
    5    3.769   329.0     0.0567    -4.4975    -0.68( 143-> 147)  0.52( 143-> 145)  0.31( 143-> 149)
    6    3.857   321.5     0.0110    -0.1550    -0.65( 138-> 144)  0.57( 137-> 144)  0.25( 143-> 145)
    7    3.906   317.4     0.0237    -0.2717    -0.72( 143-> 145) -0.38( 143-> 147)  0.33( 143-> 146)
    8    4.046   306.5     0.0099    36.4340    -0.62( 136-> 144) -0.47( 135-> 144) -0.25( 136-> 145)
    9    4.149   298.8     0.2010    -4.7661    -0.49( 143-> 146) -0.47( 142-> 145) -0.33( 135-> 144)
