           6           1  0.419077770098051     
           7           2   1.43878027488381     
           7           6   1.26269645920608     
           8           7  0.875494388846535     
           9           8  0.973002366055676     
          10           3   1.53139527940556     
          10           6   1.14376355031230     
          10           9  0.942013617373840     
          11           9  0.944652298942772     
          12           8  0.949592009329730     
          13          12  0.974644985328597     
          14          13  0.895620151320022     
          15          14   1.83745386166605     
          16          14   1.08251076892768     
          17           1  0.499585958166299     
          18           3   1.18298634392118     
          18          17   1.18662109578295     
          19          18   1.26236814254648     
          20          19   1.40514566263054     
          21           4   1.38854543919059     
          21          17   1.14848342336328     
          21          20   1.07974435265857     
          22          19  0.976278403473534     
          23          20  0.924719407345739     
          24          23   1.85140987037015     
          25          23  0.996589597259955     
          26           1  0.386296177466981     
          27           4   1.32881692642547     
          27          26   1.31243145583426     
          28          27  0.966247526327958     
          29          28  0.933354031926740     
          30           5   1.54627821217417     
          30          26   1.15530593818310     
          30          29  0.929329835462274     
          31          28  0.961587780226048     
          32          29  0.949417635320879     
          33          32   1.00051635363723     
          34           1  0.534149155713852     
          35           5   1.20895558339363     
          35          34   1.16046554364287     
          36          35   1.22014653095222     
          37          36   1.32438227500527     
          38           2   1.22495553033267     
          38          34   1.17872778921372     
          38          37   1.18231963128614     
          39          36  0.968169351436767     
          40          37   1.09706659534587     
          41          40   1.78186990779304     
          42           2  0.922816802814450     
          42          40  0.872439140456568     
          43          42  0.896906331272195     
          44          43   1.84970816522023     
          45          43   1.06882289452724     
          46          45  0.986600639833235     
          47          16  0.965117363214966     
          48          47  0.973839368593966     
          49          48   1.89373783120970     
          50          49   1.00691274460515     
          51          49  0.943671518882357     
          52          51  0.986379127288863     
          53          52  0.967800998767427     
          54          53  0.972517435751577     
          55          54  0.984151013530693     
          56          54  0.950755966004264     
          57          56  0.978554488466170     
          58          57  0.981722933067676     
          59          58  0.959508793641684     
          60          59  0.974407849938987     
          61          59  0.996630610815886     
          62          61  0.970677620664828     
          63          62  0.990154688931088     
          64          63  0.961457217895459     
          65          64  0.984379267102485     
          66          64  0.997648611570475     
          67           3  0.932929582457916     
          68           4  0.927144231097660     
          69           5  0.930134969893851     
          70           8  0.943681362594963     
          71           9  0.943330545526372     
          72          11  0.983302911124417     
          73          11  0.981278074408005     
          74          11  0.981677132429762     
          75          12  0.964043247155291     
          76          12  0.964815045638727     
          77          13  0.965253362142484     
          78          13  0.965468199229718     
          79          22  0.976825375332654     
          80          22  0.973032192045593     
          81          22  0.968517362916500     
          82          25  0.965368684599886     
          83          25  0.944964292613780     
          84          25  0.959812003910490     
          85          28  0.941926538878660     
          86          29  0.940418188417288     
          87          31  0.970378056473561     
          88          31  0.975676239784918     
          89          31  0.978861589538123     
          90          32  0.969388821505911     
          91          32  0.966687116842744     
          92          33  0.983691938905956     
          93          33  0.983096390775769     
          94          33  0.969475805490810     
          95          39  0.974743638988476     
          96          39  0.970520499118541     
          97          39  0.979877466733011     
          98          42  0.928607131213716     
          99          46  0.985366584048842     
         100          46  0.986613514199771     
         101          46  0.974206814149437     
         102          47  0.955722852478479     
         103          47  0.962204518665909     
         104          48  0.944023292633271     
         105          50  0.968598219109412     
         106          50  0.969956586925772     
         107          50  0.961491301725677     
         108          51  0.954814942600909     
         109          51  0.964249721666628     
         110          52  0.970115723878297     
         111          52  0.967092048350625     
         112          53  0.971413431015599     
         113          53  0.959670256432477     
         114          54  0.958618418443660     
         115          55  0.979118936683320     
         116          55  0.982618279002812     
         117          55  0.981031842671401     
         118          56  0.967062353446205     
         119          56  0.963948541665629     
         120          57  0.965392858457272     
         121          57  0.963697173727663     
         122          58  0.960167791891913     
         123          58  0.970788453765267     
         124          59  0.948068206827350     
         125          60  0.983342239262726     
         126          60  0.977638032728059     
         127          60  0.975976659422818     
         128          61  0.957170429662169     
         129          61  0.958669095390145     
         130          62  0.965272535227662     
         131          62  0.971290814191257     
         132          63  0.963998055681913     
         133          63  0.964335838600103     
         134          64  0.956558640295353     
         135          65  0.979149679127368     
         136          65  0.977922972424435     
         137          65  0.981732504873067     
         138          66  0.978572553506323     
         139          66  0.977676999273257     
         140          66  0.974950917200593     
