  0.310815292094077     
  1.951978557588108E-002
 -1.833539132139173E-002
 -4.128167024786933E-002
 -5.096540454154486E-002
 -0.116790344758308     
  1.844582924623106E-002
 -1.989684896762167E-002
 -1.875647289204529E-002
  5.069639350410160E-003
 -8.298068308944195E-002
 -4.905110508546873E-002
 -6.514990297789947E-002
  0.222046276063303     
 -0.270097294313374     
 -0.160753643888796     
 -0.206981357356058     
  2.915816074823230E-002
 -1.876805512267854E-002
 -8.567166952523309E-002
  3.910252030454542E-002
 -7.662639890176592E-002
  0.136183585947211     
 -0.212831758271145     
 -9.437234935320582E-002
 -0.194377171282226     
  2.062763176328808E-003
 -2.216265936770334E-002
 -1.957765762445174E-002
  5.029964157206024E-002
 -9.269274735531230E-002
 -5.652042675544511E-002
 -7.881243106747249E-002
 -0.203122091400762     
  2.411223337061852E-002
 -1.727266941617867E-002
 -6.988152958582727E-002
  4.210680084441210E-002
 -6.188406718824879E-002
  0.141534461155741     
 -0.239363544775336     
 -1.993132778246931E-002
  0.211832782131625     
 -0.267469456278840     
 -0.158072736089544     
  1.051519253135291E-002
  5.712607270451997E-002
 -7.017128202955725E-002
 -2.376905384853956E-002
 -0.102066575539286     
 -7.113522265998728E-002
 -4.573219921084348E-002
 -6.588682058036888E-002
 -3.283917656430546E-002
 -0.103384053259745     
 -8.253601014456535E-002
 -5.180116574152915E-002
 -7.888875293407605E-002
 -4.064141752650219E-002
 -0.108763935818172     
 -7.742824485438948E-002
 -5.589604352096256E-002
 -5.932916022646761E-002
 -1.206743855786829E-002
 -9.822156918384550E-002
 -0.116845141349053     
  5.293995725808820E-002
  5.957313608805714E-002
  5.260503970696717E-002
  6.018629342333004E-002
  5.722799023221570E-002
  3.762732323786699E-002
  4.088413489845533E-002
  4.342050846095880E-002
  4.257505600831557E-002
  4.416336661208520E-002
  5.114404868164391E-002
  4.508216359867168E-002
  5.618473565736193E-002
  4.618806120503594E-002
  4.391799857603362E-002
  5.103244731002698E-002
  4.572783281985693E-002
  4.959684293960831E-002
  5.068491391003427E-002
  5.334637012701593E-002
  3.674044860471570E-002
  4.006984984448836E-002
  3.825369654369970E-002
  3.614446344303301E-002
  3.035848062064495E-002
  4.814941659690908E-002
  3.556853392639037E-002
  3.556128136905812E-002
  4.762503940033025E-002
  4.982670225886532E-002
  5.985548450720690E-002
  5.644373210766329E-002
  6.113286780981964E-002
  4.133168645228480E-002
  4.701765984787054E-002
  5.529095853002375E-002
  6.587130281704212E-002
  3.457152747947168E-002
  4.705117920206814E-002
  3.831220190619722E-002
  3.990693161206960E-002
  3.755167587465136E-002
  3.580434858035797E-002
  4.086151624952583E-002
  4.361145206404060E-002
  3.484343518107313E-002
  4.075007480236781E-002
  3.574847854214680E-002
  3.730744950914489E-002
  4.036829899411354E-002
  3.249144007177318E-002
  1.882624121406673E-002
  3.882549725759965E-002
  3.636532445687757E-002
  3.645998588962585E-002
  2.686918403957039E-002
  3.675794785374209E-002
  3.170229676345870E-002
  3.730729449752213E-002
  3.267585480247681E-002
  3.563752888750027E-002
  2.716996438315700E-002
  3.598603687565605E-002
  2.402224538712949E-002
  4.758782906861980E-002
  3.191038459867779E-002
  4.198227794336618E-002
  3.835134696642017E-002
  2.355071663552621E-002
  3.178142804268602E-002
  3.141823478050321E-002
  2.922151359514802E-002
  3.236418872073754E-002
  3.261993515641226E-002
