 excitation energies, transition moments and TDA amplitudes
 state    eV      nm       fL        Rv(corr)
    1    2.214   560.1     0.7979     8.9446    -0.88( 143-> 144)  0.38( 142-> 146)  0.15( 142-> 145)
    2    2.348   528.1     0.0898     2.2211    -0.84( 142-> 144) -0.42( 143-> 146) -0.20( 143-> 145)
    3    3.309   374.7     0.0199     3.8938     0.95( 141-> 144)  0.15( 143-> 147)  0.12( 140-> 145)
    4    3.462   358.1     0.0784    -0.6778     0.70( 143-> 147) -0.49( 143-> 146) -0.28( 140-> 144)
    5    3.547   349.6     0.0783     5.0730    -0.86( 143-> 145) -0.23( 143-> 147)  0.22( 143-> 146)
    6    3.704   334.8     0.0071     0.3311    -0.72( 140-> 144) -0.48( 143-> 147) -0.26( 143-> 146)
    7    3.856   321.5     0.2225    -3.8995     0.65( 142-> 145)  0.40( 140-> 144) -0.22( 142-> 147)
    8    3.915   316.7     0.1532   -37.3703     0.79( 142-> 147) -0.50( 142-> 146)  0.18( 142-> 145)
    9    3.952   313.8     0.0359    -2.0317    -0.63( 136-> 144)  0.54( 137-> 144) -0.37( 142-> 145)
