           6           1  0.361960637578276     
           7           2   1.38133063947553     
           7           6   1.26004075359380     
           8           7  0.940887286848953     
           9           8  0.965851817330066     
          10           3   1.40033503776387     
          10           6   1.23748486882003     
          10           9  0.924869468282937     
          11           9  0.960634909863449     
          12           8  0.934852891133146     
          13          12  0.985861113860947     
          14          13  0.917981655458550     
          15          14   1.83660218368172     
          16          14   1.08865610655740     
          17           1  0.512545636587133     
          18           3   1.31428171222694     
          18          17   1.15151326388743     
          19          18   1.15287379879306     
          20          19   1.45254010919258     
          21           4   1.29659474928285     
          21          17   1.20950156944625     
          21          20   1.09031671134447     
          22          19  0.987801392872377     
          23          20  0.952020155470666     
          24          23   1.88889792903973     
          25          23  0.924503596025427     
          26           1  0.474759946558534     
          27           4   1.43745920688382     
          27          26   1.20210019917186     
          28          27  0.890988422844409     
          29          28  0.937682807821068     
          30           5   1.46705387751853     
          30          26   1.19797643914317     
          30          29  0.958905101156353     
          31          28  0.983313092650549     
          32          29  0.935178280237136     
          33          32   1.00604023851265     
          34           1  0.476017741782044     
          35           5   1.22628518619178     
          35          34   1.17448539845445     
          36          35   1.18240833003015     
          37          36   1.37285434995832     
          38           2   1.27362578522938     
          38          34   1.21486760210286     
          38          37   1.13490500697083     
          39          36  0.997604562592264     
          40          37   1.05091610667015     
          41          40   1.80327079837370     
          42           2  0.913359686353962     
          42          40  0.871598533376238     
          43          42  0.984279659207106     
          44          43   1.78658155272552     
          45          43   1.04837704037046     
          46          45  0.977286046668114     
          47          16  0.917731325216311     
          48          47   1.02232900835402     
          49          48   1.88244556267864     
          50          49  0.968730740482777     
          51          49  0.956945287237297     
          52          51  0.975304882510893     
          53          52  0.973211565024662     
          54          53  0.962023209776225     
          55          54  0.984635927585982     
          56          54  0.968045114689878     
          57          56   1.00713076760901     
          58          57  0.973583734988451     
          59          58  0.956631633481748     
          60          59  0.973090472386186     
          61          59  0.962030588951590     
          62          61  0.982215342587125     
          63          62  0.990758109656239     
          64          63  0.959900027063939     
          65          64   1.01654291101996     
          66          64  0.974717922964180     
          67           3  0.932771482654405     
          68           4  0.928699445589226     
          69           5  0.938404893182525     
          70           8  0.928686508366173     
          71           9  0.939619137385257     
          72          11  0.982188831054485     
          73          11  0.978015681600388     
          74          11  0.977355418942941     
          75          12  0.962670006556841     
          76          12  0.965289360217897     
          77          13  0.942408452745303     
          78          13  0.956261222339121     
          79          22  0.964393929748364     
          80          22  0.973096139442732     
          81          22  0.968320159053768     
          82          25  0.969777476115087     
          83          25  0.965455393301208     
          84          25  0.973286237571819     
          85          28  0.947725868153335     
          86          29  0.935866175363883     
          87          31  0.977707744238357     
          88          31  0.977600713948461     
          89          31  0.974477761197897     
          90          32  0.963507890867027     
          91          32  0.967822210283886     
          92          33  0.976932916168766     
          93          33  0.987602457847706     
          94          33  0.981940451978693     
          95          39  0.973243896544663     
          96          39  0.960320573870021     
          97          39  0.972685769553144     
          98          42  0.922814975422954     
          99          46  0.980146144090130     
         100          46  0.985207096961612     
         101          46  0.989299284614192     
         102          47  0.963189563213877     
         103          47  0.959639283092707     
         104          48  0.934468726177051     
         105          50  0.974491063680812     
         106          50  0.977626719991444     
         107          50  0.975455165459122     
         108          51  0.952709878239691     
         109          51  0.966141381440374     
         110          52  0.974901681728064     
         111          52  0.967384657557803     
         112          53  0.962764692048550     
         113          53  0.963996715600399     
         114          54  0.953176275928151     
         115          55  0.973396161440115     
         116          55  0.979976572524432     
         117          55  0.976976393334579     
         118          56  0.965010777108975     
         119          56  0.946187948996473     
         120          57  0.960845138535616     
         121          57  0.967432355394458     
         122          58  0.965893051115903     
         123          58  0.965273158524901     
         124          59  0.957328790514850     
         125          60  0.978005324958850     
         126          60  0.980059080834986     
         127          60  0.982364693041727     
         128          61  0.969348259233703     
         129          61  0.958825979896563     
         130          62  0.964441335567839     
         131          62  0.963369068345246     
         132          63  0.961797866587525     
         133          63  0.965215164715180     
         134          64  0.952211079673097     
         135          65  0.978212874838375     
         136          65  0.970814646079962     
         137          65  0.972023015892268     
         138          66  0.980982432679614     
         139          66  0.982786424592072     
         140          66  0.980497158273808     
