 excitation energies, transition moments and TDA amplitudes
 state    eV      nm       fL        Rv(corr)
    1    2.292   540.9     0.6723     0.2921     0.85( 144-> 145)  0.29( 143-> 147)  0.26( 143-> 145)
    2    2.391   518.6     0.2343     3.1032     0.80( 143-> 145) -0.32( 144-> 147)  0.26( 144-> 146)
    3    3.051   406.4     0.0061     9.3823     0.93( 142-> 145) -0.15( 144-> 147)  0.15( 143-> 145)
    4    3.573   347.0     0.0316    -1.7777     0.61( 141-> 145)  0.44( 144-> 148) -0.41( 144-> 147)
    5    3.708   334.4     0.1573   -20.6899     0.66( 144-> 147)  0.60( 144-> 146)  0.23( 143-> 146)
    6    3.718   333.4     0.1866    -3.6229    -0.64( 144-> 148)  0.61( 141-> 145) -0.24( 144-> 146)
    7    3.965   312.7     0.0918    -7.0529    -0.76( 143-> 148) -0.47( 143-> 146)  0.29( 144-> 146)
    8    4.059   305.4     0.0543    26.7545    -0.55( 139-> 145)  0.38( 143-> 147)  0.33( 143-> 146)
    9    4.085   303.5     0.0534   -11.2850    -0.48( 139-> 145) -0.43( 143-> 147) -0.40( 143-> 146)
