           6           1  0.400772979098221     
           7           2   1.50025650229951     
           7           6   1.15330176622017     
           8           7  0.923009656989859     
           9           8  0.960582400368580     
          10           3   1.44616730779648     
          10           6   1.27405439375136     
          10           9  0.912472885963784     
          11           9  0.978323505177871     
          12           8  0.935220540556419     
          13          12  0.977716700704646     
          14          13  0.924427789155428     
          15          14   1.80624566508862     
          16          14   1.11544630205312     
          17           1  0.550515538783899     
          18           3   1.28017533930289     
          18          17   1.11540074508108     
          19          18   1.21941742705905     
          20          19   1.42448900468240     
          21           4   1.28955640663155     
          21          17   1.17048637702986     
          21          20   1.13655872626369     
          22          19  0.957655327155239     
          23          20  0.983478398728386     
          24          23   1.88729314811219     
          25          23  0.906338725637813     
          26           1  0.428392208570297     
          27           4   1.42418648886256     
          27          26   1.26295898605675     
          28          27  0.898003098370979     
          29          28  0.962979114526458     
          30           5   1.45430705115652     
          30          26   1.20089509396751     
          30          29  0.914034423974232     
          31          28  0.990577262838158     
          32          29  0.967764573426880     
          33          32   1.00266349850148     
          34           1  0.459549374742032     
          35           5   1.24192036549656     
          35          34   1.14831469891758     
          36          35   1.22920246200579     
          37          36   1.33384114217247     
          38           2   1.19198733938619     
          38          34   1.23613795993433     
          38          37   1.16180579051321     
          39          36   1.00386580388237     
          40          37   1.07077887506099     
          41          40   1.81239840067562     
          42           2  0.914070688798434     
          42          40  0.841317259262065     
          43          42  0.971963793180133     
          44          43   1.74470990525978     
          45          43   1.11579708706697     
          46          45  0.957900353068714     
          47          16  0.919148147790787     
          48          47  0.993911951909986     
          49          48   1.90484368424311     
          50          49  0.967965641963210     
          51          49  0.968070732304712     
          52          51  0.961418842295232     
          53          52  0.976485326289476     
          54          53  0.956389335988530     
          55          54  0.969842227655127     
          56          54  0.970051213779103     
          57          56  0.982859570877633     
          58          57  0.985190840655401     
          59          58  0.954462618070090     
          60          59  0.972413309099340     
          61          59  0.979250866882318     
          62          61  0.979797411356234     
          63          62  0.993701665762493     
          64          63  0.973100050693397     
          65          64  0.981200938459360     
          66          64  0.983906680408711     
          67           3  0.925078550153948     
          68           4  0.927031174943457     
          69           5  0.938248705273652     
          70           8  0.936224671517796     
          71           9  0.939661298071461     
          72          11  0.975437363720545     
          73          11  0.978185285259914     
          74          11  0.979766740584332     
          75          12  0.962775506347194     
          76          12  0.963596604995392     
          77          13  0.956573345993091     
          78          13  0.956679989756534     
          79          22  0.974659010609657     
          80          22  0.980764189693702     
          81          22  0.971575141798377     
          82          25  0.978044598569857     
          83          25  0.970096868097790     
          84          25  0.968413724557980     
          85          28  0.937542239189654     
          86          29  0.936314940838710     
          87          31  0.974828163747736     
          88          31  0.978747843310508     
          89          31  0.978849525028907     
          90          32  0.963614525570274     
          91          32  0.960815833960061     
          92          33  0.978899402353234     
          93          33  0.985688169383409     
          94          33  0.980519571558484     
          95          39  0.973447881393988     
          96          39  0.972232028750147     
          97          39  0.958648076633720     
          98          42  0.929302520238317     
          99          46  0.991472803506457     
         100          46  0.978405153137833     
         101          46  0.984501474468970     
         102          47  0.969698236420822     
         103          47  0.965215524218406     
         104          48  0.935274603729493     
         105          50  0.978200252141631     
         106          50  0.981088771212274     
         107          50  0.971430733718347     
         108          51  0.957114953170467     
         109          51  0.963348796949024     
         110          52  0.968572269821938     
         111          52  0.968141270777368     
         112          53  0.957195902774634     
         113          53  0.968728208213756     
         114          54  0.954809678387341     
         115          55  0.979834892243101     
         116          55  0.982068184291341     
         117          55  0.981874515119672     
         118          56  0.962535556042236     
         119          56  0.957443818986858     
         120          57  0.963005755255542     
         121          57  0.961341218618247     
         122          58  0.964296634182665     
         123          58  0.963962457109654     
         124          59  0.948515652505004     
         125          60  0.981696817409729     
         126          60  0.976937979172019     
         127          60  0.981934066513243     
         128          61  0.954261243323801     
         129          61  0.951944400807090     
         130          62  0.960427102016649     
         131          62  0.964094874270131     
         132          63  0.953959570204488     
         133          63  0.960486163510854     
         134          64  0.953164726146478     
         135          65  0.982458110260075     
         136          65  0.977546504948377     
         137          65  0.980997272738554     
         138          66  0.983131687949882     
         139          66  0.979662288576551     
         140          66  0.979903294442977     
