  0.316802964194906     
  1.738966799692321E-002
 -3.608843241240223E-002
 -2.841323185047351E-002
 -3.819748452746285E-002
 -0.164861140008881     
  2.993065564574859E-002
 -2.269262801086480E-002
 -1.774080667800160E-002
  4.084977234616938E-002
 -8.522340446932031E-002
 -7.831016042838534E-002
 -3.717627566813597E-002
  0.202086708928308     
 -0.276119115313720     
 -0.166642041735225     
 -0.223029391615881     
  6.145112778477602E-002
 -6.404000477665672E-002
 -6.538305969187519E-002
  2.954214032249824E-002
 -8.282736375846689E-002
  0.146086195672700     
 -0.250666501460138     
 -7.948837571424061E-002
 -0.164815679324260     
  1.264787034869741E-002
 -1.547439463061018E-003
 -2.666392792839378E-002
  5.245113046672545E-002
 -8.372260557534084E-002
 -6.461268534901254E-002
 -8.342074527418131E-002
 -0.206559814034903     
  2.411462057893399E-002
  2.668959538817761E-002
 -6.834667208619383E-002
  2.183417935746457E-002
 -5.963328886349561E-002
  0.141168027833528     
 -0.236851129223057     
 -3.680738320890420E-002
  0.237557165693453     
 -0.251906896831331     
 -0.158539148781598     
  1.180745759553314E-002
  4.927065937609632E-002
 -5.329725571741939E-002
 -2.682347088465065E-002
 -0.101668224250627     
 -4.859013976517357E-002
 -8.212584284893154E-002
 -6.392946912098463E-002
 -2.844291244892005E-002
 -0.106508284964645     
 -6.147729001491697E-002
 -5.532481714303294E-002
 -8.240599764713252E-002
 -1.468492902664575E-002
 -0.103262418404258     
 -8.206048651014441E-002
 -6.462108352000051E-002
 -7.522173797392817E-002
 -6.828742145657429E-003
 -0.107223905800265     
 -0.122349290308875     
  4.804861229114765E-002
  5.952163092916818E-002
  5.144809382772864E-002
  4.797959714531019E-002
  4.486819520276963E-002
  3.177562260121214E-002
  4.668767341840230E-002
  4.337365867493348E-002
  2.706375814727380E-002
  3.548767130661712E-002
  5.784689911248331E-002
  6.142880137250883E-002
  4.630129406665906E-002
  4.485719920748366E-002
  5.154312461964528E-002
  4.229914416113145E-002
  6.147687883052855E-002
  4.887505329477970E-002
  4.679270517816736E-002
  4.732895672919124E-002
  2.783094523929774E-002
  4.609677334181872E-002
  4.958193016874490E-002
  3.469325599156081E-002
  2.866452866637714E-002
  3.275700449467744E-002
  4.394353619090807E-002
  3.901303531270839E-002
  5.229249369159517E-002
  5.500388152808167E-002
  4.313098645341817E-002
  6.392305457564629E-002
  4.347292939519209E-002
  5.607148046704979E-002
  5.540210820506319E-002
  4.680977919381912E-002
  7.539156474688435E-002
  3.937795221664542E-002
  3.798871022386818E-002
  3.736969981666050E-002
  3.665492937079906E-002
  3.998035087247764E-002
  4.492095569463062E-002
  3.117336227008205E-002
  3.364990742882468E-002
  4.908724403620146E-002
  2.764545186509848E-002
  2.528511947350409E-002
  3.154932409192768E-002
  3.622134061017401E-002
  2.936905140116897E-002
  3.046414419191457E-002
  3.276815933696620E-002
  4.100095587100783E-002
  3.502773526002323E-002
  2.399560885683438E-002
  4.273529143013888E-002
  3.816467858316741E-002
  2.813298480494386E-002
  3.114873586140421E-002
  3.716096458068807E-002
  3.449075745251740E-002
  2.756701881510748E-002
  3.530587735146595E-002
  3.873309615183196E-002
  2.104761974465796E-002
  5.352600497442495E-002
  3.708586606146425E-002
  3.319962545767885E-002
  2.648752847307556E-002
  4.949382430484850E-002
  2.659560863003241E-002
  2.496205377914729E-002
  3.704179590403189E-002
