 excitation energies, transition moments and TDA amplitudes
 state    eV      nm       fL        Rv(corr)
    1    2.219   558.8     0.6579     1.2932     0.84( 142-> 143)  0.38( 141-> 145)  0.25( 141-> 143)
    2    2.344   529.0     0.1450   -11.9321    -0.82( 141-> 143)  0.38( 142-> 145)  0.25( 142-> 143)
    3    3.209   386.3     0.0050   -23.7101     0.92( 140-> 143) -0.18( 142-> 145)  0.14( 142-> 146)
    4    3.429   361.5     0.0916     1.1981     0.62( 142-> 146) -0.52( 142-> 145) -0.37( 139-> 143)
    5    3.586   345.7     0.0126    13.6970    -0.58( 139-> 143) -0.56( 142-> 144) -0.46( 142-> 146)
    6    3.680   336.9     0.0169     3.1866    -0.65( 142-> 144)  0.41( 142-> 145)  0.40( 139-> 143)
    7    3.842   322.7     0.3787   -18.6960     0.71( 141-> 146) -0.52( 141-> 145)  0.22( 142-> 147)
    8    3.896   318.2     0.0437    34.0517    -0.82( 141-> 144) -0.21( 139-> 143)  0.18( 141-> 146)
    9    4.031   307.6     0.0918    15.4174     0.70( 137-> 143) -0.49( 136-> 143) -0.23( 142-> 146)
