           6           1  0.361055220531504     
           7           2   1.36080417302227     
           7           6   1.21879033742595     
           8           7  0.968133714518347     
           9           8  0.970102915721789     
          10           3   1.43144148119379     
          10           6   1.27825658868285     
          10           9  0.919609762335383     
          11           9  0.958041557916467     
          12           8  0.909924715797270     
          13          12  0.979644709046068     
          14          13  0.926255305003936     
          15          14   1.82841535803397     
          16          14   1.08522319267506     
          17           1  0.508864661683402     
          18           3   1.28034907026225     
          18          17   1.23309671277056     
          19          18   1.12811865965447     
          20          19   1.44926260040149     
          21           4   1.30809549126568     
          21          17   1.15424078212358     
          21          20   1.10497644870859     
          22          19  0.969796101764416     
          23          20  0.991757948709034     
          24          23   1.80460959067678     
          25          23  0.999136161198490     
          26           1  0.407715184998590     
          27           4   1.38666863419335     
          27          26   1.22964017881891     
          28          27  0.910260630541485     
          29          28  0.957563020226536     
          30           5   1.46270845066477     
          30          26   1.24622827977908     
          30          29  0.923362112954933     
          31          28  0.980667909855604     
          32          29  0.953777713966658     
          33          32  0.998922931743420     
          34           1  0.518726597595934     
          35           5   1.24122518953798     
          35          34   1.15398263766032     
          36          35   1.18834895267479     
          37          36   1.36897709678199     
          38           2   1.29474694275340     
          38          34   1.17229510960327     
          38          37   1.14566527920670     
          39          36   1.04100561193035     
          40          37   1.04591167029400     
          41          40   1.82830766111279     
          42           2  0.947563157106831     
          42          40  0.859842766993567     
          43          42  0.900346049247103     
          44          43   1.83967026120147     
          45          43   1.08432434118985     
          46          45  0.966401263526889     
          47          16  0.951621804176206     
          48          47  0.996723922943620     
          49          48   1.84130813576810     
          50          49  0.977846858456304     
          51          49   1.00216802663657     
          52          51  0.935797356919261     
          53          52  0.957920230251450     
          54          53  0.962474982720356     
          55          54  0.977150434227307     
          56          54  0.973636090356517     
          57          56  0.998671888610536     
          58          57  0.965132305841764     
          59          58  0.975574185029906     
          60          59  0.991361697766497     
          61          59  0.967609935318989     
          62          61  0.987039576526074     
          63          62  0.965375940325043     
          64          63  0.967293370243766     
          65          64  0.999061289375658     
          66          64  0.974600357401357     
          67           3  0.934856498332436     
          68           4  0.931321772259420     
          69           5  0.935573950465148     
          70           8  0.935983427685817     
          71           9  0.945150252187358     
          72          11  0.981316887647923     
          73          11  0.974740563399841     
          74          11  0.976840908310152     
          75          12  0.967875981420457     
          76          12  0.961473102504517     
          77          13  0.957600607475884     
          78          13  0.953355100540996     
          79          22  0.966455103207413     
          80          22  0.978959819995533     
          81          22  0.971182631887060     
          82          25  0.959769506003169     
          83          25  0.944407093580007     
          84          25  0.966765880199104     
          85          28  0.941587168825208     
          86          29  0.933221372407245     
          87          31  0.978379194809544     
          88          31  0.975018323671959     
          89          31  0.970843288196231     
          90          32  0.965374260885468     
          91          32  0.966884985974150     
          92          33  0.987229385397499     
          93          33  0.980144176866057     
          94          33  0.981700992221135     
          95          39  0.967254249829193     
          96          39  0.946154796026936     
          97          39  0.959886313862404     
          98          42  0.928282601125541     
          99          46  0.991131788351636     
         100          46  0.984746154898075     
         101          46  0.980810863031332     
         102          47  0.962019496966838     
         103          47  0.946487705064056     
         104          48  0.943052987190481     
         105          50  0.976290597563920     
         106          50  0.972985488109323     
         107          50  0.975175592973697     
         108          51  0.960791602784748     
         109          51  0.963939322555688     
         110          52  0.970728808083588     
         111          52  0.968578510738869     
         112          53  0.963795180083649     
         113          53  0.972326978956316     
         114          54  0.955624423296407     
         115          55  0.977721228330436     
         116          55  0.980908395800102     
         117          55  0.978855511440416     
         118          56  0.956985411259029     
         119          56  0.957499954973679     
         120          57  0.961906089164312     
         121          57  0.966597839713270     
         122          58  0.967091690077693     
         123          58  0.956129678726317     
         124          59  0.944752902796969     
         125          60  0.980996679971378     
         126          60  0.974361920480810     
         127          60  0.972743131269529     
         128          61  0.953684976453230     
         129          61  0.965021111137212     
         130          62  0.969922087898278     
         131          62  0.967364230702469     
         132          63  0.971334118087899     
         133          63  0.950774567602321     
         134          64  0.957738913906661     
         135          65  0.976410267302447     
         136          65  0.978407110442687     
         137          65  0.971620675682657     
         138          66  0.979346513159405     
         139          66  0.983067511745450     
         140          66  0.975880503220766     
