  0.306576362847862     
  1.607901906445486E-002
 -2.664578956559804E-002
 -4.489009187593851E-002
 -2.930717313694498E-002
 -0.146884016574532     
  3.741475892151591E-002
 -1.588722341144866E-002
 -2.050321753521178E-002
  2.435188918790665E-002
 -9.581143506383860E-002
 -5.822283551031848E-002
 -5.798584075484925E-002
  0.222356414725342     
 -0.307484247826347     
 -0.138535187870741     
 -0.228600790746465     
  3.662432602021326E-002
 -1.848727174340592E-002
 -5.376906071904397E-002
  2.844670533498617E-002
 -6.228066795773124E-002
  0.121533523404771     
 -0.274591860575383     
 -8.405275997951733E-002
 -0.161170707721099     
  3.806132277789320E-002
 -2.218676002387987E-002
 -3.446227062743379E-002
  3.981917780642341E-002
 -8.349732153952338E-002
 -6.623202574539633E-002
 -8.754665120322880E-002
 -0.211708078942033     
  3.613571257196257E-002
 -1.239325228149735E-002
 -5.530083456725077E-002
  2.826162200657345E-002
 -6.963601239369588E-002
  0.143377351190739     
 -0.224691723337587     
 -3.239952939142210E-002
  0.215329454315445     
 -0.260396916904910     
 -0.141287967651931     
  6.855670974194705E-003
  5.285602984773119E-002
 -7.713029135385696E-002
 -1.133984570557534E-002
 -9.141460951444369E-002
 -5.659125200447424E-002
 -4.978139273839233E-002
 -6.859088699920246E-002
 -2.984810458473408E-002
 -0.102105887907972     
 -7.126170583780134E-002
 -5.643263796081488E-002
 -7.221401936099525E-002
 -2.582754415458854E-002
 -9.952925158019710E-002
 -7.021296785362896E-002
 -6.611852120318318E-002
 -6.347411751735432E-002
 -1.767948511815565E-002
 -0.103302851830099     
 -0.113794039374239     
  6.664344816952972E-002
  5.685488691901364E-002
  5.659524242491232E-002
  5.448805933063749E-002
  4.875034584878479E-002
  3.562363480220443E-002
  3.919487183168213E-002
  3.330301721188311E-002
  3.155857054830558E-002
  3.750803873050035E-002
  3.692099301839935E-002
  4.995078828196986E-002
  5.447026959901358E-002
  4.342092381311669E-002
  5.306302691849052E-002
  4.557817741689740E-002
  4.850407107733912E-002
  5.623797366207606E-002
  5.065613539918634E-002
  5.093509347045078E-002
  4.477641244669694E-002
  3.505777964773227E-002
  4.018356875863238E-002
  3.308147610866075E-002
  3.564306866050215E-002
  3.979356572434967E-002
  3.500235565259147E-002
  3.999997177849957E-002
  5.440282880233049E-002
  4.765213924983058E-002
  4.543669533287664E-002
  6.528765840691453E-002
  4.892494763209454E-002
  4.777412890618793E-002
  6.348553466504858E-002
  5.684717522774840E-002
  7.513867339660629E-002
  3.548492496472422E-002
  4.150926141987044E-002
  3.875398377509209E-002
  4.942616002145162E-002
  2.851518390613716E-002
  3.168750968748790E-002
  3.444085783691853E-002
  3.845707002877152E-002
  4.005695550756461E-002
  2.986337229581415E-002
  3.868444402142412E-002
  3.935483705823883E-002
  3.035746137559969E-002
  3.227566823913586E-002
  3.225250217375586E-002
  3.189052836548467E-002
  2.787874346075825E-002
  3.398969757844961E-002
  2.559858681800453E-002
  1.820510539001174E-002
  4.099636704409759E-002
  3.595344787116461E-002
  3.618286731564369E-002
  4.322322582667182E-002
  3.034367218400424E-002
  3.402823542422162E-002
  2.855155674507481E-002
  3.238045445965432E-002
  3.495154340036555E-002
  3.331368426835124E-002
  3.553509456742088E-002
  2.683420208157372E-002
  3.274533545723013E-002
  3.962928932128884E-002
  3.572451933686571E-002
  3.066681208483946E-002
  3.093088459501470E-002
