  0.296984298825658     
  1.529661391224479E-002
 -1.993888448059167E-002
 -3.611358066447501E-002
 -4.128723333375550E-002
 -0.127201694812113     
  2.455098472135697E-002
 -1.780303604032962E-002
 -3.315657048562937E-002
  2.001116348434051E-002
 -0.102027330120626     
 -4.915381900369553E-002
 -6.404050634837688E-002
  0.218631784112565     
 -0.271819983283418     
 -0.140434916520170     
 -0.229852619269615     
 -9.844680089214464E-003
 -5.116633658701719E-002
 -5.397973083694563E-002
  5.610954513267696E-002
 -6.878466594403854E-002
  0.132553824937557     
 -0.247723773094235     
 -7.975821676077999E-002
 -0.183491350085252     
  5.139771109906954E-002
 -1.002730319409029E-002
 -3.491693433863752E-002
  5.541965958521322E-002
 -8.401967263852761E-002
 -4.373411452962017E-002
 -8.983228849431946E-002
 -0.219938378650628     
  4.363120713460500E-002
  5.624212400072715E-004
 -6.545050860622048E-002
  1.625304781417913E-002
 -6.694972927283427E-002
  0.155846503415521     
 -0.224504878689539     
 -3.545170182674084E-003
  0.211834147039113     
 -0.273485487172977     
 -0.162890741371887     
  1.405372104949087E-002
  4.529619291314768E-002
 -8.667013658980949E-002
 -1.868327973978534E-002
 -8.423793627186349E-002
 -6.483529009879518E-002
 -6.271972745262655E-002
 -6.092608100058605E-002
 -3.815098619147417E-002
 -0.109471783007200     
 -6.235054873131496E-002
 -6.888312526536566E-002
 -8.929263695223888E-002
 -3.718914687879593E-002
 -0.102058825944872     
 -6.546245753348945E-002
 -6.218498661909333E-002
 -8.394100917159353E-002
 -1.084597994709480E-002
 -0.108447086383626     
 -9.678527828184613E-002
  5.549952781441858E-002
  5.507554788899660E-002
  5.154507322209778E-002
  5.571839025032077E-002
  4.241242008372836E-002
  3.943075521943751E-002
  2.983237832581365E-002
  4.464655338086421E-002
  5.118489750782629E-002
  3.539449076455681E-002
  3.200824829464022E-002
  4.724101590547647E-002
  5.646297992898286E-002
  5.344935689221320E-002
  5.105604776892569E-002
  5.345311491615323E-002
  5.371060605438993E-002
  5.876590877512844E-002
  4.916258861812073E-002
  5.656847813265298E-002
  3.971194403535450E-002
  3.609150368885672E-002
  4.107057345426635E-002
  3.382284259917323E-002
  4.075292232337546E-002
  3.583278278935442E-002
  3.313307749679262E-002
  3.738286205134222E-002
  4.969436860567034E-002
  5.038975085761954E-002
  4.334133051159383E-002
  6.588342923910007E-002
  4.670774954860035E-002
  5.308194425249357E-002
  5.474426196499216E-002
  5.702864684341558E-002
  6.079586555062477E-002
  3.101287491267113E-002
  3.837316023941384E-002
  4.094060177454006E-002
  4.664144916073187E-002
  3.668130720003793E-002
  3.793312102927149E-002
  4.108088265637266E-002
  3.282541188605204E-002
  4.030883341671454E-002
  3.478547511057606E-002
  2.714575775937067E-002
  3.669490652670993E-002
  2.906984599168805E-002
  3.021299724030579E-002
  3.028544267074629E-002
  4.652796878558429E-002
  3.435101133133911E-002
  3.161622070433834E-002
  3.114410733366790E-002
  3.626737742708663E-002
  4.205494865831294E-002
  3.575457383532388E-002
  3.451113774277592E-002
  3.189407726561422E-002
  3.738186289679668E-002
  4.317968064537070E-002
  3.982029291820977E-002
  3.527737911274587E-002
  4.361639217468427E-002
  2.156113808738580E-002
  3.921619177968361E-002
  2.158816619736115E-002
  3.778215301024679E-002
  3.399588465833181E-002
  2.627214618398288E-002
  3.311237109484932E-002
  3.857622557066609E-002
