  0.292252213833986     
  6.398123066887251E-003
 -3.445525745472633E-002
 -1.760079687439120E-002
 -2.249149747161194E-002
 -0.159068988120378     
  3.063634903339052E-002
 -4.148218765026890E-002
 -2.162522609001716E-002
  1.227898211158296E-002
 -8.523850843386782E-002
 -5.684047221697686E-002
 -4.700959820307204E-002
  0.198182728179892     
 -0.263617635296790     
 -0.143778094738110     
 -0.226941680769568     
 -8.963583624121974E-003
 -3.423491025004388E-002
 -7.152624346216818E-002
  4.001249692821185E-002
 -7.042879946260072E-002
  0.163326741947232     
 -0.247753857308543     
 -9.244293530040171E-002
 -0.143066904796370     
  3.784571739486875E-002
 -1.735178299918871E-003
 -7.608082676407335E-003
  3.255017330108290E-002
 -9.784582880118542E-002
 -3.983581427315031E-002
 -9.911832573247459E-002
 -0.209080862881207     
  2.917061816445976E-002
  1.656626625019886E-002
 -3.415476913701632E-002
  2.559599824471093E-002
 -5.829068502327495E-002
  0.110128135475110     
 -0.239066765224528     
 -1.348145046782712E-002
  0.233448372169527     
 -0.237916132035641     
 -0.182876696822396     
 -5.432271062058014E-003
  3.746754830200061E-002
 -8.575100371847011E-002
 -1.942264797144677E-002
 -9.856571468911302E-002
 -6.653103014781170E-002
 -5.262758349281249E-002
 -7.636728576021579E-002
 -1.451763627390701E-002
 -9.620203381783377E-002
 -6.665489219296994E-002
 -8.258001419622918E-002
 -7.388614061148857E-002
 -1.455223120604998E-002
 -9.579717847128766E-002
 -6.710530131380743E-002
 -6.816990352747609E-002
 -7.600913226190986E-002
 -1.920867730929210E-002
 -0.101282798575747     
 -0.102532582103301     
  6.214658304915766E-002
  4.945296933132493E-002
  5.239859855667950E-002
  5.600316617044787E-002
  4.937353446158355E-002
  3.508200749462487E-002
  4.691967926438378E-002
  4.124320740972320E-002
  3.404842504721406E-002
  4.552592811050316E-002
  4.307612373980207E-002
  5.876638462274852E-002
  4.611695731343990E-002
  5.641376930151953E-002
  5.915250746961365E-002
  5.288083209391847E-002
  4.183535946686656E-002
  4.894476703264772E-002
  4.783276645243750E-002
  5.447329796206823E-002
  3.806550939349451E-002
  2.959420155333048E-002
  3.381911446945329E-002
  3.729773485665877E-002
  3.810381307229571E-002
  2.873636914933808E-002
  4.425119284667955E-002
  2.731030898137221E-002
  5.291715844615263E-002
  5.574595209512045E-002
  4.756706346200446E-002
  6.864352462646972E-002
  4.803335540310372E-002
  5.115337289039257E-002
  5.098389222313671E-002
  6.490631937146418E-002
  4.903833605531382E-002
  3.575098376553643E-002
  3.956468196352658E-002
  4.943409301983859E-002
  3.862639475735197E-002
  5.391840389247182E-002
  3.527771733127172E-002
  4.336510075497435E-002
  3.805941726581541E-002
  2.983803167115340E-002
  3.230015286440158E-002
  3.413050149587915E-002
  2.838647572866415E-002
  3.495315781271424E-002
  3.736994896331636E-002
  3.613135038100901E-002
  3.729536759656482E-002
  3.387627375560609E-002
  2.415776889842103E-002
  3.081540223426793E-002
  2.217865812126629E-002
  3.110973602726164E-002
  3.258775679263803E-002
  3.133839330888133E-002
  4.062679931048596E-002
  3.301940108417611E-002
  3.886691788292795E-002
  3.269834953557516E-002
  3.404065878947615E-002
  3.349678492661579E-002
  2.921893565456102E-002
  3.370087949116363E-002
  2.684029315845660E-002
  3.677901539494510E-002
  3.141039271267521E-002
  3.276681648465962E-002
  3.430613096026014E-002
  3.082213616389706E-002
