 excitation energies, transition moments and TDA amplitudes
 state    eV      nm       fL        Rv(corr)
    1    2.191   565.8     0.5362     6.9354    -0.77( 143-> 144)  0.44( 142-> 144) -0.32( 142-> 146)
    2    2.314   535.8     0.3344     2.2781    -0.74( 142-> 144) -0.44( 143-> 144)  0.35( 143-> 146)
    3    3.104   399.4     0.0174   -10.9475     0.88( 141-> 144) -0.26( 140-> 144) -0.18( 142-> 144)
    4    3.519   352.3     0.0081     6.9221     0.65( 140-> 144) -0.46( 139-> 144) -0.35( 143-> 146)
    5    3.614   343.1     0.1540    13.6169    -0.84( 143-> 145) -0.34( 143-> 147) -0.23( 140-> 144)
    6    3.755   330.2     0.0775     8.1476    -0.63( 143-> 148)  0.53( 143-> 147)  0.30( 143-> 146)
    7    3.898   318.1     0.0579    15.9040     0.58( 142-> 145) -0.51( 139-> 144)  0.27( 143-> 146)
    8    4.022   308.2     0.0104     4.5445    -0.66( 136-> 144) -0.45( 135-> 144)  0.25( 139-> 144)
    9    4.049   306.2     0.0390     5.2615     0.50( 137-> 144) -0.43( 139-> 144) -0.31( 143-> 146)
