           6           1  0.351530348352861     
           7           2   1.36457360900177     
           7           6   1.28855615492415     
           8           7  0.933779265535611     
           9           8  0.940021184196561     
          10           3   1.37455750043424     
          10           6   1.23569128144588     
          10           9  0.946218140486061     
          11           9  0.981906433406945     
          12           8  0.926635182310007     
          13          12  0.992680686602109     
          14          13  0.925483721148676     
          15          14   1.81722943277731     
          16          14   1.08943589615726     
          17           1  0.465339425930450     
          18           3   1.33909412280404     
          18          17   1.09396796576885     
          19          18   1.16803210339684     
          20          19   1.47568810591556     
          21           4   1.27645901448460     
          21          17   1.27973648638196     
          21          20   1.06312226951227     
          22          19  0.980248519951351     
          23          20  0.984790091824905     
          24          23   1.84266616646518     
          25          23  0.962277555935927     
          26           1  0.467273710836788     
          27           4   1.42995465585430     
          27          26   1.26341125618814     
          28          27  0.916416591196863     
          29          28  0.964091920745993     
          30           5   1.55777731360085     
          30          26   1.12459832866501     
          30          29  0.918388775409678     
          31          28  0.974892657786891     
          32          29  0.973494916697195     
          33          32  0.999496685475313     
          34           1  0.530216452206759     
          35           5   1.18416820411699     
          35          34   1.17307880454824     
          36          35   1.20455921025896     
          37          36   1.31562012093631     
          38           2   1.16249166524537     
          38          34   1.18572287090785     
          38          37   1.22093463165398     
          39          36   1.01571440813885     
          40          37   1.09316820148228     
          41          40   1.78630986430981     
          42           2  0.990794622335260     
          42          40  0.845193408272934     
          43          42  0.907652229184272     
          44          43   1.88393309727231     
          45          43   1.01294682051295     
          46          45  0.975667697788995     
          47          16  0.967244502246856     
          48          47  0.953145128126372     
          49          48   1.93640253546054     
          50          49  0.962989365403996     
          51          49  0.965554552686786     
          52          51  0.953477821197620     
          53          52  0.981092347606729     
          54          53  0.958557637331010     
          55          54  0.992447659962132     
          56          54  0.987706248931310     
          57          56  0.975085090502034     
          58          57  0.968342585222011     
          59          58  0.989712916778762     
          60          59  0.970019854125915     
          61          59  0.969659765712247     
          62          61  0.983941966755648     
          63          62  0.984469201239149     
          64          63  0.970723845296104     
          65          64   1.00218169091745     
          66          64  0.982322575158198     
          67           3  0.927751331515695     
          68           4  0.930708892121361     
          69           5  0.932534409027026     
          70           8  0.938714912816246     
          71           9  0.939404418247775     
          72          11  0.979669920528588     
          73          11  0.975139986481169     
          74          11  0.968265536179693     
          75          12  0.965200515204024     
          76          12  0.962211617598938     
          77          13  0.958272079386551     
          78          13  0.942099459967736     
          79          22  0.975075780658760     
          80          22  0.964211500894935     
          81          22  0.971404533772952     
          82          25  0.950417506845205     
          83          25  0.968428508470243     
          84          25  0.971099218287507     
          85          28  0.945867300026628     
          86          29  0.933449730774961     
          87          31  0.975039065251533     
          88          31  0.980720481552905     
          89          31  0.974887455458455     
          90          32  0.961997355214997     
          91          32  0.960817453942347     
          92          33  0.983165166023917     
          93          33  0.966265933033730     
          94          33  0.984362407571378     
          95          39  0.958339862000964     
          96          39  0.971950966881618     
          97          39  0.965614558755326     
          98          42  0.923128252975986     
          99          46  0.986017355988352     
         100          46  0.982166634505671     
         101          46  0.987449431735323     
         102          47  0.956598462602666     
         103          47  0.970269954066381     
         104          48  0.931911497790948     
         105          50  0.967847012368662     
         106          50  0.977419790987604     
         107          50  0.975140511113850     
         108          51  0.953676644901677     
         109          51  0.962896154892378     
         110          52  0.966677190638484     
         111          52  0.967360029408425     
         112          53  0.968409881150894     
         113          53  0.965324951143861     
         114          54  0.948835569316119     
         115          55  0.977784414559450     
         116          55  0.971866053087703     
         117          55  0.977155775126345     
         118          56  0.959107159565234     
         119          56  0.957363278605865     
         120          57  0.967205254406095     
         121          57  0.970444141709510     
         122          58  0.960410410088925     
         123          58  0.968948538343024     
         124          59  0.946750415738172     
         125          60  0.980762166971920     
         126          60  0.985357566362952     
         127          60  0.979152494843128     
         128          61  0.964704191698041     
         129          61  0.955274225370251     
         130          62  0.961797244575293     
         131          62  0.966629044400487     
         132          63  0.962935934456996     
         133          63  0.959737585204462     
         134          64  0.953985296385737     
         135          65  0.977088299856205     
         136          65  0.974406389677175     
         137          65  0.978311986411546     
         138          66  0.983590505811794     
         139          66  0.978499682326326     
         140          66  0.982785895834236     
