 excitation energies, transition moments and TDA amplitudes
 state    eV      nm       fL        Rv(corr)
    1    2.258   549.1     0.7419     0.2924     0.86( 142-> 143)  0.37( 141-> 145)  0.23( 141-> 143)
    2    2.432   509.8     0.2098     2.8116     0.81( 141-> 143) -0.45( 142-> 145) -0.23( 142-> 143)
    3    3.164   391.9     0.0029    11.9397     0.96( 140-> 143) -0.12( 139-> 144)  0.10( 140-> 144)
    4    3.586   345.7     0.0471    -1.4343     0.46( 139-> 143) -0.45( 137-> 143)  0.43( 142-> 145)
    5    3.612   343.2     0.0389     1.6302    -0.57( 137-> 143) -0.49( 136-> 143) -0.34( 139-> 143)
    6    3.649   339.8     0.1101    49.1611     0.80( 142-> 144) -0.42( 139-> 143)  0.19( 141-> 145)
    7    3.799   326.3     0.2187    12.1962     0.58( 142-> 147)  0.54( 139-> 143)  0.30( 142-> 144)
    8    4.042   306.7     0.0266    20.7561    -0.44( 141-> 144)  0.38( 134-> 143) -0.30( 136-> 143)
    9    4.093   302.9     0.0514    22.1625    -0.51( 141-> 144) -0.35( 134-> 143) -0.27( 141-> 145)
