           6           1  0.415310576541901     
           7           2   1.41203150629968     
           7           6   1.19891005929507     
           8           7  0.974528433120302     
           9           8  0.948958145433621     
          10           3   1.44724733182281     
          10           6   1.22377109758763     
          10           9  0.929973103338751     
          11           9  0.966036458079938     
          12           8  0.927473028779802     
          13          12  0.966973866124420     
          14          13  0.948863890061148     
          15          14   1.86443174466435     
          16          14   1.03358771773495     
          17           1  0.487907492124563     
          18           3   1.27165892368045     
          18          17   1.14551706527915     
          19          18   1.17682914529259     
          20          19   1.46173030171728     
          21           4   1.24828561163639     
          21          17   1.24519547674963     
          21          20   1.08862745315479     
          22          19  0.992502215688969     
          23          20  0.984288212975263     
          24          23   1.81685040014836     
          25          23  0.981352192589200     
          26           1  0.447804825569508     
          27           4   1.47065185415114     
          27          26   1.21450420870284     
          28          27  0.919644126622910     
          29          28  0.955862220812590     
          30           5   1.46637129923002     
          30          26   1.20018622660328     
          30          29  0.930294009287040     
          31          28  0.981498576995161     
          32          29  0.948497426214919     
          33          32  0.979446461291433     
          34           1  0.490714892394687     
          35           5   1.26196703526753     
          35          34   1.10754388942776     
          36          35   1.22343611944017     
          37          36   1.36831022086655     
          38           2   1.24507237447149     
          38          34   1.24688290188419     
          38          37   1.12456654207835     
          39          36  0.993878063421216     
          40          37   1.06410629309386     
          41          40   1.81239876750382     
          42           2  0.908142793189538     
          42          40  0.847392865719840     
          43          42  0.950539328375417     
          44          43   1.82812097639347     
          45          43   1.03263841721654     
          46          45  0.974962230039750     
          47          16  0.951460513005915     
          48          47  0.986115164754060     
          49          48   1.86726952188680     
          50          49   1.00564751134838     
          51          49  0.988402311895612     
          52          51  0.952796267195768     
          53          52   1.00581062589552     
          54          53  0.958292111113688     
          55          54  0.990648345720857     
          56          54  0.973127752002292     
          57          56  0.995059143824654     
          58          57  0.967341544382802     
          59          58  0.958739184912939     
          60          59  0.977546641612846     
          61          59  0.976701156710286     
          62          61  0.992202184464528     
          63          62  0.981694397093787     
          64          63  0.963768733017395     
          65          64  0.996230772715720     
          66          64  0.988550147854583     
          67           3  0.930712663064677     
          68           4  0.924864599027304     
          69           5  0.929601857386533     
          70           8  0.929744810711326     
          71           9  0.943273210787697     
          72          11  0.975978852840014     
          73          11  0.981738326128774     
          74          11  0.975522759791937     
          75          12  0.965159462613152     
          76          12  0.961553498023414     
          77          13  0.952465693639037     
          78          13  0.962844066885479     
          79          22  0.967280042955628     
          80          22  0.974364024824296     
          81          22  0.962964212784354     
          82          25  0.959894528163734     
          83          25  0.955454327879790     
          84          25  0.969889452086397     
          85          28  0.939127702333040     
          86          29  0.933928717093793     
          87          31  0.977511588292364     
          88          31  0.975713407136162     
          89          31  0.972127917533130     
          90          32  0.969366346195679     
          91          32  0.968225837970368     
          92          33  0.969337256382269     
          93          33  0.986939419325907     
          94          33  0.985763103266319     
          95          39  0.964905137253989     
          96          39  0.978407346868113     
          97          39  0.967902499793831     
          98          42  0.933396010430330     
          99          46  0.982630145881637     
         100          46  0.982279237637947     
         101          46  0.987614346795210     
         102          47  0.963397654523474     
         103          47  0.963862502349074     
         104          48  0.942186233116902     
         105          50  0.963816034489767     
         106          50  0.968360511406118     
         107          50  0.969410423516555     
         108          51  0.949531424311773     
         109          51  0.963678488843904     
         110          52  0.969122364816927     
         111          52  0.961856436915683     
         112          53  0.959131405277611     
         113          53  0.958771843366876     
         114          54  0.950590052279201     
         115          55  0.980492612553493     
         116          55  0.976145753174450     
         117          55  0.977090688351118     
         118          56  0.956091816631774     
         119          56  0.963014037859726     
         120          57  0.969058934165423     
         121          57  0.971249040500705     
         122          58  0.968278306393988     
         123          58  0.965578830858547     
         124          59  0.950628969789820     
         125          60  0.983765245870590     
         126          60  0.979698560302928     
         127          60  0.978758982690415     
         128          61  0.957354123242320     
         129          61  0.959764012046855     
         130          62  0.959801171661756     
         131          62  0.962676525737005     
         132          63  0.962033399489568     
         133          63  0.965698537048180     
         134          64  0.958434732209712     
         135          65  0.974231957408987     
         136          65  0.978851855555488     
         137          65  0.977925317468745     
         138          66  0.981602210335609     
         139          66  0.979470397087160     
         140          66  0.975613544500507     
