  0.285545431975332     
 -2.164887436630458E-003
 -3.306393838622412E-002
 -3.980237861619962E-002
 -3.662936245564818E-002
 -0.148412690522494     
  4.454517268759295E-002
 -2.455681722902092E-002
 -2.145200486911314E-002
  4.900056567186617E-003
 -7.123855954604430E-002
 -5.622631494128161E-002
 -6.962530793221955E-002
  0.232075060213233     
 -0.308761479587849     
 -0.129435705351908     
 -0.216886041558171     
  8.170740747400984E-003
 -1.570824613732036E-003
 -4.805355090665042E-002
  4.365548293943089E-003
 -6.520296151553051E-002
  0.119597318695844     
 -0.254285676378525     
 -8.668448192383149E-002
 -0.156647941433981     
  4.851226269413456E-002
 -3.939677772296779E-002
 -2.837340856967963E-002
  2.780706078313822E-002
 -9.074039228000075E-002
 -6.008449893010237E-002
 -8.441344616144164E-002
 -0.231496016533428     
  3.531955715249868E-002
 -1.006022360574921E-002
 -7.688440821957521E-002
  3.735572840042733E-002
 -5.571656978668482E-002
  0.166716606282430     
 -0.205122976565820     
 -1.390399136835452E-002
  0.230345227994155     
 -0.295813081775562     
 -0.159753734226643     
  1.572822944746433E-002
  6.011501041880685E-002
 -7.321502514336942E-002
 -1.180367155423312E-002
 -9.171525891904153E-002
 -3.417525727184856E-002
 -8.270469748774989E-002
 -8.532409967709942E-002
 -2.391133128223188E-002
 -0.106160321899329     
 -6.574412966929177E-002
 -6.400210121058070E-002
 -7.022286373915332E-002
 -2.670667556579964E-002
 -0.113538176074711     
 -7.407707984447853E-002
 -5.756061770213883E-002
 -6.109169860487995E-002
 -4.544406851141858E-002
 -0.105618723825616     
 -9.641887061112886E-002
  5.600502280829289E-002
  5.304372789696177E-002
  5.332003667073404E-002
  5.820152131482226E-002
  4.914660520690584E-002
  5.045787587801143E-002
  4.291447920155722E-002
  4.440511967969585E-002
  4.307310085860316E-002
  3.177115957991283E-002
  5.123800891065700E-002
  4.808852147100828E-002
  5.509568736261028E-002
  3.789251434583363E-002
  5.649702216359076E-002
  4.437616976494430E-002
  5.190720752485267E-002
  5.543030158017770E-002
  3.774123588363132E-002
  5.014140325612904E-002
  3.223525891205903E-002
  4.597014686307010E-002
  4.248550237075177E-002
  3.687912614648148E-002
  3.906385580142357E-002
  4.304934074899269E-002
  3.358414462961912E-002
  4.367094294583018E-002
  5.490361260093179E-002
  4.889654811209654E-002
  5.518293102416838E-002
  7.720558740047678E-002
  5.039036856867773E-002
  4.991213964483565E-002
  5.521650966178493E-002
  5.214853924825480E-002
  7.020945876514917E-002
  2.564871922470979E-002
  4.354351008758495E-002
  4.059711529312804E-002
  4.064771124251232E-002
  5.547187688684119E-002
  4.078142119719419E-002
  1.985547033228019E-002
  2.897331388147528E-002
  2.247664019718287E-002
  3.221168264373286E-002
  3.526526770937477E-002
  3.691473205059803E-002
  3.606290558431857E-002
  2.776434653105875E-002
  3.872468561391995E-002
  4.106377837973563E-002
  4.107978253555800E-002
  4.071080596006615E-002
  4.096273576773612E-002
  3.760391833714993E-002
  4.077632523304320E-002
  3.129167352493611E-002
  3.262026067856549E-002
  3.354129051659838E-002
  3.016984757340457E-002
  3.205236869897887E-002
  3.108437290558164E-002
  3.685265532913062E-002
  3.475512083170729E-002
  2.866356333284215E-002
  1.556826016129831E-002
  3.097311475689923E-002
  2.793593012152640E-002
  3.603856232517122E-002
  3.578448084866848E-002
  4.506093376714915E-002
  3.951619232639592E-002
