 excitation energies, transition moments and TDA amplitudes
 state    eV      nm       fL        Rv(corr)
    1    2.220   558.5     0.8033     4.0477    -0.88( 142-> 143)  0.34( 141-> 145) -0.25( 141-> 144)
    2    2.376   521.9     0.0743    -0.1277    -0.83( 141-> 143) -0.35( 142-> 145)  0.32( 142-> 144)
    3    3.233   383.5     0.0008     9.5302     0.94( 140-> 143)  0.14( 139-> 144) -0.13( 139-> 143)
    4    3.426   361.9     0.0307    -0.3784     0.66( 139-> 143)  0.51( 142-> 145) -0.34( 142-> 146)
    5    3.600   344.4     0.0396    10.8501    -0.56( 142-> 146) -0.46( 139-> 143)  0.40( 142-> 145)
    6    3.685   336.4     0.0348     3.1440     0.67( 142-> 144)  0.53( 142-> 146)  0.36( 142-> 145)
    7    3.795   326.7     0.0394    -0.8368     0.68( 138-> 143) -0.47( 136-> 143)  0.33( 142-> 144)
    8    3.998   310.1     0.3847     5.6602     0.51( 142-> 147)  0.49( 141-> 144)  0.35( 141-> 146)
    9    4.012   309.0     0.1837   -56.2595    -0.62( 141-> 145)  0.45( 141-> 146) -0.45( 141-> 144)
