           6           1  0.408932562737745     
           7           2   1.25907554120428     
           7           6   1.34490794341828     
           8           7  0.940022542453997     
           9           8  0.950476266703412     
          10           3   1.42325965424379     
          10           6   1.18091775723131     
          10           9  0.912139302705229     
          11           9  0.982392398738570     
          12           8  0.931013931500738     
          13          12  0.987206838287081     
          14          13  0.910077730672559     
          15          14   1.79026478442063     
          16          14   1.14908168366255     
          17           1  0.565198499966786     
          18           3   1.28735242190617     
          18          17   1.16416545005204     
          19          18   1.14789042490679     
          20          19   1.38305940481422     
          21           4   1.22480340983023     
          21          17   1.15411210896566     
          21          20   1.17168561521561     
          22          19   1.02109134232633     
          23          20   1.02613205120601     
          24          23   1.80056189432779     
          25          23  0.943362501045712     
          26           1  0.473249705964113     
          27           4   1.49062549357329     
          27          26   1.25491809682593     
          28          27  0.882116149444990     
          29          28  0.975624367624525     
          30           5   1.48051316225450     
          30          26   1.13159443828645     
          30          29  0.955205257234251     
          31          28  0.960099034756549     
          32          29  0.927025772689377     
          33          32   1.00029061805473     
          34           1  0.380215112419261     
          35           5   1.24791511091566     
          35          34   1.27381251574255     
          36          35   1.09729401956077     
          37          36   1.45286855663794     
          38           2   1.33928300647597     
          38          34   1.16314634676364     
          38          37   1.14080892298549     
          39          36   1.00034516535653     
          40          37  0.988809054148111     
          41          40   1.89096825334780     
          42           2  0.945079575256692     
          42          40  0.840084556941403     
          43          42  0.968841982224487     
          44          43   1.77286066348370     
          45          43   1.08441028963414     
          46          45  0.968200273847285     
          47          16  0.941614915307134     
          48          47  0.983444674490605     
          49          48   1.89398811093407     
          50          49  0.985982990496899     
          51          49  0.975638441650143     
          52          51  0.967638697176152     
          53          52  0.972275231662588     
          54          53  0.964186449697912     
          55          54  0.975860547354618     
          56          54  0.977306844569833     
          57          56  0.976090740846663     
          58          57  0.985416289085780     
          59          58  0.962136704800396     
          60          59  0.970991950836686     
          61          59  0.988317771852427     
          62          61  0.973952724213154     
          63          62  0.981465569019330     
          64          63  0.985064079280861     
          65          64  0.980176775612619     
          66          64  0.976490179805503     
          67           3  0.934408819136633     
          68           4  0.926948920768704     
          69           5  0.936266640687092     
          70           8  0.936558614202428     
          71           9  0.944559245896396     
          72          11  0.976255166869404     
          73          11  0.974189285278378     
          74          11  0.972719926340958     
          75          12  0.966887140484009     
          76          12  0.967170195485115     
          77          13  0.951752785231357     
          78          13  0.949001749851653     
          79          22  0.949922249672084     
          80          22  0.969296894325772     
          81          22  0.959969310340653     
          82          25  0.975552591578857     
          83          25  0.959381073905824     
          84          25  0.965124863611266     
          85          28  0.946192344910323     
          86          29  0.931184673479332     
          87          31  0.983360606299732     
          88          31  0.978526545948291     
          89          31  0.982330564920001     
          90          32  0.969511402402149     
          91          32  0.963862470973642     
          92          33  0.984574057644906     
          93          33  0.984639681837459     
          94          33  0.978304999313425     
          95          39  0.963040297515539     
          96          39  0.977000239137665     
          97          39  0.968709944777839     
          98          42  0.914272040960385     
          99          46  0.989908611930772     
         100          46  0.985563488635974     
         101          46  0.982743050732094     
         102          47  0.963937992028645     
         103          47  0.955234028909539     
         104          48  0.939029219169131     
         105          50  0.968484347036532     
         106          50  0.974200915075395     
         107          50  0.973106151213521     
         108          51  0.956638768377631     
         109          51  0.958414528310752     
         110          52  0.969821345067461     
         111          52  0.965875105060395     
         112          53  0.963478590039054     
         113          53  0.965187288728552     
         114          54  0.954213210263280     
         115          55  0.979413642984361     
         116          55  0.982617933188827     
         117          55  0.984363456094152     
         118          56  0.963355534191108     
         119          56  0.959658086816223     
         120          57  0.968526315090287     
         121          57  0.968393141236614     
         122          58  0.959598134981801     
         123          58  0.961600695112044     
         124          59  0.951064067690683     
         125          60  0.982726511139433     
         126          60  0.978988436122513     
         127          60  0.983653034294335     
         128          61  0.961120394665271     
         129          61  0.959821825180418     
         130          62  0.969371903513811     
         131          62  0.973035796332560     
         132          63  0.963002447719763     
         133          63  0.962574178089975     
         134          64  0.962401843438832     
         135          65  0.977427534819186     
         136          65  0.977254208459463     
         137          65  0.983641123020292     
         138          66  0.982616345088980     
         139          66  0.983481047719240     
         140          66  0.978201737121259     
