  0.305807241873766     
  1.835384384972860E-002
 -7.718335621590278E-002
 -2.281472265222817E-002
 -1.570301398042329E-002
 -0.170352953098419     
  2.871588871654351E-002
 -1.402561865811247E-002
 -1.505743824387551E-002
  2.631369704117992E-002
 -7.983940338725315E-002
 -5.892566466949845E-002
 -5.357543065154324E-002
  0.231175635566026     
 -0.301624851700955     
 -0.154300155113651     
 -0.203040194698875     
  2.520581219949580E-003
 -7.482482542146318E-002
 -5.070316821593845E-002
 -1.785074311463664E-002
 -7.600641733893543E-002
  0.156395186696775     
 -0.229423834696465     
 -8.733428466913029E-002
 -0.127845509969994     
 -9.119068858515433E-003
 -1.766798438847328E-002
 -3.218325723494342E-002
  4.386706570495358E-002
 -8.316205364616103E-002
 -6.295328797942723E-002
 -8.655340555996194E-002
 -0.199803927947550     
  4.384394064771913E-002
  1.651357891446370E-002
 -5.259110244150911E-002
  6.143536171581321E-002
 -6.677537646314491E-002
  0.159934097886451     
 -0.243092816783112     
 -6.100968365866155E-002
  0.242352505836169     
 -0.290787065598826     
 -0.128997935078771     
  2.486461704474641E-002
  5.872564781766521E-002
 -7.769198200990868E-002
 -2.621099241459746E-002
 -9.356116098505041E-002
 -5.678176359011911E-002
 -5.519093013025866E-002
 -5.486159672976854E-002
 -2.552901594138035E-002
 -0.112084026715090     
 -7.735926941972959E-002
 -6.360179212082606E-002
 -7.123976700204526E-002
 -1.955396685556554E-002
 -0.106997723636860     
 -6.100360768514168E-002
 -7.737244984437375E-002
 -7.034362762978397E-002
 -3.108814646064850E-002
 -9.459749881848456E-002
 -0.109093684890858     
  5.063985104642432E-002
  5.799252202915417E-002
  5.932520072277314E-002
  5.234781200486949E-002
  3.622193537544638E-002
  4.511880597117912E-002
  3.600153151425245E-002
  4.634354181772882E-002
  2.719771227629564E-002
  5.491937888227016E-002
  3.739405459795742E-002
  5.791869818144413E-002
  5.439274912213410E-002
  6.307298420724450E-002
  4.041740350649403E-002
  4.297584341849336E-002
  5.430741890130730E-002
  4.798484226501176E-002
  5.018951729295118E-002
  4.795648687015419E-002
  3.867648175606597E-002
  4.283136626150852E-002
  4.567321086121523E-002
  2.865755953922067E-002
  4.267433773335771E-002
  3.416589054852959E-002
  3.772105979645701E-002
  4.699522942852075E-002
  4.421481382571657E-002
  5.319541103849712E-002
  4.438384415299446E-002
  5.250105183480247E-002
  5.018105988671762E-002
  5.309316168000011E-002
  5.127780582316877E-002
  5.391978849798473E-002
  6.695452035846539E-002
  2.320919990771209E-002
  4.145582704284378E-002
  4.705857513287870E-002
  3.949869424267627E-002
  4.167190416281719E-002
  4.473584088633797E-002
  3.855272577280622E-002
  3.198145166833433E-002
  4.037020103943822E-002
  4.222300707286530E-002
  3.596778163051517E-002
  1.710817680652998E-002
  3.378373182636807E-002
  2.931560767062669E-002
  3.239031040546292E-002
  3.416052463920660E-002
  2.780421094419283E-002
  2.455829700866707E-002
  3.946000020895091E-002
  3.645293492144774E-002
  3.737317681672003E-002
  3.310113881272969E-002
  3.499093322952285E-002
  3.213139017757793E-002
  2.838790378126399E-002
  4.509614903034809E-002
  3.168438122485151E-002
  3.071735030331135E-002
  2.514100040378464E-002
  3.901954318686018E-002
  3.206117507166528E-002
  3.737572929315536E-002
  3.018234740259529E-002
  3.962410777534475E-002
  3.685968806459605E-002
  3.133326010553705E-002
  3.179950378758822E-002
