           6           1  0.394700469591658     
           7           2   1.44678802252418     
           7           6   1.18415249984208     
           8           7  0.931171575214550     
           9           8  0.949568895291418     
          10           3   1.39644366433600     
          10           6   1.26889878156922     
          10           9  0.952208124135466     
          11           9  0.961706628494593     
          12           8  0.935165221289264     
          13          12  0.965601448708050     
          14          13  0.958647530672594     
          15          14   1.79415726634555     
          16          14   1.10190089261692     
          17           1  0.470982966004362     
          18           3   1.24148673109409     
          18          17   1.27986978932411     
          19          18   1.06520954727250     
          20          19   1.50660214638686     
          21           4   1.25243498481627     
          21          17   1.17640610147725     
          21          20   1.09030203257128     
          22          19  0.996014343133507     
          23          20  0.973759476400641     
          24          23   1.85876667411708     
          25          23  0.958691621292074     
          26           1  0.423238227770076     
          27           4   1.46696979588119     
          27          26   1.16582797908015     
          28          27  0.946569186716979     
          29          28  0.933187718638093     
          30           5   1.42570876013627     
          30          26   1.26901046879368     
          30          29  0.941075994763494     
          31          28  0.970541447451790     
          32          29  0.959769494635489     
          33          32  0.998286152383492     
          34           1  0.518857246139810     
          35           5   1.23997222816410     
          35          34   1.13321965162369     
          36          35   1.20441394177382     
          37          36   1.36272573106825     
          38           2   1.20530145132965     
          38          34   1.24283865633856     
          38          37   1.15009286993027     
          39          36  0.988304532108978     
          40          37   1.08295993500746     
          41          40   1.82804563312373     
          42           2  0.950189307165942     
          42          40  0.835709927024294     
          43          42  0.921508528455745     
          44          43   1.78929178998922     
          45          43   1.13573439435094     
          46          45  0.960636464810482     
          47          16  0.929671218102031     
          48          47   1.01292439670905     
          49          48   1.88724919145240     
          50          49  0.960233806161880     
          51          49  0.979780469479371     
          52          51  0.965932137228863     
          53          52  0.984965975492387     
          54          53  0.989757345289032     
          55          54  0.985650477533412     
          56          54  0.937614893769877     
          57          56  0.999186915165326     
          58          57  0.983060110480167     
          59          58  0.970509447835571     
          60          59  0.965946577737897     
          61          59  0.991413931460151     
          62          61  0.959428173201393     
          63          62  0.988548490280850     
          64          63  0.964224633881107     
          65          64  0.987921179357230     
          66          64  0.973572521047016     
          67           3  0.940258108007481     
          68           4  0.930544484853556     
          69           5  0.941295560840176     
          70           8  0.943879906336206     
          71           9  0.938586922618689     
          72          11  0.975661356719101     
          73          11  0.982298541812279     
          74          11  0.977240700153173     
          75          12  0.972425447186354     
          76          12  0.959758187545799     
          77          13  0.969381576152914     
          78          13  0.938894928400018     
          79          22  0.962636229266508     
          80          22  0.968422216569514     
          81          22  0.960428275112487     
          82          25  0.969910488199457     
          83          25  0.969121554491014     
          84          25  0.956650947017498     
          85          28  0.941898414063986     
          86          29  0.938447920224728     
          87          31  0.976851192401685     
          88          31  0.978925513027693     
          89          31  0.970874227843704     
          90          32  0.968699748081464     
          91          32  0.962642065940124     
          92          33  0.988790049418713     
          93          33  0.984977773298791     
          94          33  0.972728596501428     
          95          39  0.972486882338199     
          96          39  0.967219375700915     
          97          39  0.978922391023838     
          98          42  0.926202130490884     
          99          46  0.984969796966662     
         100          46  0.980900548726934     
         101          46  0.989789644972025     
         102          47  0.963446331424038     
         103          47  0.959286514292888     
         104          48  0.937890654407040     
         105          50  0.974069034483227     
         106          50  0.978240632617721     
         107          50  0.979923779834480     
         108          51  0.961562220102087     
         109          51  0.950748390722872     
         110          52  0.964687166446868     
         111          52  0.966782964029831     
         112          53  0.951932193087851     
         113          53  0.957374105313695     
         114          54  0.947932378884763     
         115          55  0.982072710459999     
         116          55  0.979268453395901     
         117          55  0.975042992844594     
         118          56  0.965831423321426     
         119          56  0.959485248948722     
         120          57  0.961715287597591     
         121          57  0.967887495507925     
         122          58  0.957364355577294     
         123          58  0.952949019123328     
         124          59  0.947105924535597     
         125          60  0.980611490407997     
         126          60  0.984513200677680     
         127          60  0.981678233641321     
         128          61  0.969445944186994     
         129          61  0.957443486227591     
         130          62  0.968713245568562     
         131          62  0.970461442871178     
         132          63  0.967464530075085     
         133          63  0.965145546160847     
         134          64  0.959940573135952     
         135          65  0.981955646062759     
         136          65  0.979989886048548     
         137          65  0.975991637361645     
         138          66  0.977838230209844     
         139          66  0.981737814341262     
         140          66  0.983816851346049     
