 excitation energies, transition moments and TDA amplitudes
 state    eV      nm       fL        Rv(corr)
    1    2.292   541.0     0.7716     0.0706     0.83( 143-> 144)  0.36( 142-> 146) -0.26( 142-> 144)
    2    2.363   524.8     0.1743    -0.2530    -0.84( 142-> 144)  0.33( 143-> 146) -0.26( 143-> 144)
    3    3.157   392.7     0.0217    -9.0396    -0.87( 141-> 144)  0.37( 139-> 144) -0.14( 141-> 145)
    4    3.230   383.9     0.0535     7.5114     0.66( 143-> 146) -0.65( 143-> 147)  0.17( 142-> 144)
    5    3.457   358.6     0.1481   -24.3566     0.72( 142-> 147) -0.59( 142-> 146)  0.17( 142-> 148)
    6    3.558   348.5     0.0014    44.2302    -0.61( 137-> 144) -0.47( 139-> 144)  0.42( 138-> 144)
    7    3.658   339.0     0.0202    -1.2507    -0.84( 143-> 145)  0.28( 142-> 145) -0.21( 137-> 144)
    8    3.716   333.7     0.0100   -11.8583    -0.55( 142-> 145) -0.42( 139-> 144)  0.39( 143-> 147)
    9    3.825   324.2     0.0869    -1.3216     0.65( 138-> 144) -0.49( 142-> 145)  0.43( 139-> 144)
