           6           1  0.377389896074865     
           7           2   1.34988885191880     
           7           6   1.29325313827554     
           8           7  0.945305134026038     
           9           8  0.951628568658343     
          10           3   1.51791781977908     
          10           6   1.17408063226992     
          10           9  0.940501371912614     
          11           9  0.957266596199072     
          12           8  0.928060614491138     
          13          12  0.978497711502574     
          14          13  0.896157067337087     
          15          14   1.80516394017657     
          16          14   1.14588108325915     
          17           1  0.559001922234251     
          18           3   1.22092163298468     
          18          17   1.20814465090771     
          19          18   1.17945253868582     
          20          19   1.32619942521214     
          21           4   1.22138600808487     
          21          17   1.15649145665392     
          21          20   1.17909605998752     
          22          19   1.00378204963133     
          23          20   1.03645802103790     
          24          23   1.83107581282214     
          25          23  0.920734730212629     
          26           1  0.341954038156961     
          27           4   1.46950936030595     
          27          26   1.28367286551271     
          28          27  0.872520218508249     
          29          28  0.975718846545565     
          30           5   1.40384221473657     
          30          26   1.26670136658788     
          30          29  0.944114266503260     
          31          28  0.976646258669740     
          32          29  0.924726139603271     
          33          32   1.00549185058688     
          34           1  0.484507770783579     
          35           5   1.29876819695571     
          35          34   1.16339849497747     
          36          35   1.14744126156942     
          37          36   1.39033697842426     
          38           2   1.28577506113682     
          38          34   1.20275524615474     
          38          37   1.09455788593711     
          39          36  0.979334149874804     
          40          37   1.10905768216200     
          41          40   1.77880935973548     
          42           2  0.951224900706706     
          42          40  0.873237744406924     
          43          42  0.893221603336124     
          44          43   1.86853918086775     
          45          43   1.04894507291602     
          46          45  0.974182323568472     
          47          16  0.912537574859555     
          48          47  0.991099007596338     
          49          48   1.89236492009951     
          50          49  0.987529172359151     
          51          49  0.951245357413857     
          52          51  0.984572805207087     
          53          52  0.984260932069398     
          54          53  0.952029253620841     
          55          54  0.989737362963644     
          56          54  0.983912351686773     
          57          56  0.976837995672754     
          58          57  0.991356350213121     
          59          58  0.955907639246330     
          60          59  0.992824746748727     
          61          59  0.963738608966629     
          62          61  0.989126955925944     
          63          62  0.965466437657552     
          64          63  0.982184978704151     
          65          64  0.996136993094613     
          66          64  0.985284804289575     
          67           3  0.929295047411778     
          68           4  0.927652349804479     
          69           5  0.938016635117720     
          70           8  0.935184386249400     
          71           9  0.945172167102976     
          72          11  0.977472177087967     
          73          11  0.975594314586616     
          74          11  0.980706048226547     
          75          12  0.968630489596116     
          76          12  0.963124554442401     
          77          13  0.966589202043183     
          78          13  0.951098011505943     
          79          22  0.968946190581604     
          80          22  0.962059514813886     
          81          22  0.962579086732662     
          82          25  0.965362639381303     
          83          25  0.962754409448480     
          84          25  0.973834558422386     
          85          28  0.945010938119949     
          86          29  0.934790095708846     
          87          31  0.978229865829648     
          88          31  0.976170664091085     
          89          31  0.980807602494707     
          90          32  0.965345415006410     
          91          32  0.968008856690903     
          92          33  0.979659739615850     
          93          33  0.987713736999046     
          94          33  0.979354603961327     
          95          39  0.977286437188451     
          96          39  0.965874623600754     
          97          39  0.973288686912243     
          98          42  0.925691740149584     
          99          46  0.979278537411514     
         100          46  0.992226736735530     
         101          46  0.984127041817153     
         102          47  0.955164495344043     
         103          47  0.970173969569872     
         104          48  0.937873245805801     
         105          50  0.967840355740506     
         106          50  0.975481246416008     
         107          50  0.974038200217733     
         108          51  0.960765457108771     
         109          51  0.963773664927154     
         110          52  0.966753063319741     
         111          52  0.966255002188060     
         112          53  0.962360239283230     
         113          53  0.964711090607112     
         114          54  0.950227546267725     
         115          55  0.977250351798486     
         116          55  0.979028956136960     
         117          55  0.981131104780133     
         118          56  0.963742882053269     
         119          56  0.957277899717040     
         120          57  0.965736033146943     
         121          57  0.964511345952505     
         122          58  0.961285805820342     
         123          58  0.963733081879905     
         124          59  0.951572270105993     
         125          60  0.978920415100602     
         126          60  0.977311279455199     
         127          60  0.974534040284367     
         128          61  0.962371862290910     
         129          61  0.963244025622148     
         130          62  0.971246961297723     
         131          62  0.966937575851624     
         132          63  0.961303256370000     
         133          63  0.963099461530678     
         134          64  0.952097935477724     
         135          65  0.978210088554448     
         136          65  0.977074491064076     
         137          65  0.975751022782538     
         138          66  0.975882367787052     
         139          66  0.979672843499557     
         140          66  0.974370395847331     
