  0.329695804634846     
  1.643541614748933E-002
 -7.506905210613368E-003
 -4.352003398738624E-002
 -3.361653696620781E-002
 -0.137280107184190     
  4.460750952175374E-002
 -2.320482671711499E-002
 -2.021798366390914E-002
  3.624017526921586E-002
 -8.827544072107774E-002
 -3.822611528242259E-002
 -7.301153598209353E-002
  0.222283718469384     
 -0.229663983270159     
 -0.193594338155986     
 -0.211755678445357     
  2.610636811711453E-002
 -1.235024929781314E-002
 -5.450200794332805E-002
  2.213429820312651E-002
 -7.697418091888242E-002
  0.138240136390341     
 -0.255953477840755     
 -9.838946873609800E-002
 -0.198587120876320     
  5.257240252386852E-002
 -2.725657273120063E-002
 -1.973534794764387E-002
  4.343566184957526E-002
 -9.324342486936743E-002
 -4.543266332577822E-002
 -9.411629825511980E-002
 -0.215837934771950     
  1.619911835487731E-002
 -8.250773619328911E-003
 -4.478584326492729E-002
  4.405850103887365E-002
 -7.015905115272059E-002
  0.144585916465056     
 -0.209137995387281     
 -3.934422167190110E-002
  0.220118728662735     
 -0.289282084913779     
 -0.164735648672242     
  1.026964865393154E-002
  3.640104593522020E-002
 -5.781338998727392E-002
 -3.930998735106339E-002
 -8.937378220158543E-002
 -7.281550695497252E-002
 -6.263221184233014E-002
 -6.247656467914453E-002
 -2.728147708371687E-002
 -9.849652398318298E-002
 -6.666681485224313E-002
 -7.227388008275160E-002
 -8.831070630159488E-002
 -3.045331834233522E-002
 -9.851895852463244E-002
 -5.568313557539017E-002
 -5.994018954790903E-002
 -5.852352652287873E-002
 -3.189775529491801E-002
 -0.107667416145620     
 -0.111909060443089     
  5.709649916677639E-002
  5.676378922883540E-002
  5.589874756157476E-002
  4.804003239870036E-002
  4.311768280457307E-002
  3.461066464161122E-002
  3.490200146816447E-002
  4.527094962197697E-002
  3.526268319889470E-002
  5.300639177398658E-002
  4.652645249151810E-002
  3.554289688664014E-002
  5.039306092320794E-002
  4.631901641145753E-002
  4.889528907636320E-002
  4.272584979786564E-002
  5.324004395647286E-002
  4.497488144037876E-002
  4.869292513570156E-002
  5.499189769826995E-002
  4.195519452660468E-002
  4.114650186957847E-002
  3.357604513566970E-002
  4.889099427668264E-002
  3.284376137147582E-002
  2.999772711079485E-002
  3.736874737066720E-002
  3.304078170029123E-002
  4.535344129600849E-002
  5.019940753366392E-002
  4.456837783078349E-002
  5.376792016497878E-002
  5.462980632088621E-002
  5.275247336364486E-002
  4.387275847571881E-002
  6.921102873157803E-002
  6.330234465743367E-002
  4.867054569407603E-002
  4.181330695159047E-002
  4.227230335762389E-002
  4.194438527136968E-002
  3.634340434798844E-002
  4.196415821085664E-002
  3.312297648239459E-002
  3.726425598367966E-002
  4.052886172473713E-002
  3.270999542730391E-002
  2.489807981204273E-002
  3.582414996635275E-002
  3.487132444614083E-002
  2.644505056401214E-002
  3.213972774248253E-002
  4.352385957432325E-002
  3.020362137194377E-002
  3.093877542210532E-002
  3.069023076226374E-002
  2.780663321090349E-002
  3.498055013858326E-002
  3.806482099934594E-002
  3.370457103499813E-002
  3.380089585139900E-002
  3.445907789255498E-002
  4.211956087022239E-002
  3.680919430066820E-002
  2.785864194879040E-002
  3.360165060426179E-002
  3.417905936380650E-002
  3.427629122695874E-002
  3.733815678311281E-002
  3.043321027029622E-002
  3.242681741964615E-002
  2.873428714699289E-002
  3.445749408263921E-002
  3.263861358432107E-002
