  0.306536663352877     
  8.039231669448199E-003
 -3.393834466488244E-002
 -4.147978745785075E-002
 -2.841312620037151E-002
 -0.152555217464152     
  3.248662756371390E-002
 -2.424110858701667E-002
 -3.083065167047305E-002
  6.223011790186650E-002
 -9.914296148978874E-002
 -5.830817655372034E-002
 -5.938893668977041E-002
  0.200857986934224     
 -0.272902669089792     
 -0.143107709049242     
 -0.219545064259308     
  1.969165377897442E-002
 -2.273834166947619E-002
 -7.187637211616948E-002
  6.772778448575112E-002
 -6.392879190242517E-002
  0.133533648164819     
 -0.259791287198172     
 -8.449477291811114E-002
 -0.181576306577108     
  4.190908590893994E-002
 -3.612407463387157E-002
 -5.047837387193610E-003
  2.527318836130821E-002
 -8.223822354038912E-002
 -6.321275963653417E-002
 -8.995589754868050E-002
 -0.203786195287852     
  7.939704198025144E-003
 -5.934619779035089E-003
 -4.259890895598950E-002
  1.167615610509998E-002
 -6.150453980412340E-002
  0.141027514642881     
 -0.219950620247362     
 -3.343486903394766E-002
  0.220793511946991     
 -0.256770834560988     
 -0.162856190609610     
  7.516436720193198E-003
  6.547723373984748E-002
 -8.281197829138254E-002
 -2.417745466136445E-002
 -9.855809368503099E-002
 -4.970687349514868E-002
 -6.410609936530065E-002
 -6.544522598184610E-002
 -2.868748275079369E-002
 -0.109956310732882     
 -6.361666061540294E-002
 -4.577743493450015E-002
 -8.544405142237466E-002
 -2.630379036238217E-002
 -0.124841918486956     
 -6.746475012935527E-002
 -6.236842201219162E-002
 -7.936398125910582E-002
 -2.805575957858242E-002
 -9.445296079183585E-002
 -0.100648397783981     
  5.483645428412176E-002
  5.645353887477700E-002
  5.264336654969037E-002
  5.781930960645043E-002
  3.986842733521645E-002
  3.266650829655682E-002
  4.197075776492964E-002
  2.629632315220820E-002
  3.605632303469797E-002
  4.847490144137023E-002
  4.231688749268814E-002
  4.653625200731204E-002
  6.480915403798071E-002
  5.850625213576577E-002
  5.640313731905056E-002
  4.491991842225207E-002
  5.203869869738653E-002
  5.071081507678432E-002
  5.278639535709051E-002
  6.258973281124414E-002
  4.682966124995758E-002
  4.254942459376654E-002
  3.410995686691176E-002
  4.742058659554105E-002
  2.870599366385163E-002
  2.905660328256476E-002
  3.982223664486628E-002
  4.346305434102449E-002
  5.777857828716482E-002
  4.291448363543482E-002
  5.406645518467545E-002
  6.054053558504646E-002
  5.897957062472270E-002
  5.340334062113117E-002
  4.024274301339981E-002
  6.209176753184920E-002
  6.577545318343114E-002
  2.638273687296677E-002
  3.973269101083299E-002
  3.409372062168836E-002
  4.154412679892561E-002
  4.756417379788636E-002
  3.792494932538581E-002
  3.007387721651444E-002
  3.510801421754273E-002
  3.418981056654480E-002
  3.615888849541649E-002
  3.180517307210717E-002
  3.352260393919881E-002
  3.400694616457800E-002
  3.035953542215075E-002
  2.492423239402686E-002
  3.829790540667466E-002
  4.045697738052390E-002
  4.823044561011747E-002
  3.985246478933413E-002
  2.755431596709390E-002
  4.065675904485622E-002
  3.004091650411778E-002
  2.534154548547174E-002
  3.110642976153255E-002
  2.976799830766530E-002
  4.261713839243420E-002
  4.068944619965309E-002
  3.446406632616827E-002
  3.215617455642117E-002
  2.890080683665330E-002
  2.086196913556881E-002
  4.322356620526258E-002
  2.671945647213836E-002
  3.442267197237325E-002
  3.618520421935600E-002
  3.692307003420503E-002
  2.843189032254578E-002
