           7           2   1.43922946448497     
           7           6   1.19979882387370     
           8           7  0.942407595936587     
           9           8  0.945171985298233     
          10           3   1.32819861446705     
          10           6   1.37174975157470     
          10           9  0.923773699055825     
          11           9  0.975643020167423     
          12           8  0.959574690160018     
          13          12  0.950719823695947     
          14          13  0.930496283916100     
          15          14   1.80694295103146     
          16          14   1.10206133443662     
          17           1  0.477716207294534     
          18           3   1.35396973217297     
          18          17   1.09423619012478     
          19          18   1.14329012189231     
          20          19   1.42588930365657     
          21           4   1.22326502792897     
          21          17   1.31260809147900     
          21          20   1.08711532925300     
          22          19   1.02821929767689     
          23          20   1.00539394677239     
          24          23   1.79848709026470     
          25          23  0.987585653274223     
          26           1  0.464777366028623     
          27           4   1.42557760192773     
          27          26   1.26343806404957     
          28          27  0.915052519417045     
          29          28  0.956027707061262     
          30           5   1.42906140282917     
          30          26   1.16347676460526     
          30          29  0.964488622014629     
          31          28  0.964211928417304     
          32          29  0.933872789585170     
          33          32  0.994852919465585     
          34           1  0.557061531890301     
          35           5   1.30771517560352     
          35          34   1.13994642029180     
          36          35   1.15801772975361     
          37          36   1.35920862471217     
          38           2   1.21982200380722     
          38          34   1.15171873576043     
          38          37   1.21819542727301     
          39          36   1.01667378511595     
          40          37   1.04378091704083     
          41          40   1.84565413260842     
          42           2  0.922667506853554     
          42          40  0.829633856623102     
          43          42  0.949869419209389     
          44          43   1.82514582612692     
          45          43   1.04748368337620     
          46          45  0.978697000825972     
          47          16  0.953075513451684     
          48          47  0.996290281499290     
          49          48   1.85709192367366     
          50          49   1.00426431210234     
          51          49  0.972159729169575     
          52          51  0.972252756759111     
          53          52  0.966252722298177     
          54          53  0.980980326361622     
          55          54  0.986902144261755     
          56          54  0.955021341319016     
          57          56   1.00850936774441     
          58          57  0.973987838178475     
          59          58  0.968246566297315     
          60          59  0.986947993618513     
          61          59  0.968230026015881     
          62          61  0.981778488855898     
          63          62  0.984082008137679     
          64          63  0.963545652540697     
          65          64   1.00207196868642     
          66          64  0.978432866455989     
          67           3  0.934264822303092     
          68           4  0.935662484177975     
          69           5  0.933160544264860     
          70           8  0.933418500043593     
          71           9  0.943664038834810     
          72          11  0.979100871519105     
          73          11  0.971549388939032     
          74          11  0.978666503608077     
          75          12  0.965264212379011     
          76          12  0.955338861116749     
          77          13  0.961697964302511     
          78          13  0.967064469817662     
          79          22  0.952453654848667     
          80          22  0.966016670194289     
          81          22  0.949035088084748     
          82          25  0.954012107551252     
          83          25  0.967557233059887     
          84          25  0.954842989123343     
          85          28  0.941480652204296     
          86          29  0.936242756589759     
          87          31  0.980143063639132     
          88          31  0.979486493515972     
          89          31  0.979192921299320     
          90          32  0.962499672341697     
          91          32  0.970782192443849     
          92          33  0.985742214634380     
          93          33  0.986128767776304     
          94          33  0.962869035908689     
          95          39  0.961740725509908     
          96          39  0.970938726850516     
          97          39  0.961522052409749     
          98          42  0.929168719632292     
          99          46  0.981899681429761     
         100          46  0.979310262860057     
         101          46  0.991016510472854     
         102          47  0.957800085161168     
         103          47  0.955428718290094     
         104          48  0.948386611359443     
         105          50  0.965979917484659     
         106          50  0.972242000061457     
         107          50  0.967502600971759     
         108          51  0.961657727313017     
         109          51  0.957095628633007     
         110          52  0.969122101569386     
         111          52  0.965691060525239     
         112          53  0.962424840170914     
         113          53  0.963824333825965     
         114          54  0.951943965971311     
         115          55  0.981139055581691     
         116          55  0.976858484956353     
         117          55  0.974381117844200     
         118          56  0.961038283900446     
         119          56  0.952965876969247     
         120          57  0.963259074015363     
         121          57  0.960013871597713     
         122          58  0.957147850024027     
         123          58  0.963569757060713     
         124          59  0.946367783745409     
         125          60  0.971857226611608     
         126          60  0.977125425346553     
         127          60  0.977227168160330     
         128          61  0.963636182670602     
         129          61  0.958810269005130     
         130          62  0.966130273902357     
         131          62  0.966004886894552     
         132          63  0.962607962768092     
         133          63  0.967550533883913     
         134          64  0.957254191687155     
         135          65  0.974448674063131     
         136          65  0.983241690154659     
         137          65  0.975027008765835     
         138          66  0.982734515860381     
         139          66  0.979029334205214     
         140          66  0.983399081143664     
