  0.307791188478766     
 -8.664005568477684E-003
 -2.958324968114123E-002
 -4.475370283055380E-002
 -2.205602981215282E-002
 -0.150978045583579     
  5.303463989812274E-002
 -8.701275436747480E-003
 -1.716726147915715E-002
 -2.575371602456222E-002
 -8.591078529278739E-002
 -5.405979014645190E-002
 -3.117781074144066E-002
  0.183961315185036     
 -0.276279444217553     
 -0.169608226112152     
 -0.229170062203195     
  9.252617546345210E-003
 -3.083536415894894E-002
 -8.462925109448349E-002
  2.178170496610665E-002
 -6.699185053993961E-002
  0.154241245062080     
 -0.247992765981846     
 -7.323681771270873E-002
 -0.167494050691630     
  5.957271851702028E-002
 -2.852771361161732E-002
 -3.618583980834345E-002
  4.533649447103016E-002
 -9.392614956839918E-002
 -3.484489909043109E-002
 -9.351208319336912E-002
 -0.206175781578114     
  5.072693810351048E-002
  8.218132239281584E-003
 -2.674931403460334E-002
  1.825108357368554E-002
 -7.339482289983046E-002
  0.129213088593083     
 -0.239464181432296     
 -9.410292151867061E-003
  0.216868499898515     
 -0.262424900223762     
 -0.160885671190144     
  1.574157536183618E-002
  4.745678655681385E-002
 -6.803179537321213E-002
 -4.567029410961432E-002
 -0.100399421091157     
 -5.148806807326345E-002
 -5.351793093057378E-002
 -7.323742266220279E-002
 -3.096664415063177E-002
 -0.105856391106315     
 -6.588622581496750E-002
 -5.754450691461876E-002
 -6.609543027560072E-002
 -4.588385181579113E-002
 -0.102669134928825     
 -8.338417989958025E-002
 -6.094712067089869E-002
 -9.017213195590656E-002
 -3.295426085112840E-002
 -9.111261550796712E-002
 -0.104145999295069     
  5.975510285463659E-002
  5.167804182022606E-002
  5.803911261784034E-002
  5.691536957572119E-002
  5.435006800038156E-002
  4.584433801136323E-002
  3.896740091440620E-002
  4.273802937629723E-002
  5.246608748717729E-002
  2.749817012562639E-002
  5.430607867815296E-002
  5.158643165588339E-002
  5.442583593124017E-002
  5.239416076356895E-002
  4.199193735488027E-002
  5.074793141215772E-002
  4.879423628011159E-002
  5.336383445076409E-002
  3.730868372923335E-002
  4.859869614914902E-002
  3.049837515024378E-002
  4.155853492109429E-002
  3.608822023150349E-002
  5.777955072151764E-002
  3.034287315655260E-002
  2.155004446445519E-002
  4.077936840294238E-002
  3.757496728916299E-002
  4.647170601289485E-002
  4.627861920139731E-002
  4.729786827830140E-002
  7.920663192097110E-002
  5.060770486846433E-002
  4.802296000676909E-002
  6.009072253804992E-002
  5.169290963181161E-002
  7.755375232556538E-002
  3.791295498669756E-002
  3.941490372130207E-002
  4.083348568471257E-002
  3.846668788825514E-002
  4.192726091915633E-002
  4.260855606553915E-002
  3.405196023253221E-002
  3.813237756513499E-002
  3.511379386679547E-002
  4.003682048445634E-002
  3.646581639933277E-002
  3.220377612012382E-002
  2.717499948549085E-002
  3.715499648187470E-002
  3.413471665779655E-002
  3.802241501001513E-002
  3.282452366249800E-002
  4.654459526358767E-002
  3.395830873860284E-002
  3.807941528398029E-002
  2.399691396317538E-002
  3.486917217044883E-002
  2.932516137254559E-002
  3.420500160616247E-002
  2.183413256113442E-002
  3.999378857517100E-002
  4.043486043727929E-002
  3.387167937473012E-002
  3.494371391036921E-002
  2.643711661168635E-002
  3.037386105707784E-002
  3.708646772764090E-002
  3.906390176916441E-002
  3.908841038100008E-002
  3.273531049706913E-002
  3.034723426796759E-002
  4.022710395736462E-002
