 excitation energies, transition moments and TDA amplitudes
 state    eV      nm       fL        Rv(corr)
    1    2.113   586.7     0.1209   -10.8862     0.83( 142-> 144)  0.31( 143-> 146)  0.27( 141-> 144)
    2    2.281   543.6     0.7500    -6.6123    -0.85( 143-> 144)  0.40( 142-> 146)  0.24( 142-> 144)
    3    2.753   450.3     0.0228    12.5702    -0.90( 141-> 144)  0.21( 142-> 144) -0.18( 142-> 145)
    4    3.376   367.3     0.1974    10.7092     0.75( 143-> 145)  0.30( 143-> 148) -0.28( 142-> 145)
    5    3.425   362.0     0.0618     3.9457    -0.52( 143-> 146) -0.49( 143-> 145) -0.44( 142-> 145)
    6    3.634   341.2     0.0358     8.3248     0.53( 143-> 147)  0.46( 140-> 144)  0.39( 138-> 144)
    7    3.696   335.4     0.0219    -9.0976    -0.61( 143-> 147)  0.44( 142-> 145)  0.41( 137-> 144)
    8    3.835   323.3     0.0689    56.7547    -0.67( 142-> 147) -0.33( 142-> 145)  0.32( 137-> 144)
    9    3.848   322.2     0.0277   -36.3171     0.54( 142-> 147)  0.48( 137-> 144) -0.42( 140-> 144)
