           6           1  0.416640747599515     
           7           2   1.34013193847783     
           7           6   1.27884178270668     
           8           7  0.983328349785164     
           9           8  0.939771096595420     
          10           3   1.42916105477640     
          10           6   1.16656699140410     
          10           9  0.941649643307286     
          11           9  0.955463612839621     
          12           8  0.936899315021813     
          13          12  0.964686254893762     
          14          13  0.947149908060522     
          15          14   1.81915045604789     
          16          14   1.05989074930990     
          17           1  0.532651612811181     
          18           3   1.27766572421016     
          18          17   1.14180727279464     
          19          18   1.20504726947963     
          20          19   1.41237908376257     
          21           4   1.31130876941446     
          21          17   1.17953494784596     
          21          20   1.11785901252636     
          22          19  0.982158668946808     
          23          20  0.946898790171003     
          24          23   1.82913116275601     
          25          23   1.01364565855461     
          26           1  0.364167536112534     
          27           4   1.38672454738710     
          27          26   1.32648084191299     
          28          27  0.907607561624401     
          29          28  0.961370372100834     
          30           5   1.49229472184193     
          30          26   1.19852240604552     
          30          29  0.898405058154132     
          31          28  0.958407122484877     
          32          29  0.964864511400714     
          33          32   1.00003935642575     
          34           1  0.501665958492839     
          35           5   1.23546756651259     
          35          34   1.18034465731963     
          36          35   1.18847978848097     
          37          36   1.33185955229257     
          38           2   1.23914130185167     
          38          34   1.18946816409952     
          38          37   1.14923926370236     
          39          36  0.966635534584465     
          40          37   1.15037922833348     
          41          40   1.73214663027014     
          42           2  0.932639810618320     
          42          40  0.876607102729456     
          43          42  0.932927979604302     
          44          43   1.82340948622152     
          45          43   1.06187055237024     
          46          45  0.969223657575595     
          47          16  0.954766504960469     
          48          47  0.975745306580217     
          49          48   1.93464699072059     
          50          49  0.957743896489076     
          51          49  0.943103399533952     
          52          51  0.984934242611807     
          53          52  0.974551317467131     
          54          53  0.962594539720015     
          55          54  0.994989945678495     
          56          54  0.967037513712435     
          57          56  0.981061198148349     
          58          57  0.984416258644436     
          59          58  0.967540267216267     
          60          59  0.992501948778411     
          61          59  0.960742592210002     
          62          61  0.974616980903794     
          63          62  0.980402406598589     
          64          63  0.972669003277791     
          65          64  0.997885360226319     
          66          64  0.972516895519170     
          67           3  0.931324622839413     
          68           4  0.931374235489483     
          69           5  0.936533425905629     
          70           8  0.924601248139032     
          71           9  0.941966771752922     
          72          11  0.976210680192975     
          73          11  0.981329446757955     
          74          11  0.975576933695477     
          75          12  0.962260624346023     
          76          12  0.963651151805528     
          77          13  0.959098800773083     
          78          13  0.944970732174297     
          79          22  0.973707970796241     
          80          22  0.967183979002235     
          81          22  0.973278961133087     
          82          25  0.963872175753400     
          83          25  0.953891253265930     
          84          25  0.944791934526602     
          85          28  0.945211333665909     
          86          29  0.937910538754158     
          87          31  0.984239641007048     
          88          31  0.980108688219174     
          89          31  0.981022582934172     
          90          32  0.958946635277990     
          91          32  0.968471511641116     
          92          33  0.986411293303788     
          93          33  0.979483571868982     
          94          33  0.977568210764997     
          95          39  0.973011764803736     
          96          39  0.975788334634094     
          97          39  0.982079888784624     
          98          42  0.914870215989831     
          99          46  0.987973635029271     
         100          46  0.988976008039848     
         101          46  0.979113996882407     
         102          47  0.969141148591553     
         103          47  0.950554419655378     
         104          48  0.934697483587542     
         105          50  0.976027274803024     
         106          50  0.979505749899320     
         107          50  0.981643432257858     
         108          51  0.960370645787688     
         109          51  0.961177848379513     
         110          52  0.964312440599349     
         111          52  0.962131334780983     
         112          53  0.963881634522489     
         113          53  0.963380574692690     
         114          54  0.951487812488568     
         115          55  0.977120684703667     
         116          55  0.976494475523153     
         117          55  0.977499270044372     
         118          56  0.964843883820019     
         119          56  0.960361131549058     
         120          57  0.966419763259286     
         121          57  0.962694185997512     
         122          58  0.960041100499895     
         123          58  0.964798139188080     
         124          59  0.957195590491583     
         125          60  0.981439097636885     
         126          60  0.977875445566566     
         127          60  0.975101892999465     
         128          61  0.968917541210767     
         129          61  0.962868118397500     
         130          62  0.971058297210292     
         131          62  0.968198412930670     
         132          63  0.958972790479963     
         133          63  0.965845360631938     
         134          64  0.957296518038505     
         135          65  0.975161594298234     
         136          65  0.976162370487286     
         137          65  0.979824253083881     
         138          66  0.984018622998886     
         139          66  0.981653020876482     
         140          66  0.977069494975302     
