  0.307092657575063     
 -7.303654836898765E-003
 -1.524903109836906E-002
 -2.765790309561034E-002
 -3.636359950316947E-002
 -0.146273492789465     
  4.120490734505022E-002
 -2.529415709815108E-002
 -1.977865096214781E-002
  2.989909368832588E-002
 -8.754779828452630E-002
 -5.129698920045378E-002
 -7.430421167251833E-002
  0.215956334510394     
 -0.325392176759800     
 -0.127053235290091     
 -0.204707819186995     
  5.215434506101690E-002
  9.053012219529144E-003
 -6.810330735516068E-002
  2.873786660530175E-002
 -7.886811548432515E-002
  0.161398671317817     
 -0.266466828943821     
 -7.977420131829316E-002
 -0.173028513487533     
  5.523358528313738E-002
 -3.892593381288645E-002
 -3.634327478185906E-002
  2.043131416735067E-002
 -9.590720361514826E-002
 -6.285299895127849E-002
 -9.360836231593694E-002
 -0.209455868165980     
  5.314219645482510E-004
 -3.433761551024794E-002
 -5.322669225635845E-002
  1.658067120704088E-002
 -4.773567350377039E-002
  0.124386219787150     
 -0.242634439591501     
 -3.289587046976017E-002
  0.246597183335584     
 -0.288828522046605     
 -0.148648125292435     
  2.226608738358760E-002
  6.315166683180751E-002
 -8.408560850447699E-002
 -2.299111052423086E-002
 -9.080326769129332E-002
 -6.848281385033683E-002
 -6.736810757118317E-002
 -6.051027104718631E-002
 -2.380310359912485E-002
 -0.105915664402614     
 -6.907442378771034E-002
 -7.301827109846037E-002
 -8.121246778405578E-002
 -2.890164050962429E-002
 -0.102649610848334     
 -6.804621511811781E-002
 -4.584180515884206E-002
 -7.415268971059330E-002
 -2.545659421679858E-002
 -9.902164405986102E-002
 -0.107664344120997     
  5.998467281789777E-002
  5.390025619278738E-002
  6.022445264903864E-002
  5.899445589347307E-002
  6.581320652374179E-002
  3.588376809335692E-002
  3.996268845374784E-002
  4.186802926946032E-002
  4.064336982774019E-002
  3.947193092958956E-002
  5.781819247302034E-002
  3.978825951419762E-002
  4.921250447303260E-002
  4.816090223665281E-002
  4.883623177266949E-002
  5.063708226647512E-002
  4.937150951437408E-002
  5.141637237649321E-002
  4.994930341016457E-002
  4.712600642189524E-002
  3.942362994841142E-002
  3.428955587087423E-002
  3.982708510428179E-002
  3.352755729813794E-002
  4.265497060132040E-002
  3.934061897202135E-002
  3.757560497410883E-002
  2.553266018691214E-002
  5.346339580161730E-002
  5.544351111132340E-002
  5.592136096300482E-002
  6.286501055062388E-002
  5.876731840687965E-002
  5.286277469479594E-002
  5.555097537645803E-002
  5.348051348331151E-002
  6.251345610731274E-002
  3.771256834574876E-002
  3.881532330912241E-002
  5.027841370144803E-002
  4.590134287129799E-002
  4.092775832279938E-002
  3.459359382807969E-002
  2.927391047868688E-002
  3.590057134571056E-002
  5.061770393121290E-002
  2.906705523502096E-002
  3.904648361843399E-002
  3.346146549433116E-002
  4.033815143221142E-002
  3.274774660393964E-002
  3.894567532287951E-002
  3.678927359609463E-002
  3.318538548446881E-002
  2.901763063680174E-002
  2.600671641867414E-002
  3.584794899528887E-002
  3.433526873199977E-002
  3.342947635844007E-002
  3.309415549596240E-002
  3.314093165220255E-002
  3.538961294062093E-002
  3.062047842979643E-002
  4.397445571954062E-002
  3.316155437138646E-002
  4.229706571933345E-002
  1.779096710044470E-002
  3.417067517229933E-002
  3.072358961797772E-002
  3.559526808237445E-002
  3.968341280474585E-002
  3.150974215175462E-002
  3.176420880747055E-002
  3.293010531233320E-002
