 excitation energies, transition moments and TDA amplitudes
 state    eV      nm       fL        Rv(corr)
    1    2.105   589.1     0.3583    -7.1620     0.67( 143-> 144)  0.53( 142-> 144) -0.35( 142-> 145)
    2    2.187   567.0     0.3029    -3.4191     0.65( 142-> 144) -0.53( 143-> 144)  0.35( 143-> 145)
    3    3.031   409.1     0.0002    24.5402    -0.87( 141-> 144) -0.31( 143-> 145) -0.15( 142-> 146)
    4    3.308   374.8     0.0629    -3.3158    -0.78( 143-> 147) -0.45( 143-> 146) -0.26( 141-> 144)
    5    3.486   355.6     0.0176     0.5237     0.69( 139-> 144)  0.42( 143-> 145)  0.26( 136-> 144)
    6    3.640   340.6     0.0929     0.5341    -0.65( 142-> 147) -0.44( 142-> 146)  0.27( 137-> 144)
    7    3.666   338.2     0.0230     7.3623    -0.48( 142-> 147) -0.43( 137-> 144) -0.35( 136-> 144)
    8    3.817   324.8     0.2389   -42.3406     0.51( 143-> 146) -0.44( 139-> 144)  0.38( 143-> 145)
    9    3.877   319.8     0.2597    15.1562    -0.55( 142-> 145) -0.45( 142-> 146)  0.36( 143-> 146)
