           6           1  0.346750107799167     
           7           2   1.36776071606359     
           7           6   1.29597113793783     
           8           7  0.932577272219704     
           9           8  0.941508597643946     
          10           3   1.39278288142050     
          10           6   1.22926447940378     
          10           9  0.895474675700597     
          11           9  0.988523702584250     
          12           8  0.966831559639112     
          13          12  0.976653435121189     
          14          13  0.919514387911012     
          15          14   1.76046061445677     
          16          14   1.16429063242639     
          17           1  0.522721386848514     
          18           3   1.27569125393291     
          18          17   1.16243112478313     
          19          18   1.19597371132266     
          20          19   1.39729221970188     
          21           4   1.31386461234828     
          21          17   1.16735924231380     
          21          20   1.12519389535805     
          22          19  0.992939276088360     
          23          20  0.982157577956125     
          24          23   1.80483906595724     
          25          23   1.00975323616052     
          26           1  0.360505991915473     
          27           4   1.37822461610877     
          27          26   1.31199570495722     
          28          27  0.938374369441515     
          29          28  0.951529215648980     
          30           5   1.45124299723786     
          30          26   1.17958814364144     
          30          29  0.969716177763201     
          31          28  0.952501804744990     
          32          29  0.916153510039089     
          33          32   1.01294015394543     
          34           1  0.568695943687711     
          35           5   1.26219350538525     
          35          34   1.11921667672961     
          36          35   1.19545654607766     
          37          36   1.39938939136595     
          38           2   1.25377522176212     
          38          34   1.17534788314592     
          38          37   1.14411858424317     
          39          36  0.966267927262714     
          40          37   1.05318844205612     
          41          40   1.80056696502957     
          42           2  0.927469569853436     
          42          40  0.867893222271154     
          43          42  0.916935377655500     
          44          43   1.79194820045080     
          45          43   1.12294060839027     
          46          45  0.954301702983567     
          47          16  0.935789434039442     
          48          47  0.986974406481646     
          49          48   1.88863772902851     
          50          49  0.961305857870297     
          51          49  0.976122640887137     
          52          51  0.976578816433494     
          53          52  0.981051373823650     
          54          53  0.987959906037586     
          55          54  0.983252158117130     
          56          54  0.957801047838038     
          57          56  0.991313255637645     
          58          57  0.967195662543346     
          59          58  0.977118152879413     
          60          59  0.976454722167320     
          61          59  0.962321742705039     
          62          61  0.998779661350133     
          63          62  0.974126688923329     
          64          63  0.979587709976889     
          65          64  0.986102556819962     
          66          64  0.977432442000456     
          67           3  0.932868352493013     
          68           4  0.932364450066183     
          69           5  0.933605861616133     
          70           8  0.925149722961090     
          71           9  0.940303268547850     
          72          11  0.980199772766909     
          73          11  0.975404206220393     
          74          11  0.974411621534040     
          75          12  0.961232715528486     
          76          12  0.962863222240993     
          77          13  0.937634867471891     
          78          13  0.963165174880676     
          79          22  0.974828185636675     
          80          22  0.965536815994104     
          81          22  0.963567587439263     
          82          25  0.949833970040262     
          83          25  0.965111770717370     
          84          25  0.949533501826194     
          85          28  0.941526038285673     
          86          29  0.936133481226581     
          87          31  0.979535420878078     
          88          31  0.977959922665294     
          89          31  0.981984983273165     
          90          32  0.966189757762233     
          91          32  0.961377898830101     
          92          33  0.982763199996837     
          93          33  0.975121154039361     
          94          33  0.977655833363067     
          95          39  0.972201704314826     
          96          39  0.975623113703742     
          97          39  0.979544636620953     
          98          42  0.931325411383800     
          99          46  0.985127558111923     
         100          46  0.990281210171324     
         101          46  0.982015431267263     
         102          47  0.964430874451191     
         103          47  0.957578072221037     
         104          48  0.934999326550062     
         105          50  0.981660541265725     
         106          50  0.972871823306124     
         107          50  0.979311501260133     
         108          51  0.951199799375942     
         109          51  0.953868053145966     
         110          52  0.963884273794131     
         111          52  0.963018416424671     
         112          53  0.947531907807106     
         113          53  0.959179700567449     
         114          54  0.948752563193175     
         115          55  0.976706284664914     
         116          55  0.980913583606398     
         117          55  0.974971736008557     
         118          56  0.956832453695223     
         119          56  0.962956459304434     
         120          57  0.967454939323088     
         121          57  0.969136997112562     
         122          58  0.970758489115958     
         123          58  0.960452522390601     
         124          59  0.949232231563707     
         125          60  0.983475616177180     
         126          60  0.980962336475942     
         127          60  0.979327470777850     
         128          61  0.960007303594740     
         129          61  0.958750301276227     
         130          62  0.962056807733147     
         131          62  0.963865951673322     
         132          63  0.952383928003901     
         133          63  0.964241748327212     
         134          64  0.956036179751502     
         135          65  0.978265214841819     
         136          65  0.977067848880672     
         137          65  0.981285465209032     
         138          66  0.981031337514943     
         139          66  0.978910799014099     
         140          66  0.979643069049932     
