  0.275141809580584     
  4.611979046476478E-003
 -3.932294161830541E-002
 -1.599278488057099E-002
 -1.852285002164233E-002
 -0.170425578082246     
  3.335502636877941E-002
 -1.978764143210210E-002
 -3.276478128751048E-002
  5.572263432139124E-002
 -9.765033425657155E-002
 -4.988666412390330E-002
 -3.782701945713818E-002
  0.203402972499199     
 -0.265759070023397     
 -0.159799715394040     
 -0.223502410651716     
  3.753097845670306E-002
 -3.976513224484890E-002
 -7.574006722707072E-002
  2.863199660636528E-002
 -8.374927015791123E-002
  0.156860385104236     
 -0.212806654607982     
 -8.860968831507954E-002
 -0.139513625448080     
  4.053837904175150E-002
 -2.813281624961750E-002
 -3.581407969151229E-002
  4.550716400505994E-002
 -9.416271563545742E-002
 -3.619714311677935E-002
 -9.429586972353121E-002
 -0.213781922475166     
  2.039402003426094E-002
 -4.006213084117860E-005
 -3.872019269302207E-002
  2.995869040819610E-002
 -6.553670537403278E-002
  0.152670990860712     
 -0.214482763270689     
 -3.297987936424107E-002
  0.205149521160923     
 -0.277305093943578     
 -0.154653827631940     
  2.372609182015717E-002
  3.311215885995811E-002
 -6.959968510309889E-002
 -2.558137483283218E-002
 -9.675589023294950E-002
 -7.469510228944376E-002
 -2.843974275871375E-002
 -5.183818708608623E-002
 -4.058615742279681E-002
 -0.105435237364188     
 -7.810231788994315E-002
 -5.634378789682337E-002
 -6.595245305983433E-002
 -2.824721612315084E-002
 -0.103847125262479     
 -8.123317825384824E-002
 -7.216088374620622E-002
 -5.742397763751139E-002
 -3.194142266697320E-002
 -9.873977781814691E-002
 -0.113114680736761     
  5.514571469909146E-002
  5.762398837198812E-002
  5.104638378294535E-002
  4.963770703548109E-002
  3.915109911748749E-002
  3.680101153631932E-002
  3.328280931898597E-002
  3.735797863575419E-002
  3.259907398367845E-002
  4.505361070445180E-002
  5.822048100728783E-002
  4.076100634872215E-002
  4.469896359978009E-002
  4.062782409063725E-002
  4.943080642781128E-002
  5.623301708649131E-002
  4.924369150976293E-002
  5.013773005556221E-002
  4.760851409557199E-002
  5.262634267315769E-002
  3.563474491950358E-002
  3.506127954695004E-002
  3.584763383279332E-002
  3.822393705699856E-002
  4.451933640663974E-002
  2.727026510789854E-002
  3.072721628958663E-002
  3.324944276468522E-002
  5.184460573084448E-002
  5.627677838301470E-002
  4.422175147697027E-002
  5.359348736048186E-002
  5.484964049050367E-002
  5.260944790906663E-002
  6.146296656242944E-002
  5.554647699792714E-002
  5.913823387208583E-002
  4.195881889986253E-002
  5.152753439774460E-002
  3.342176453510493E-002
  4.218836834307760E-002
  4.534985298576166E-002
  2.676211866049205E-002
  4.609730224493247E-002
  2.025736068895756E-002
  4.042923240637930E-002
  2.715628046799856E-002
  3.181060527763790E-002
  3.079786309777088E-002
  3.182335967931527E-002
  2.836145013962521E-002
  3.226892697612593E-002
  3.146081038824666E-002
  4.141058761959127E-002
  3.950046844273702E-002
  2.967560816919679E-002
  3.752626032777095E-002
  3.493281804714798E-002
  3.635837204578996E-002
  3.803689079509820E-002
  3.464461844399791E-002
  2.995837370414689E-002
  3.270473826258280E-002
  2.929906645523617E-002
  4.036970106737547E-002
  3.734556966489833E-002
  3.632002137858670E-002
  3.023295857340236E-002
  3.068362151018567E-002
  4.419718300536102E-002
  3.613295672998440E-002
  2.697025129321051E-002
  3.347374623070110E-002
  3.244224079220803E-002
