 excitation energies, transition moments and TDA amplitudes
 state    eV      nm       fL        Rv(corr)
    1    2.266   547.3     0.7195     8.4187    -0.87( 144-> 145) -0.39( 143-> 147)  0.15( 142-> 145)
    2    2.415   513.3     0.1697     0.5939    -0.83( 143-> 145)  0.39( 144-> 147)  0.28( 142-> 145)
    3    2.823   439.1     0.0493     0.3113     0.92( 142-> 145)  0.22( 143-> 145)  0.15( 144-> 145)
    4    3.589   345.4     0.0227     2.5007     0.86( 141-> 145)  0.28( 144-> 147) -0.27( 139-> 145)
    5    3.844   322.5     0.0437     2.3672    -0.68( 144-> 146)  0.53( 139-> 145)  0.34( 138-> 145)
    6    3.878   319.7     0.0282     9.0968     0.57( 144-> 146)  0.56( 139-> 145)  0.44( 138-> 145)
    7    4.155   298.4     0.6792     4.8100     0.72( 144-> 147) -0.37( 143-> 148)  0.34( 143-> 145)
    8    4.194   295.7     0.0328    -7.5767    -0.81( 143-> 146) -0.26( 137-> 145) -0.24( 144-> 148)
    9    4.363   284.1     0.2166    30.1816    -0.50( 138-> 145) -0.41( 144-> 148) -0.39( 144-> 150)
