           6           1  0.363970449274345     
           7           2   1.44631659988583     
           7           6   1.15744324608550     
           8           7  0.957538699411290     
           9           8  0.959729083702707     
          10           3   1.37789504668497     
          10           6   1.33881899239074     
          10           9  0.916624878728041     
          11           9  0.963936935567390     
          12           8  0.926576888292066     
          13          12  0.988511861595285     
          14          13  0.927114594636087     
          15          14   1.83831074549595     
          16          14   1.07184974530194     
          17           1  0.573553740133589     
          18           3   1.29766617368946     
          18          17   1.10161594380860     
          19          18   1.25389444596545     
          20          19   1.32666063381243     
          21           4   1.22553432491536     
          21          17   1.14587984732137     
          21          20   1.22996992154661     
          22          19  0.996599676375474     
          23          20  0.920303899607446     
          24          23   1.89201811820299     
          25          23  0.963897061375233     
          26           1  0.398900752263020     
          27           4   1.47734812297372     
          27          26   1.24300039290668     
          28          27  0.894024059377539     
          29          28  0.956313638955392     
          30           5   1.48013509086258     
          30          26   1.23294731019793     
          30          29  0.902753169403062     
          31          28  0.976830722242312     
          32          29  0.946289991367147     
          33          32   1.02229354783085     
          34           1  0.525374044378869     
          35           5   1.23075497575506     
          35          34   1.13612063683438     
          36          35   1.22503772711461     
          37          36   1.35555597778529     
          38           2   1.18376790376581     
          38          34   1.19666807214395     
          38          37   1.21865294252884     
          39          36  0.973099876911088     
          40          37   1.04513110812379     
          41          40   1.86147190752390     
          42           2  0.946107992440963     
          42          40  0.817017886281070     
          43          42  0.947751299732008     
          44          43   1.77350320346791     
          45          43   1.10416715134574     
          46          45  0.956586068508846     
          47          16  0.944892309984923     
          48          47  0.999190392669323     
          49          48   1.88674780189000     
          50          49  0.988399681628884     
          51          49  0.959484729155074     
          52          51  0.947598247363899     
          53          52   1.02573455177329     
          54          53  0.928639225946804     
          55          54  0.994547139869894     
          56          54  0.966600501576073     
          57          56  0.987048280330494     
          58          57  0.980654497854606     
          59          58  0.984157381167489     
          60          59  0.967544816313829     
          61          59  0.972753908721555     
          62          61  0.956899195201609     
          63          62  0.995314183626170     
          64          63  0.963838139033933     
          65          64  0.988465592031260     
          66          64  0.987641415464416     
          67           3  0.932401810259680     
          68           4  0.927756027371230     
          69           5  0.934360316657856     
          70           8  0.933466420552499     
          71           9  0.947171880199329     
          72          11  0.975900251775448     
          73          11  0.978521444622915     
          74          11  0.979216642797446     
          75          12  0.961206777730814     
          76          12  0.960114766237635     
          77          13  0.953216185999546     
          78          13  0.962176393386515     
          79          22  0.963534847130517     
          80          22  0.972082711789147     
          81          22  0.967013914628717     
          82          25  0.969108042420953     
          83          25  0.960466502955968     
          84          25  0.956297526041802     
          85          28  0.949956322741254     
          86          29  0.938620282078838     
          87          31  0.977705385023328     
          88          31  0.974724559552615     
          89          31  0.980402504465180     
          90          32  0.963771223866204     
          91          32  0.962675720393071     
          92          33  0.983436758042188     
          93          33  0.972935880301024     
          94          33  0.972806013749777     
          95          39  0.978265802705862     
          96          39  0.971201172254493     
          97          39  0.975072495623566     
          98          42  0.933516848426763     
          99          46  0.988516711054299     
         100          46  0.987019681518091     
         101          46  0.983012159938603     
         102          47  0.955608680030107     
         103          47  0.953703791722268     
         104          48  0.939838353561782     
         105          50  0.960070363119827     
         106          50  0.971082667863872     
         107          50  0.978458155920981     
         108          51  0.960260454590025     
         109          51  0.961891484605752     
         110          52  0.960861240214159     
         111          52  0.967683447142672     
         112          53  0.961329150868788     
         113          53  0.963081199896575     
         114          54  0.953771652727720     
         115          55  0.978132951397338     
         116          55  0.975525921730251     
         117          55  0.979718017531703     
         118          56  0.959480610239556     
         119          56  0.963434166735050     
         120          57  0.965573780595168     
         121          57  0.963847541080342     
         122          58  0.959894910814588     
         123          58  0.960348705909939     
         124          59  0.952111972996222     
         125          60  0.983301533027371     
         126          60  0.978667703629975     
         127          60  0.983201811955245     
         128          61  0.965700175380610     
         129          61  0.968910148339197     
         130          62  0.974157738199531     
         131          62  0.964998893775316     
         132          63  0.962017695260835     
         133          63  0.964137700150552     
         134          64  0.958876275042933     
         135          65  0.982624152499952     
         136          65  0.975964077496194     
         137          65  0.982696545972316     
         138          66  0.981867529491682     
         139          66  0.978992386398472     
         140          66  0.978540037855909     
