 excitation energies, transition moments and TDA amplitudes
 state    eV      nm       fL        Rv(corr)
    1    2.317   535.2     0.5995     5.9374    -0.83( 143-> 144)  0.34( 142-> 145)  0.28( 142-> 144)
    2    2.421   512.1     0.2243    -6.6358    -0.80( 142-> 144) -0.34( 143-> 145) -0.28( 143-> 144)
    3    3.042   407.6     0.0211    -1.5593    -0.94( 141-> 144)  0.15( 142-> 144)  0.15( 143-> 145)
    4    3.501   354.1     0.0067    -2.8068     0.63( 139-> 144)  0.50( 140-> 144) -0.50( 138-> 144)
    5    3.649   339.7     0.0183     7.7364     0.72( 140-> 144) -0.50( 139-> 144) -0.29( 143-> 145)
    6    3.937   314.9     0.3180     6.0727    -0.63( 143-> 145)  0.44( 143-> 146)  0.33( 142-> 145)
    7    4.079   304.0     0.1158    23.9603    -0.79( 143-> 147)  0.34( 142-> 145)  0.26( 143-> 145)
    8    4.149   298.8     0.0887    -9.6404     0.51( 142-> 145)  0.47( 143-> 147) -0.42( 142-> 146)
    9    4.243   292.2     0.1430   -43.4288     0.55( 136-> 144)  0.37( 143-> 146) -0.30( 136-> 146)
