           6           1  0.324680003846737     
           7           2   1.31440529627733     
           7           6   1.29155042002898     
           8           7  0.919080478518120     
           9           8  0.941805109269036     
          10           3   1.41447824091183     
          10           6   1.28667519752989     
          10           9  0.906576249811932     
          11           9  0.976062288532194     
          12           8  0.980917562012290     
          13          12  0.942407905968903     
          14          13  0.958862544384992     
          15          14   1.80294302913408     
          16          14   1.08648032568646     
          17           1  0.527040032041725     
          18           3   1.30092431242469     
          18          17   1.16407312942216     
          19          18   1.15753141496297     
          20          19   1.41316709033012     
          21           4   1.29589141846214     
          21          17   1.15925506016672     
          21          20   1.16570077641908     
          22          19   1.01446960438094     
          23          20  0.963331951636605     
          24          23   1.87462076840750     
          25          23  0.943250220731495     
          26           1  0.487597902278386     
          27           4   1.39944867047074     
          27          26   1.23928527987003     
          28          27  0.911818484252917     
          29          28  0.986048345636119     
          30           5   1.54148418826128     
          30          26   1.13440479073022     
          30          29  0.961130530056038     
          31          28  0.934239689502320     
          32          29  0.917656681793207     
          33          32   1.01036628067869     
          34           1  0.480909134632910     
          35           5   1.18879435363154     
          35          34   1.16910371375452     
          36          35   1.31423371806385     
          37          36   1.31305137386602     
          38           2   1.30016469349133     
          38          34   1.14103838842714     
          38          37   1.17410159870286     
          39          36  0.969480582636683     
          40          37   1.04594973980632     
          41          40   1.86486438016388     
          42           2  0.940322817562268     
          42          40  0.844400081607369     
          43          42  0.892474117201394     
          44          43   1.78547398746320     
          45          43   1.13739289964309     
          46          45  0.961586758100310     
          47          16  0.928284244425261     
          48          47  0.988848078845080     
          49          48   1.88633346307515     
          50          49  0.982234676776844     
          51          49  0.971532072971646     
          52          51  0.949132897137175     
          53          52  0.964171180439659     
          54          53  0.975352689660415     
          55          54  0.977501652969322     
          56          54  0.957980841980175     
          57          56  0.987683391720567     
          58          57  0.992012946558998     
          59          58  0.955975434771488     
          60          59  0.985592547922092     
          61          59  0.961758963314279     
          62          61  0.990636003079476     
          63          62  0.975994396142121     
          64          63  0.980194356211626     
          65          64  0.984504288424960     
          66          64  0.982611471558331     
          67           3  0.931240487521236     
          68           4  0.927479677306952     
          69           5  0.932674896061632     
          70           8  0.934792050885034     
          71           9  0.951141381900315     
          72          11  0.974066757886600     
          73          11  0.980645729320586     
          74          11  0.974524823279016     
          75          12  0.964853248530353     
          76          12  0.955365127706291     
          77          13  0.964637954984970     
          78          13  0.958876154770981     
          79          22  0.969136430189153     
          80          22  0.952609807578111     
          81          22  0.964973357684466     
          82          25  0.969550860923434     
          83          25  0.969998522027633     
          84          25  0.957700298511534     
          85          28  0.947439540167445     
          86          29  0.928223555655041     
          87          31  0.978107438268753     
          88          31  0.975014765261375     
          89          31  0.980480139638739     
          90          32  0.969615775185080     
          91          32  0.971017806448849     
          92          33  0.964414596473116     
          93          33  0.985823094131816     
          94          33  0.981388090014035     
          95          39  0.974421753407660     
          96          39  0.983603360586994     
          97          39  0.973499802507642     
          98          42  0.934584789830600     
          99          46  0.989789917748522     
         100          46  0.984496042464221     
         101          46  0.979116771703595     
         102          47  0.959151040865302     
         103          47  0.969976461552010     
         104          48  0.935864113321993     
         105          50  0.974082213798251     
         106          50  0.971463612384860     
         107          50  0.970447945059631     
         108          51  0.966669456230998     
         109          51  0.959339117247851     
         110          52  0.974957102213597     
         111          52  0.968051582924975     
         112          53  0.963599037491004     
         113          53  0.972399973567383     
         114          54  0.958073673256619     
         115          55  0.981119044367147     
         116          55  0.983594212115097     
         117          55  0.981397028794057     
         118          56  0.962610379391217     
         119          56  0.963243314209178     
         120          57  0.960042116191727     
         121          57  0.970764905931607     
         122          58  0.967398636212009     
         123          58  0.963549687442231     
         124          59  0.953937559291711     
         125          60  0.977883473416927     
         126          60  0.973980851993890     
         127          60  0.979995010174483     
         128          61  0.953175597313091     
         129          61  0.962279761139749     
         130          62  0.958892636859909     
         131          62  0.964224623828493     
         132          63  0.963053055237225     
         133          63  0.958348269382737     
         134          64  0.955808998568801     
         135          65  0.981869779043800     
         136          65  0.977131347596444     
         137          65  0.976101196755621     
         138          66  0.976729807912972     
         139          66  0.971968522389144     
         140          66  0.978198053557569     
