  0.300000120216460     
  1.943762556710915E-002
 -3.748383641047948E-002
 -3.540411525932097E-002
 -1.842289635995975E-002
 -0.157960720188559     
  1.276455281644218E-002
 -2.070603526757520E-002
 -1.289919515757632E-002
  2.214035820692306E-002
 -7.843443882983614E-002
 -4.036846529494298E-002
 -6.473112306735818E-002
  0.218096557685568     
 -0.304938829840243     
 -0.134863639460058     
 -0.215478066013507     
  7.704441831648534E-003
 -2.216393465793676E-002
 -5.084044812859201E-002
  9.043863264190932E-004
 -6.961556008083036E-002
  9.801341596648738E-002
 -0.252772899350879     
 -7.271835103013302E-002
 -0.139884866909218     
  4.312784184617513E-002
 -1.368014923014726E-002
 -2.885065290423583E-002
  4.719053054269917E-002
 -0.104027312208562     
 -5.606242137880901E-002
 -9.697188177003468E-002
 -0.216267341864988     
  3.120755142848575E-002
  2.071927111953098E-002
 -5.701027597790365E-002
  2.994135834616429E-002
 -6.760462693323976E-002
  0.147573182760940     
 -0.233683971962972     
 -2.924197099605408E-002
  0.232467299923516     
 -0.262956783209368     
 -0.160081093343558     
  1.289926039781442E-002
  4.921925111207281E-002
 -7.889196666840981E-002
 -1.873938073243053E-002
 -8.973615971768556E-002
 -3.861230848302455E-002
 -5.953354805295419E-002
 -6.451970363111048E-002
 -4.421222849524131E-002
 -0.124795057377506     
 -8.006565945194133E-002
 -6.369254393552204E-002
 -7.720948222727309E-002
 -2.084250278602973E-002
 -0.108634505766382     
 -6.616732885535903E-002
 -5.649310609104319E-002
 -5.088652878391731E-002
 -1.772896957650882E-002
 -0.118686138119383     
 -0.113587828540441     
  5.369004025401991E-002
  5.619024163231656E-002
  5.671969488812678E-002
  5.684171608147348E-002
  4.860218587225962E-002
  3.635688622921718E-002
  5.090844066337730E-002
  4.695409160231612E-002
  4.721458190329808E-002
  4.316963391872208E-002
  5.082876166258576E-002
  3.425938253710903E-002
  6.093611481296712E-002
  3.832677076132085E-002
  5.512084702588982E-002
  5.571442751519817E-002
  5.827966230936799E-002
  5.046893059650526E-002
  5.190421246226828E-002
  5.055279905308374E-002
  3.327437878009865E-002
  3.279194889286163E-002
  4.180267619446698E-002
  2.937317138148587E-002
  3.508409104756760E-002
  4.126357258708457E-002
  3.772001404589131E-002
  2.606091111919318E-002
  5.706376389003542E-002
  4.957644567625630E-002
  4.458088766479384E-002
  6.017265202087096E-002
  5.314029310757440E-002
  4.880988938406572E-002
  4.243525560567629E-002
  5.577247732305524E-002
  6.407105192913432E-002
  3.520173290620920E-002
  4.094192900835525E-002
  4.219430856212747E-002
  3.819935346991066E-002
  5.209421212973309E-002
  5.892029321735481E-002
  2.385078833454712E-002
  4.146886159065655E-002
  3.282648055123294E-002
  3.338602573643601E-002
  3.577669367762204E-002
  3.341598223099029E-002
  2.913146213397833E-002
  2.770807408565756E-002
  3.405716353682242E-002
  2.983388977332546E-002
  3.548899922008175E-002
  4.410675465392389E-002
  3.637805184671583E-002
  3.679390686055439E-002
  2.343523589686725E-002
  1.534496902926497E-002
  3.499459994025833E-002
  4.058582977241754E-002
  3.747190018543822E-002
  3.013894609328149E-002
  3.594881849117126E-002
  4.758911245906161E-002
  3.825228914961298E-002
  4.288531827621989E-002
  2.435639028985570E-002
  3.265388031735439E-002
  2.026133932979379E-002
  3.330185917167561E-002
  3.867374551302205E-002
  3.543612811838948E-002
  2.661561629314568E-002
