 excitation energies, transition moments and TDA amplitudes
 state    eV      nm       fL        Rv(corr)
    1    2.218   559.0     0.4014     0.1170     0.63( 144-> 145) -0.60( 143-> 145) -0.24( 143-> 147)
    2    2.269   546.5     0.5546    17.8267     0.63( 144-> 145)  0.61( 143-> 145) -0.26( 143-> 147)
    3    2.858   433.9     0.0324    13.2855    -0.94( 142-> 145) -0.20( 143-> 145) -0.12( 144-> 147)
    4    3.518   352.4     0.0141     1.0033     0.87( 141-> 145) -0.28( 144-> 147)  0.26( 139-> 145)
    5    3.698   335.2     0.0074   -15.0161    -0.68( 144-> 148)  0.56( 144-> 146)  0.30( 139-> 145)
    6    3.771   328.8     0.0244     9.2312    -0.67( 139-> 145) -0.47( 137-> 145)  0.26( 141-> 145)
    7    3.863   320.9     0.0347   -53.7974     0.61( 143-> 146) -0.57( 143-> 148)  0.32( 143-> 147)
    8    4.032   307.5     0.0816   -32.6371     0.66( 138-> 145) -0.31( 137-> 145) -0.27( 143-> 148)
    9    4.056   305.7     0.1270    -7.7045     0.37( 143-> 148)  0.35( 136-> 145) -0.35( 144-> 148)
