           6           1  0.419366344343345     
           7           2   1.45485242259383     
           7           6   1.19481557300476     
           8           7  0.895721243495195     
           9           8  0.946960170940942     
          10           3   1.41498708286721     
          10           6   1.24524932464869     
          10           9  0.938608289918256     
          11           9  0.975604096245264     
          12           8  0.977563804164161     
          13          12  0.972312868325809     
          14          13  0.930129650742464     
          15          14   1.78150924329859     
          16          14   1.13529008299747     
          17           1  0.502408302875200     
          18           3   1.27084063046328     
          18          17   1.12054290094394     
          19          18   1.21722242862458     
          20          19   1.40168949433070     
          21           4   1.23126537782330     
          21          17   1.24741805516652     
          21          20   1.11005676676946     
          22          19  0.975685452353330     
          23          20   1.02027259241271     
          24          23   1.81198051854478     
          25          23  0.934546404370535     
          26           1  0.407427433390022     
          27           4   1.43068861001732     
          27          26   1.23038310356791     
          28          27  0.960254679723738     
          29          28  0.966148335605644     
          30           5   1.51794484769003     
          30          26   1.19843396829454     
          30          29  0.929085980467540     
          31          28  0.946209532724244     
          32          29  0.945174608376273     
          33          32   1.00666120426148     
          34           1  0.496049007945784     
          35           5   1.18423553789755     
          35          34   1.13079602065291     
          36          35   1.27483056201205     
          37          36   1.31550230806005     
          38           2   1.15291044134286     
          38          34   1.22843100993227     
          38          37   1.21077125447995     
          39          36   1.00344587099852     
          40          37   1.04420357841809     
          41          40   1.83632117117400     
          42           2  0.971112674269641     
          42          40  0.855093455731078     
          43          42  0.911225889911269     
          44          43   1.83095181852783     
          45          43   1.07355247027801     
          46          45  0.976171763132192     
          47          16  0.942710254939259     
          48          47  0.970160519339983     
          49          48   1.90126682591923     
          50          49  0.989497816322568     
          51          49  0.963851478777410     
          52          51  0.963039665310670     
          53          52  0.988904211173040     
          54          53  0.965291594102893     
          55          54  0.961408914932417     
          56          54  0.958701289513489     
          57          56  0.997141822429700     
          58          57  0.968342341161748     
          59          58  0.982104813974660     
          60          59  0.983457461250874     
          61          59  0.984501544883813     
          62          61  0.977504825616731     
          63          62  0.977622972843775     
          64          63  0.977382843677339     
          65          64  0.981047094712286     
          66          64  0.994804546015820     
          67           3  0.934041091070145     
          68           4  0.935772574832185     
          69           5  0.936708025605991     
          70           8  0.934012674178285     
          71           9  0.937737570001447     
          72          11  0.980216114360375     
          73          11  0.972936254551521     
          74          11  0.974950076985259     
          75          12  0.958348915414762     
          76          12  0.959268400247257     
          77          13  0.948087205991647     
          78          13  0.962924094256782     
          79          22  0.971368251023644     
          80          22  0.974001028125222     
          81          22  0.965844189951139     
          82          25  0.966365076867161     
          83          25  0.974469944927332     
          84          25  0.968209176125911     
          85          28  0.933219194903753     
          86          29  0.936820701707463     
          87          31  0.982021501129947     
          88          31  0.979235949145326     
          89          31  0.975224721073695     
          90          32  0.967424785840225     
          91          32  0.966881170596659     
          92          33  0.971788535117405     
          93          33  0.983529208384020     
          94          33  0.982888915514157     
          95          39  0.963672010535175     
          96          39  0.976029870333804     
          97          39  0.962259690618443     
          98          42  0.924486833767002     
          99          46  0.982081791855039     
         100          46  0.980516979972825     
         101          46  0.990341275587964     
         102          47  0.968987936425780     
         103          47  0.962537017928453     
         104          48  0.943692771049956     
         105          50  0.970938687340995     
         106          50  0.973385955010514     
         107          50  0.969888848369775     
         108          51  0.957863787943873     
         109          51  0.961551773141241     
         110          52  0.972372808867386     
         111          52  0.964821593435729     
         112          53  0.963907206805373     
         113          53  0.961643927765217     
         114          54  0.957550734109442     
         115          55  0.984331528507402     
         116          55  0.981790367992955     
         117          55  0.982041558239292     
         118          56  0.960026383063263     
         119          56  0.958728270412270     
         120          57  0.970547213760384     
         121          57  0.962983306673555     
         122          58  0.960753279266535     
         123          58  0.965501329759643     
         124          59  0.948602531035813     
         125          60  0.981175448508156     
         126          60  0.980016317405749     
         127          60  0.972495701543866     
         128          61  0.952947627844838     
         129          61  0.965837748018313     
         130          62  0.973797814104230     
         131          62  0.964115282521843     
         132          63  0.956332409545139     
         133          63  0.964277689043727     
         134          64  0.956180122518461     
         135          65  0.978471766014423     
         136          65  0.982640131448901     
         137          65  0.977684194946900     
         138          66  0.970121142195726     
         139          66  0.976311056105022     
         140          66  0.979482043337549     
