  0.309477613024541     
  2.447581577032754E-002
 -1.526204905518824E-002
 -3.465415817353357E-002
 -3.818505496045610E-002
 -0.134902337015524     
  5.654498899546656E-002
 -1.966531649765013E-002
 -1.754108629259843E-002
  1.242452347714185E-002
 -9.859275596452743E-002
 -4.730118507629388E-002
 -7.075774773951249E-002
  0.228627599896734     
 -0.268374404348409     
 -0.144178298945076     
 -0.200660443741995     
 -3.782361721718530E-003
 -1.776233926053994E-002
 -4.522328422669286E-002
  4.203870594279291E-002
 -7.429295856708418E-002
  0.141734256853416     
 -0.242902047017387     
 -0.102130656124018     
 -0.200521397938246     
  3.749367399266923E-002
 -2.944997028693930E-002
 -1.226666998424353E-002
  5.606586866416574E-002
 -7.886855104594215E-002
 -5.604375197812050E-002
 -9.062419177270264E-002
 -0.214008210356424     
  3.151172295784210E-002
 -9.500868645776706E-003
 -4.820758850054485E-002
  2.585475861201481E-002
 -5.819224004319157E-002
  0.134861256342361     
 -0.238349103731921     
 -7.189735828913957E-002
  0.251694798649796     
 -0.246216020373717     
 -0.151298740529095     
 -4.867011196720838E-004
  5.530263080487163E-002
 -9.941787898461385E-002
 -3.901077088124083E-002
 -8.802702431625864E-002
 -5.107200659633904E-002
 -6.424221208073266E-002
 -6.416983515645924E-002
 -2.415116376393378E-002
 -0.115282113651814     
 -7.619740853339874E-002
 -6.806745093227562E-002
 -7.639611296321291E-002
 -2.367586889470008E-002
 -0.102097342631908     
 -7.481241686050133E-002
 -7.234412788124889E-002
 -7.322427787402130E-002
 -2.090174159894431E-003
 -0.119379080995775     
 -0.103180469201398     
  5.802988923128061E-002
  5.866655027523893E-002
  4.671194971822046E-002
  4.866857220699894E-002
  5.235290744829946E-002
  3.555463058902919E-002
  2.936020696317987E-002
  4.125646509584135E-002
  2.959475780103393E-002
  5.181811066586539E-002
  4.010303338364896E-002
  4.238063382116897E-002
  4.883617545175667E-002
  5.087329808564989E-002
  4.806369491249773E-002
  4.986300859470627E-002
  3.653541056853460E-002
  5.158887943070878E-002
  4.418087158962791E-002
  4.794936982320674E-002
  4.329864328679667E-002
  4.963914877457842E-002
  4.148521029535257E-002
  3.355949338237729E-002
  3.950064799654951E-002
  3.912619415153162E-002
  3.408806619654303E-002
  2.921425017341428E-002
  5.407066409756156E-002
  4.746648273282228E-002
  5.673850932654179E-002
  5.362536054173217E-002
  3.328667248701578E-002
  6.254716065563193E-002
  5.057421162674447E-002
  5.138905779911740E-002
  5.942768714301427E-002
  2.298602675324024E-002
  5.191405674471661E-002
  4.285269393544355E-002
  4.546696850198872E-002
  4.350772838425643E-002
  4.771579159626338E-002
  3.266741161530196E-002
  3.364374259049030E-002
  4.155458846970728E-002
  3.432967032801104E-002
  3.767729364909267E-002
  2.066566663898917E-002
  3.721229275255467E-002
  3.332636805417133E-002
  3.996678878102811E-002
  2.994771246536421E-002
  3.732389196847197E-002
  3.898527948227026E-002
  2.633279416460477E-002
  3.928039360976487E-002
  4.309641855151269E-002
  2.863261958054986E-002
  3.508457189792591E-002
  2.858616014361903E-002
  4.295994841477913E-002
  3.508478753007049E-002
  3.471452643153616E-002
  4.096355784230721E-002
  2.989644689624948E-002
  3.224833352275225E-002
  3.944731932586298E-002
  3.932129783726568E-002
  2.573128747754272E-002
  3.237105208684954E-002
  3.127329023845271E-002
  2.875784642436063E-002
  3.387687068826728E-002
