 excitation energies, transition moments and TDA amplitudes
 state    eV      nm       fL        Rv(corr)
    1    2.249   551.4     0.7488    -5.7729    -0.86( 144-> 145)  0.34( 143-> 147)  0.22( 143-> 146)
    2    2.410   514.4     0.1953     7.4025    -0.84( 143-> 145) -0.35( 144-> 147) -0.24( 144-> 146)
    3    3.315   374.0     0.0019    -3.1344    -0.93( 142-> 145)  0.21( 139-> 145)  0.16( 140-> 145)
    4    3.752   330.4     0.0354    -3.3570    -0.63( 139-> 145) -0.41( 144-> 146)  0.39( 140-> 145)
    5    3.814   325.1     0.0060     0.6766     0.65( 144-> 148) -0.60( 144-> 149)  0.38( 139-> 145)
    6    3.898   318.1     0.0612    34.8534     0.69( 144-> 146) -0.39( 144-> 147) -0.38( 139-> 145)
    7    3.926   315.8     0.0052     1.7069    -0.69( 140-> 145) -0.38( 138-> 145) -0.25( 144-> 146)
    8    4.024   308.1     0.1038     2.9568    -0.63( 143-> 146)  0.42( 144-> 147)  0.37( 143-> 147)
    9    4.174   297.0     0.0112   -14.9051     0.55( 136-> 145)  0.48( 137-> 145)  0.33( 138-> 146)
