           6           1  0.316850706258004     
           7           2   1.39653160990159     
           7           6   1.29876743958647     
           8           7  0.942460856948880     
           9           8  0.948596976245363     
          10           3   1.40971135023421     
          10           6   1.22386386615984     
          10           9  0.941769043756978     
          11           9  0.964017977511895     
          12           8  0.946507452511207     
          13          12  0.972659800937550     
          14          13  0.910502719902104     
          15          14   1.84352595728047     
          16          14   1.08908776123494     
          17           1  0.483197563555175     
          18           3   1.32153964327040     
          18          17   1.11493276844880     
          19          18   1.14411808617560     
          20          19   1.50280467577413     
          21           4   1.22235798966731     
          21          17   1.26437349247214     
          21          20   1.09142340097721     
          22          19  0.973343933068261     
          23          20  0.979052733410875     
          24          23   1.85891367647311     
          25          23  0.924935340298929     
          26           1  0.478293869989818     
          27           4   1.44948792610234     
          27          26   1.25499609961719     
          28          27  0.894785925281258     
          29          28  0.973221716090540     
          30           5   1.52718768116940     
          30          26   1.12250532106285     
          30          29  0.961489430468325     
          31          28  0.958110116329053     
          32          29  0.934203248715734     
          33          32  0.997045537441798     
          34           1  0.541662391931964     
          35           5   1.20806149396068     
          35          34   1.15783885027601     
          36          35   1.20823451379896     
          37          36   1.33445053401348     
          38           2   1.20371962682333     
          38          34   1.19091724459437     
          38          37   1.17949082646257     
          39          36  0.997347525769619     
          40          37   1.10955443917727     
          41          40   1.80385186744706     
          42           2  0.964519192205277     
          42          40  0.826287982605185     
          43          42  0.883216127419561     
          44          43   1.87134584132501     
          45          43   1.07306700757947     
          46          45  0.976481038395163     
          47          16  0.956871639476111     
          48          47   1.00216845606476     
          49          48   1.86300573155747     
          50          49  0.982527655107244     
          51          49  0.978150956269948     
          52          51  0.964922999884469     
          53          52  0.995461871914282     
          54          53  0.950831597072569     
          55          54  0.981293009334874     
          56          54  0.975234975736226     
          57          56  0.957819613335577     
          58          57  0.994551167069014     
          59          58  0.959847666792907     
          60          59  0.999593527521465     
          61          59  0.963369117852861     
          62          61  0.973861145673499     
          63          62  0.982844393976183     
          64          63  0.972932344096949     
          65          64  0.965000024589891     
          66          64   1.01176956220348     
          67           3  0.931826980262683     
          68           4  0.935299576997365     
          69           5  0.929498166171053     
          70           8  0.937883778677334     
          71           9  0.941951664089399     
          72          11  0.977008399241174     
          73          11  0.981806229113160     
          74          11  0.975465557199534     
          75          12  0.967330501198520     
          76          12  0.954470299136490     
          77          13  0.959991286889735     
          78          13  0.963261589316404     
          79          22  0.969723844553439     
          80          22  0.971722586642587     
          81          22  0.978267593288796     
          82          25  0.953546551646591     
          83          25  0.975940397786554     
          84          25  0.973614732350740     
          85          28  0.945821831259735     
          86          29  0.926566747696286     
          87          31  0.978548213403741     
          88          31  0.981733593581328     
          89          31  0.982819252713859     
          90          32  0.967408563451556     
          91          32  0.966920377675207     
          92          33  0.981283743401433     
          93          33  0.980853118097019     
          94          33  0.985553392779578     
          95          39  0.964294840882014     
          96          39  0.968633941323117     
          97          39  0.975021590465945     
          98          42  0.929920675735276     
          99          46  0.986605785929430     
         100          46  0.973963661702203     
         101          46  0.987778373819433     
         102          47  0.957670251057775     
         103          47  0.957157725112279     
         104          48  0.947259664269924     
         105          50  0.968630296763423     
         106          50  0.979311564661524     
         107          50  0.972310943349418     
         108          51  0.959979705021748     
         109          51  0.954624465059991     
         110          52  0.962676957970347     
         111          52  0.962865923293957     
         112          53  0.961083595584221     
         113          53  0.962950133013404     
         114          54  0.955707070636873     
         115          55  0.982560936856582     
         116          55  0.975764326095482     
         117          55  0.980273301828698     
         118          56  0.961583159879201     
         119          56  0.972137316814705     
         120          57  0.969861852878270     
         121          57  0.969752324170900     
         122          58  0.965610116399786     
         123          58  0.955724403044097     
         124          59  0.946574239703175     
         125          60  0.979353412971181     
         126          60  0.977382664673649     
         127          60  0.974118265054895     
         128          61  0.963252727729492     
         129          61  0.963714210226565     
         130          62  0.965552301101945     
         131          62  0.968777317491301     
         132          63  0.963706959191208     
         133          63  0.959537836098217     
         134          64  0.952179542849744     
         135          65  0.980543717448480     
         136          65  0.979372274200897     
         137          65  0.977960718405531     
         138          66  0.971062508885426     
         139          66  0.971375546036729     
         140          66  0.973562602398228     
