           6           1  0.348731052119125     
           7           2   1.42205210419083     
           7           6   1.27378146283136     
           8           7  0.897307861527156     
           9           8  0.961978082125176     
          10           3   1.41793681412368     
          10           6   1.21951252874699     
          10           9  0.932795026030054     
          11           9  0.957218418289217     
          12           8  0.955985827522377     
          13          12  0.949592113687915     
          14          13  0.919966371316953     
          15          14   1.82283367169148     
          16          14   1.10801713008691     
          17           1  0.531686968434392     
          18           3   1.32276657385361     
          18          17   1.13177827956356     
          19          18   1.14338482368133     
          20          19   1.39519609226817     
          21           4   1.26471451473336     
          21          17   1.15663787143136     
          21          20   1.21967331235225     
          22          19  0.987864873351028     
          23          20  0.964286638588050     
          24          23   1.83871652600997     
          25          23  0.967519554582200     
          26           1  0.414982239985415     
          27           4   1.41978603842186     
          27          26   1.25029488916357     
          28          27  0.931110001695516     
          29          28  0.954025396921568     
          30           5   1.46296309789438     
          30          26   1.21729725388056     
          30          29  0.931163553609233     
          31          28  0.962926826210008     
          32          29  0.940519413226223     
          33          32   1.00054640356761     
          34           1  0.527837704122978     
          35           5   1.23287915008742     
          35          34   1.14477008289363     
          36          35   1.26149745731102     
          37          36   1.32579743908473     
          38           2   1.16405945949750     
          38          34   1.19282339996966     
          38          37   1.20970580022047     
          39          36  0.995467568522700     
          40          37   1.00492638088228     
          41          40   1.85317526238048     
          42           2  0.926494846055709     
          42          40  0.868616130381401     
          43          42  0.958567300563993     
          44          43   1.79488220380475     
          45          43   1.06737579716753     
          46          45  0.970152782242574     
          47          16  0.960726029328250     
          48          47  0.973867592250706     
          49          48   1.87662716979952     
          50          49   1.00445117211724     
          51          49  0.976968600187854     
          52          51  0.949316132000436     
          53          52  0.995632399951072     
          54          53  0.954266744404468     
          55          54  0.982771107780930     
          56          54  0.974657587075680     
          57          56  0.972856871724572     
          58          57  0.985619319151818     
          59          58  0.975368903167544     
          60          59  0.972952732154571     
          61          59  0.955593213134855     
          62          61  0.995313585741498     
          63          62  0.976637940294699     
          64          63  0.954619225030757     
          65          64  0.995901568114485     
          66          64  0.999437666569739     
          67           3  0.922392909012841     
          68           4  0.929578567694216     
          69           5  0.933026730617874     
          70           8  0.941826550548294     
          71           9  0.946380174350231     
          72          11  0.978011349379957     
          73          11  0.983815509789251     
          74          11  0.973955396705532     
          75          12  0.964583639487264     
          76          12  0.969595860498463     
          77          13  0.973960821161293     
          78          13  0.958827542359779     
          79          22  0.971274668426083     
          80          22  0.964493508512972     
          81          22  0.968649414097590     
          82          25  0.967273249049526     
          83          25  0.971053112885195     
          84          25  0.954756556031237     
          85          28  0.945258881498842     
          86          29  0.931798117827646     
          87          31  0.979458999320548     
          88          31  0.978958248053915     
          89          31  0.980543353587302     
          90          32  0.969298375322069     
          91          32  0.969994079331298     
          92          33  0.985149463749013     
          93          33  0.980258460071276     
          94          33  0.979898741024788     
          95          39  0.972344129879799     
          96          39  0.962550255531826     
          97          39  0.977468498186561     
          98          42  0.924775103444566     
          99          46  0.986578936463623     
         100          46  0.983304633730890     
         101          46  0.988395147029045     
         102          47  0.958237488042914     
         103          47  0.963642958232081     
         104          48  0.946165393514756     
         105          50  0.961395418859622     
         106          50  0.970403808500814     
         107          50  0.971494762704929     
         108          51  0.964088110333025     
         109          51  0.965737981771932     
         110          52  0.971738794054358     
         111          52  0.968147348522204     
         112          53  0.961829406092445     
         113          53  0.969922030150056     
         114          54  0.957518012301621     
         115          55  0.979144005657808     
         116          55  0.980583512750294     
         117          55  0.983803868775846     
         118          56  0.973634909592819     
         119          56  0.959695685128535     
         120          57  0.964156910980809     
         121          57  0.968668397541181     
         122          58  0.958172361937195     
         123          58  0.956347537366136     
         124          59  0.951298894999778     
         125          60  0.982914349771927     
         126          60  0.979824572544767     
         127          60  0.983531456749788     
         128          61  0.961526479450630     
         129          61  0.962103895207024     
         130          62  0.966759834415285     
         131          62  0.962876005353228     
         132          63  0.959685517197345     
         133          63  0.972300830550660     
         134          64  0.954858758266410     
         135          65  0.975679919974587     
         136          65  0.975977747261228     
         137          65  0.979059118673783     
         138          66  0.979683331984262     
         139          66  0.978851609441177     
         140          66  0.972174030318388     
