  0.292271012311495     
  2.392470053285489E-002
 -3.768120506517025E-002
 -2.890000699197692E-002
 -2.073533873927680E-002
 -0.134403396508931     
  3.956776530033146E-002
 -1.142992566184819E-002
 -1.940345525361931E-002
  3.449250068285714E-002
 -0.103716177563275     
 -6.333526277134816E-002
 -6.425604499913984E-002
  0.220312634633745     
 -0.239573629781995     
 -0.161488515043909     
 -0.224959553478683     
  1.257764101155079E-003
 -4.290258367689592E-002
 -8.168765764085517E-002
  1.149460462675522E-002
 -7.124906741788006E-002
  0.169514098952926     
 -0.224771282739035     
 -8.751770452433583E-002
 -0.162433683533838     
  1.251131853137544E-002
 -6.567455062667094E-003
 -1.426308523513953E-002
  2.334432511379747E-002
 -8.245784210485763E-002
 -4.777675931230796E-002
 -8.969471396422080E-002
 -0.204600591915535     
  3.192456155650225E-002
  2.118082452881831E-002
 -4.645931313563256E-002
  3.024629255447753E-002
 -6.614143229666514E-002
  0.175741783264636     
 -0.206614471423083     
 -4.329090081671261E-002
  0.186747563607154     
 -0.265679312399574     
 -0.165341623517907     
  7.023544789646508E-003
  4.109365695774647E-002
 -7.187895059632066E-002
 -2.269668434845684E-002
 -0.104949687966979     
 -7.074908968423710E-002
 -6.290779145728909E-002
 -6.204073635071161E-002
 -3.414300647857615E-002
 -0.107828189698065     
 -7.475808121343874E-002
 -4.278657029324151E-002
 -8.460647572415159E-002
 -2.778725496160739E-002
 -0.102994744856158     
 -6.967759261533146E-002
 -6.242300710759086E-002
 -6.295636135750193E-002
 -1.207096705438016E-002
 -0.101364698440832     
 -0.132237424055487     
  5.887066619349834E-002
  5.274080161197003E-002
  5.467862909810806E-002
  5.485679849930991E-002
  4.092284020655090E-002
  3.320407544465498E-002
  3.482844418182718E-002
  3.652551297374906E-002
  2.939638364009112E-002
  4.228146161963919E-002
  3.941835030588925E-002
  3.957260646346772E-002
  4.896815458724990E-002
  5.080620115805379E-002
  5.099516833001472E-002
  5.885263305586119E-002
  4.173755054750761E-002
  5.311692746113328E-002
  5.823955391562952E-002
  5.932238922997701E-002
  3.925519626542873E-002
  4.224345381935513E-002
  4.166345781417247E-002
  3.182979872878267E-002
  3.507894466526240E-002
  4.521677629031273E-002
  3.060033576305543E-002
  3.585604205392323E-002
  4.946376276160547E-002
  5.016837795642437E-002
  5.129185915284007E-002
  5.392946250112240E-002
  5.840369779033394E-002
  4.762880004675951E-002
  4.748853566365674E-002
  5.970335823070594E-002
  6.649415741879927E-002
  2.887863518550648E-002
  4.602493077407677E-002
  3.204640050492902E-002
  4.376660953636080E-002
  3.248315845305083E-002
  4.326159609019353E-002
  3.062645750074555E-002
  3.448799748842979E-002
  3.809251824534365E-002
  3.872820557908785E-002
  3.777903187530829E-002
  3.332618814257204E-002
  3.536680392417546E-002
  3.628248059774608E-002
  3.091494060292044E-002
  3.643060104492080E-002
  2.761922359912294E-002
  4.579343718525908E-002
  3.022229537192633E-002
  3.186113566733295E-002
  3.311894090888778E-002
  3.205391305843897E-002
  4.311217932770717E-002
  2.978931723695888E-002
  2.208815379587048E-002
  4.042706876472224E-002
  3.038438770634100E-002
  3.709001443287840E-002
  3.551434988906610E-002
  3.828588002296396E-002
  3.958206151428145E-002
  3.018923083580860E-002
  3.010720969198921E-002
  3.164185889753413E-002
  2.926118796822808E-002
  2.447495066492977E-002
  4.077583725812661E-002
