 excitation energies, transition moments and TDA amplitudes
 state    eV      nm       fL        Rv(corr)
    1    2.297   539.8     0.2023    -3.0721     0.76( 142-> 144) -0.37( 143-> 144) -0.32( 143-> 146)
    2    2.344   529.0     0.6232    -4.6682     0.81( 143-> 144)  0.37( 142-> 144)  0.32( 142-> 146)
    3    2.951   420.1     0.0372     4.5146     0.93( 141-> 144) -0.19( 142-> 144)  0.15( 143-> 146)
    4    3.605   344.0     0.0296    10.6050     0.67( 139-> 144) -0.34( 137-> 144) -0.34( 138-> 144)
    5    3.807   325.7     0.2452    22.1127    -0.84( 143-> 145)  0.34( 143-> 146) -0.16( 143-> 148)
    6    3.868   320.5     0.0260   -19.4580     0.50( 137-> 144)  0.48( 139-> 144)  0.32( 136-> 144)
    7    3.954   313.6     0.0098   -10.2858    -0.82( 143-> 147) -0.47( 143-> 148)  0.18( 143-> 149)
    8    4.036   307.2     0.1333   -19.7205    -0.62( 142-> 145)  0.38( 142-> 146) -0.29( 143-> 146)
    9    4.220   293.8     0.1096   -24.8642    -0.68( 138-> 144)  0.37( 136-> 144) -0.35( 142-> 147)
