  0.315020117579577     
  3.633339255764145E-003
 -2.479631366917445E-002
 -2.607648992065670E-002
 -2.767322019296881E-002
 -0.142652412164655     
  3.949434493412651E-002
 -8.145498247828620E-003
 -5.952825025800301E-003
  3.029324994922877E-002
 -9.045421856535452E-002
 -5.471947761727947E-002
 -5.398766682454070E-002
  0.195340098267671     
 -0.299971413355747     
 -0.129241349721464     
 -0.219520633245076     
  3.292356360420312E-002
 -2.572137966001353E-002
 -5.736282681832439E-002
  5.338533020435499E-002
 -8.030839883803154E-002
  0.144283803733041     
 -0.257408631095314     
 -9.065659762193423E-002
 -0.184252419116110     
  5.900371410260918E-002
 -2.421739787133870E-002
 -4.424331414721383E-002
  4.229800208200052E-002
 -6.905201237839176E-002
 -4.822133818245344E-002
 -0.100813372396875     
 -0.223458734474914     
  1.847841360136826E-002
  1.070488592217078E-002
 -4.044481697386271E-002
  2.108009197500449E-002
 -5.809122235683084E-002
  0.134433532971524     
 -0.253575204690411     
 -5.295093931952533E-002
  0.237627569084521     
 -0.285309374001645     
 -0.149985415307832     
  1.612370587311451E-002
  6.188604267328790E-002
 -9.767928632892353E-002
 -4.437869851839693E-002
 -9.327547153927274E-002
 -4.232653985731627E-002
 -6.415447773637339E-002
 -7.598575017132880E-002
 -3.620857888253592E-002
 -9.403210169952736E-002
 -9.096703582560828E-002
 -7.229677750023455E-002
 -4.688639002892270E-002
 -1.818897155716392E-002
 -0.124811703147826     
 -6.828053946294244E-002
 -6.482877427399725E-002
 -6.387241267511534E-002
 -2.305002617560348E-002
 -9.380245555807587E-002
 -0.115698904934981     
  5.144262651762699E-002
  5.306534982557798E-002
  5.026912900170255E-002
  5.216008600551980E-002
  4.073010255401177E-002
  3.907656502221946E-002
  4.447456937056715E-002
  3.664687223743957E-002
  3.978903772907372E-002
  4.672885976573515E-002
  5.613805661559168E-002
  3.669323785801604E-002
  4.352467915403424E-002
  5.591006528656273E-002
  6.115491699281439E-002
  4.595078035882616E-002
  4.347078491089884E-002
  5.488611935989085E-002
  4.722291288612890E-002
  4.757938975933773E-002
  4.453924468964365E-002
  4.360771149055953E-002
  4.257395501341377E-002
  3.239500676648599E-002
  4.758191700450420E-002
  2.328634702704446E-002
  2.407584003966012E-002
  3.921004880605994E-002
  5.925975393523053E-002
  5.166767396622063E-002
  4.591233316093857E-002
  5.605277235496287E-002
  4.657509297747708E-002
  5.451284814464463E-002
  6.156334320853396E-002
  7.109681507092935E-002
  6.053002074036529E-002
  2.252119693542065E-002
  3.789030019162687E-002
  4.254839833146973E-002
  3.811528665102082E-002
  4.411853412961297E-002
  4.423867266167181E-002
  2.596542838750637E-002
  4.240853661561872E-002
  3.000420081100896E-002
  2.909997172484735E-002
  3.370774984592451E-002
  3.466293038656265E-002
  4.133322480341817E-002
  4.101885797263971E-002
  2.840487416324999E-002
  1.514713049514393E-002
  3.701144697932179E-002
  4.775420771205785E-002
  3.784393245583739E-002
  3.789461296103125E-002
  4.698421745502068E-002
  2.701585688077768E-002
  3.895126982266561E-002
  2.911018674809973E-002
  4.892162126065702E-002
  2.649176073580772E-002
  3.385884938028283E-002
  2.820906215038055E-002
  3.096980223285173E-002
  3.722679668991669E-002
  3.574628729079232E-002
  3.724683150407715E-002
  3.544621417582383E-002
  3.405565098460339E-002
  3.769349298620150E-002
  2.952505166969288E-002
  2.348269207123410E-002
