 excitation energies, transition moments and TDA amplitudes
 state    eV      nm       fL        Rv(corr)
    1    2.096   591.5     0.4969    -3.0462    -0.83( 143-> 144) -0.35( 142-> 144)  0.31( 142-> 146)
    2    2.379   521.2     0.3857     3.5172    -0.79( 142-> 144) -0.43( 143-> 146)  0.31( 143-> 144)
    3    3.284   377.5     0.0184    19.8224    -0.92( 140-> 144) -0.15( 143-> 145) -0.15( 142-> 145)
    4    3.530   351.2     0.0528    39.7158    -0.59( 143-> 147)  0.52( 143-> 145)  0.35( 143-> 146)
    5    3.680   336.9     0.0113   -37.7464    -0.65( 143-> 147) -0.52( 143-> 145) -0.28( 142-> 145)
    6    3.731   332.3     0.0412    14.1835     0.69( 139-> 144) -0.38( 143-> 145) -0.38( 138-> 144)
    7    3.804   325.9     0.0336    10.5086     0.56( 138-> 144)  0.51( 137-> 144) -0.37( 135-> 144)
    8    3.977   311.7     0.1638    -5.3714     0.41( 142-> 147) -0.39( 143-> 146) -0.38( 142-> 145)
    9    4.019   308.5     0.1536     0.7348     0.64( 142-> 147) -0.30( 137-> 144) -0.27( 139-> 144)
