           6           1  0.404808327732058     
           7           2   1.44141298946577     
           7           6   1.21600171401225     
           8           7  0.963867312396713     
           9           8  0.963826685573109     
          10           3   1.43837845280054     
          10           6   1.23148106677174     
          10           9  0.899929889923718     
          11           9  0.981056501399981     
          12           8  0.915240650337639     
          13          12  0.977883413546232     
          14          13  0.959630370969513     
          15          14   1.77035555062195     
          16          14   1.10109281525508     
          17           1  0.542536866104213     
          18           3   1.25718582668834     
          18          17   1.12135637165830     
          19          18   1.24114279744355     
          20          19   1.39468055910547     
          21           4   1.26127174305375     
          21          17   1.20643029990233     
          21          20   1.12509213416596     
          22          19  0.960101842096979     
          23          20  0.998765808198221     
          24          23   1.80682190407270     
          25          23  0.987286535018359     
          26           1  0.372186923963572     
          27           4   1.44741477296902     
          27          26   1.25691324378609     
          28          27  0.916275752476484     
          29          28  0.956397396899770     
          30           5   1.40204990426819     
          30          26   1.23685099168285     
          30          29  0.940133790623903     
          31          28  0.962418586887854     
          32          29  0.924610417974834     
          33          32   1.02334147298186     
          34           1  0.472742697130823     
          35           5   1.33855311745993     
          35          34   1.07609355102728     
          36          35   1.19872764524545     
          37          36   1.35191886674870     
          38           2   1.16394333788317     
          38          34   1.32095093860494     
          38          37   1.10620589278769     
          39          36   1.01402512597147     
          40          37   1.15138164775096     
          41          40   1.76535270389584     
          42           2  0.938563939700067     
          42          40  0.830728883422858     
          43          42  0.920015830997052     
          44          43   1.79236371134909     
          45          43   1.11735810830872     
          46          45  0.958230229467741     
          47          16  0.960092809598957     
          48          47  0.996321044018462     
          49          48   1.87705828729745     
          50          49  0.991882809158725     
          51          49  0.970181442418409     
          52          51  0.983432745517111     
          53          52  0.982267735574675     
          54          53  0.963856598902634     
          55          54  0.990651816584475     
          56          54  0.960739107225983     
          57          56  0.981619039966761     
          58          57  0.987320232871701     
          59          58  0.983460903922126     
          60          59  0.964000295113393     
          61          59  0.965503410195801     
          62          61  0.983200091007554     
          63          62  0.972218674496218     
          64          63  0.973759764316803     
          65          64  0.980245659440770     
          66          64  0.982352832084933     
          67           3  0.930274449561497     
          68           4  0.933910762791536     
          69           5  0.927647482240707     
          70           8  0.930954561223090     
          71           9  0.942340596795540     
          72          11  0.976619287647201     
          73          11  0.976790912808704     
          74          11  0.974165207522483     
          75          12  0.965126468146071     
          76          12  0.966474371096492     
          77          13  0.935775760828182     
          78          13  0.955750867702400     
          79          22  0.971502290707126     
          80          22  0.969424742277752     
          81          22  0.976007870268147     
          82          25  0.957043475468790     
          83          25  0.968034006151330     
          84          25  0.952191001865286     
          85          28  0.950365920802894     
          86          29  0.942414721909163     
          87          31  0.981176841787623     
          88          31  0.975517297159523     
          89          31  0.978586482912984     
          90          32  0.966445502602760     
          91          32  0.963305350150157     
          92          33  0.978639170433346     
          93          33  0.972201356494471     
          94          33  0.971324616604785     
          95          39  0.951422957629264     
          96          39  0.970931762384398     
          97          39  0.970520588047801     
          98          42  0.935879936896555     
          99          46  0.989150339598109     
         100          46  0.988305284428816     
         101          46  0.978163484460471     
         102          47  0.950717120339299     
         103          47  0.956364560727466     
         104          48  0.944327432681429     
         105          50  0.972550359894325     
         106          50  0.968125669265690     
         107          50  0.975042642885189     
         108          51  0.948780323871949     
         109          51  0.958929902399592     
         110          52  0.969270358813418     
         111          52  0.962382406877764     
         112          53  0.963182608903289     
         113          53  0.966888190112019     
         114          54  0.952845344092755     
         115          55  0.982400210376697     
         116          55  0.977817947448042     
         117          55  0.977482522284413     
         118          56  0.961453983809337     
         119          56  0.960648020477884     
         120          57  0.960253503298332     
         121          57  0.958618521936172     
         122          58  0.962589995294634     
         123          58  0.953784285254867     
         124          59  0.946256177417487     
         125          60  0.984176361973459     
         126          60  0.978741148208320     
         127          60  0.979137110296966     
         128          61  0.958000417804899     
         129          61  0.962769624481830     
         130          62  0.962704647738293     
         131          62  0.973333653348986     
         132          63  0.967683019756215     
         133          63  0.962201774044047     
         134          64  0.956769523215538     
         135          65  0.980475144863784     
         136          65  0.979977671602350     
         137          65  0.980919125293192     
         138          66  0.977805943067672     
         139          66  0.980919649228852     
         140          66  0.984020948346675     
