  0.317532080724896     
  1.986285962702139E-002
 -1.272879843544050E-002
 -1.534104893608479E-002
 -6.002637481250339E-002
 -0.109661813363380     
  2.951308200033953E-002
 -2.007270999828137E-002
 -2.763600262928279E-002
  4.480731317437803E-002
 -9.153602581281461E-002
 -4.273198650702348E-002
 -5.488751340581377E-002
  0.196410198187483     
 -0.260508674840975     
 -0.175402101527289     
 -0.201827463040948     
  2.529589040136981E-002
 -1.058631179890757E-002
 -7.002322141356121E-002
  5.264052812225239E-002
 -6.854289860961948E-002
  0.132222865792011     
 -0.259312827030940     
 -8.437751148713968E-002
 -0.227736645486916     
  4.267694227130203E-002
 -2.929408877402206E-002
 -2.640602561088823E-002
  5.062601376274145E-002
 -8.026445982827024E-002
 -5.268703435041555E-002
 -0.103748599186546     
 -0.217475378979695     
  1.197235299394617E-002
 -3.483512852503257E-002
 -4.229973444486301E-002
  7.008277427093201E-003
 -5.935793606380990E-002
  0.133097083362475     
 -0.264021970984778     
 -3.421417723005771E-002
  0.261728010334298     
 -0.257501572983035     
 -0.135725005276742     
  1.962843629088118E-002
  4.308370168468523E-002
 -8.083250168663270E-002
 -6.239732230417516E-003
 -9.300420175821955E-002
 -5.470234478485558E-002
 -6.933125737328183E-002
 -6.008452199045067E-002
 -2.516402471448842E-002
 -9.206156387122633E-002
 -9.637307197244560E-002
 -6.296172783286558E-002
 -7.754767741430246E-002
 -2.649296968113024E-002
 -9.604420303221950E-002
 -7.178717298453208E-002
 -6.696814797512118E-002
 -0.102861567020248     
 -1.171775279593845E-002
 -0.103789035638739     
 -9.216436209360257E-002
  4.520233221133974E-002
  6.121047807297098E-002
  5.899576439011378E-002
  5.599849502517307E-002
  4.361793600470731E-002
  3.988922580735987E-002
  3.480396819964526E-002
  3.759228038382978E-002
  4.009329302962827E-002
  4.963191565315372E-002
  3.853546255147056E-002
  4.334179057081533E-002
  5.770683151297107E-002
  4.434033888781486E-002
  5.178822694608098E-002
  4.939633234175911E-002
  4.149312039330588E-002
  5.664806860364036E-002
  5.234563282475646E-002
  4.812541049210917E-002
  4.419007870826175E-002
  4.117695522180520E-002
  3.859762891192176E-002
  4.240635979949536E-002
  3.649704757875916E-002
  3.224930159098049E-002
  3.144923299580482E-002
  3.267273184747732E-002
  4.831162710911929E-002
  5.107528266452566E-002
  6.055483899361425E-002
  6.052287590198913E-002
  3.674196982936972E-002
  5.300974864316454E-002
  5.410201987530661E-002
  5.857042932499790E-002
  5.916442655731002E-002
  3.321622335420404E-002
  4.838666773017164E-002
  4.082544534144839E-002
  4.555741049763951E-002
  3.359281732159947E-002
  3.426817651785274E-002
  3.018265337306136E-002
  2.676139067752448E-002
  4.142713055640590E-002
  3.647264992617705E-002
  3.338312772196816E-002
  3.668118697502343E-002
  3.571852826217570E-002
  3.351308542839571E-002
  3.264677895278989E-002
  1.918283317654634E-002
  4.184945368833459E-002
  3.107252738176669E-002
  3.437355100326356E-002
  3.368105427631241E-002
  4.001089544665204E-002
  2.950485371719158E-002
  3.428747557555023E-002
  3.849696359820254E-002
  3.633128932498286E-002
  4.001375144845731E-002
  2.985395824328241E-002
  3.945054647324431E-002
  2.512433228164623E-002
  2.670029580890121E-002
  4.530656807038935E-002
  3.009566603497682E-002
  3.265131706643065E-002
  3.874720953620603E-002
  3.662519672219600E-002
  3.133073669851927E-002
  4.342003440261433E-002
