 excitation energies, transition moments and TDA amplitudes
 state    eV      nm       fL        Rv(corr)
    1    2.208   561.4     0.3546    -0.4469    -0.68( 142-> 143)  0.55( 141-> 143) -0.24( 141-> 145)
    2    2.342   529.4     0.4917    -5.5050     0.68( 141-> 143)  0.55( 142-> 143) -0.30( 142-> 145)
    3    3.214   385.8     0.0338   -21.6623     0.84( 140-> 143)  0.23( 142-> 144) -0.22( 139-> 143)
    4    3.411   363.5     0.0114    10.5161    -0.62( 142-> 147)  0.52( 142-> 145)  0.52( 142-> 146)
    5    3.566   347.7     0.0844     4.3649    -0.62( 138-> 143) -0.52( 135-> 143) -0.38( 142-> 144)
    6    3.587   345.7     0.1717    -3.8732     0.62( 142-> 144) -0.35( 141-> 144) -0.33( 138-> 143)
    7    3.720   333.3     0.1640   -42.6106     0.52( 141-> 147) -0.36( 141-> 144) -0.34( 141-> 146)
    8    3.782   327.8     0.0017    45.3834     0.62( 141-> 144) -0.45( 141-> 146) -0.38( 141-> 145)
    9    3.854   321.7     0.0600    -8.9958     0.51( 139-> 143) -0.50( 142-> 145)  0.38( 142-> 146)
