           6           1  0.342069432562537     
           7           2   1.38556529608384     
           7           6   1.28922683984919     
           8           7  0.922008394324721     
           9           8  0.952270355671559     
          10           3   1.47827900203671     
          10           6   1.23121584415936     
          10           9  0.914874270557596     
          11           9  0.963489365133947     
          12           8  0.950271122293486     
          13          12  0.984901255567629     
          14          13  0.904981569159628     
          15          14   1.85533051394574     
          16          14   1.06716415098998     
          17           1  0.514896121570131     
          18           3   1.20564544460492     
          18          17   1.14668351947098     
          19          18   1.19957558672403     
          20          19   1.38927638643838     
          21           4   1.21712488513006     
          21          17   1.24498106143457     
          21          20   1.13072520918370     
          22          19   1.00136307481420     
          23          20  0.988656226925702     
          24          23   1.80867494605877     
          25          23  0.985721116665181     
          26           1  0.480178196139499     
          27           4   1.53575778808945     
          27          26   1.13020561658149     
          28          27  0.917507246029820     
          29          28  0.943841435911195     
          30           5   1.43363358982484     
          30          26   1.24651293983706     
          30          29  0.932209841562627     
          31          28  0.965603597891117     
          32          29  0.964637428973182     
          33          32  0.993594914869845     
          34           1  0.463682312587464     
          35           5   1.26896803018660     
          35          34   1.16602972743374     
          36          35   1.15945876250651     
          37          36   1.39212815578358     
          38           2   1.25297394397747     
          38          34   1.21212830899871     
          38          37   1.13118943477704     
          39          36   1.00161500127425     
          40          37   1.09538209008579     
          41          40   1.73097409496391     
          42           2  0.916825607184438     
          42          40  0.932792233712593     
          43          42  0.886520905572450     
          44          43   1.84523395515888     
          45          43   1.10498223365705     
          46          45  0.973355369924086     
          47          16  0.936659300377559     
          48          47  0.987398275491632     
          49          48   1.89455905015192     
          50          49  0.985455016239689     
          51          49  0.962556944329694     
          52          51  0.994766739262110     
          53          52  0.955822015290121     
          54          53  0.974181926444240     
          55          54   1.00116223126395     
          56          54  0.947368377170612     
          57          56  0.993491035034010     
          58          57  0.972385975028888     
          59          58  0.978265320537864     
          60          59  0.991406997272708     
          61          59  0.960989458591349     
          62          61  0.981531503757610     
          63          62  0.979605217089662     
          64          63  0.968598234534929     
          65          64  0.994881557495321     
          66          64  0.981691731968697     
          67           3  0.937290369655682     
          68           4  0.923117531796134     
          69           5  0.935863527011393     
          70           8  0.936301022669523     
          71           9  0.946281594475674     
          72          11  0.977613987556387     
          73          11  0.980640552160784     
          74          11  0.981400271479305     
          75          12  0.961495512575544     
          76          12  0.952811873683523     
          77          13  0.967616557922598     
          78          13  0.959630944017611     
          79          22  0.963932359980116     
          80          22  0.961122582063603     
          81          22  0.973300659047373     
          82          25  0.960983221844549     
          83          25  0.970265584157696     
          84          25  0.951863487010798     
          85          28  0.943808663807201     
          86          29  0.934942862681460     
          87          31  0.979217936605342     
          88          31  0.977169404912209     
          89          31  0.982715934570177     
          90          32  0.957446173537819     
          91          32  0.963122795002381     
          92          33  0.981942103146471     
          93          33  0.986023427116880     
          94          33  0.978383521125903     
          95          39  0.973946495932347     
          96          39  0.958439696833262     
          97          39  0.968655495716837     
          98          42  0.919542532079099     
          99          46  0.987225743696677     
         100          46  0.978499192454381     
         101          46  0.987132877663290     
         102          47  0.966590180452867     
         103          47  0.966587212640325     
         104          48  0.940332907731207     
         105          50  0.972338332750381     
         106          50  0.967839288294300     
         107          50  0.973042861927178     
         108          51  0.954227929893055     
         109          51  0.955684421647881     
         110          52  0.964766574483631     
         111          52  0.967873392620861     
         112          53  0.966454206714317     
         113          53  0.969371598043759     
         114          54  0.954353257475584     
         115          55  0.978686810856311     
         116          55  0.974269932935857     
         117          55  0.978015067985885     
         118          56  0.961636727399650     
         119          56  0.967674603441584     
         120          57  0.966801380355775     
         121          57  0.969694072477274     
         122          58  0.958567606177426     
         123          58  0.960211445033628     
         124          59  0.949214468615018     
         125          60  0.982648920612314     
         126          60  0.977669413677592     
         127          60  0.972958403831926     
         128          61  0.962677320113036     
         129          61  0.966537938680370     
         130          62  0.973341977164562     
         131          62  0.962983657325700     
         132          63  0.956329519707144     
         133          63  0.963503453872243     
         134          64  0.952145305601828     
         135          65  0.979179439788697     
         136          65  0.976672354493927     
         137          65  0.974875308514779     
         138          66  0.979855657154812     
         139          66  0.981876376559291     
         140          66  0.975837022781378     
