  0.307586897777523     
  1.810070995108592E-002
 -1.684885546192838E-002
 -4.293593802998252E-002
 -6.664305286149741E-002
 -0.124947019246381     
  3.202993096674289E-002
 -2.082633987864835E-002
 -1.660465513639320E-002
  4.121839505289282E-002
 -7.886533299593701E-002
 -4.776654410446035E-002
 -6.366300066455910E-002
  0.211937199056416     
 -0.285458697378915     
 -0.153125479546723     
 -0.207659147279020     
  5.345165963165588E-002
  8.931062427127490E-003
 -8.372714317932761E-002
  3.345732279754321E-002
 -5.706635880067523E-002
  0.163326515727524     
 -0.251509226746529     
 -0.111809087566002     
 -0.192366476851164     
  3.267980041020735E-002
 -2.240152791608896E-002
 -2.356505342689807E-002
  3.837168425327686E-002
 -8.298036198992698E-002
 -5.785378394442109E-002
 -9.058617826059212E-002
 -0.221115502902672     
  1.330399879301858E-002
 -1.179617156156354E-002
 -4.552315277717778E-002
  1.606910245617321E-002
 -6.042367331555010E-002
  0.125686527450079     
 -0.254352171178253     
 -3.404840932156628E-002
  0.211845098165440     
 -0.267726634355442     
 -0.138440366046405     
  1.376967361494863E-002
  4.460237330676664E-002
 -6.882823253593617E-002
 -2.347411505995289E-002
 -0.113014073463757     
 -3.704670486362538E-002
 -5.394470357368775E-002
 -8.591488907719125E-002
 -1.816673946771896E-002
 -0.113306478156936     
 -5.376189596773262E-002
 -7.227167502382859E-002
 -5.623747170877902E-002
 -2.276783250848791E-002
 -0.110025588096001     
 -6.907659084221329E-002
 -5.898696373928125E-002
 -9.308111402920272E-002
 -1.557484035232015E-002
 -9.993711735215705E-002
 -0.104885721468082     
  5.705422544417549E-002
  6.740594071663730E-002
  5.570381427539017E-002
  4.705749290341787E-002
  4.471889315090838E-002
  4.085947529377010E-002
  4.611621581224279E-002
  3.005479703553604E-002
  5.743398129346178E-002
  4.170188785735063E-002
  3.903344458129343E-002
  4.582289147101049E-002
  4.556924073287327E-002
  5.309163099394043E-002
  5.345923416758280E-002
  3.883947256550369E-002
  4.730645746395168E-002
  4.889184067603369E-002
  5.556132950995840E-002
  5.345571163986396E-002
  4.400421816742395E-002
  4.553482766885353E-002
  3.724298371147750E-002
  3.388321761291235E-002
  3.176102432688976E-002
  4.815578518867691E-002
  2.957173548961733E-002
  3.253730902421614E-002
  5.302540997878458E-002
  5.099437456131484E-002
  4.376325120647606E-002
  7.161525749109265E-002
  5.266638808017809E-002
  4.807924849542966E-002
  5.575485270512470E-002
  6.140567445970924E-002
  5.610531133089969E-002
  3.936587349818321E-002
  4.210991688368693E-002
  3.950375822101182E-002
  3.466115535120762E-002
  5.527259848859467E-002
  4.532234092662091E-002
  3.346331990663320E-002
  3.190871101327308E-002
  2.294626471970806E-002
  2.592508904057833E-002
  3.216186476175142E-002
  3.324262557320301E-002
  3.412307192195085E-002
  3.160515553859100E-002
  3.955662834344442E-002
  3.678489638809557E-002
  3.535723329151952E-002
  2.482694377736971E-002
  3.683845742310765E-002
  2.905200665617358E-002
  2.713831876004036E-002
  2.994954557392082E-002
  3.102879906064882E-002
  3.566463243899098E-002
  3.510568915069023E-002
  3.290247610254027E-002
  3.821443365928057E-002
  3.405768712315216E-002
  2.846080704139531E-002
  2.897280042286254E-002
  3.893297791609351E-002
  2.926616698741957E-002
  3.673599919312198E-002
  3.779017679039598E-002
  4.340930227340367E-002
  3.073580132948939E-002
  2.893776554099814E-002
