 excitation energies, transition moments and TDA amplitudes
 state    eV      nm       fL        Rv(corr)
    1    2.134   581.0     0.2305     0.1491     0.79( 143-> 145)  0.35( 144-> 145) -0.25( 141-> 145)
    2    2.207   561.7     0.6426     1.6393     0.81( 144-> 145) -0.34( 143-> 145)  0.30( 143-> 146)
    3    3.011   411.8     0.0145    -1.1350    -0.67( 142-> 145) -0.66( 141-> 145)  0.14( 144-> 146)
    4    3.282   377.8     0.0204    13.0364    -0.50( 142-> 145) -0.44( 139-> 145)  0.41( 141-> 145)
    5    3.484   355.9     0.0240   -17.9505     0.58( 137-> 145)  0.45( 142-> 145) -0.38( 141-> 145)
    6    3.604   344.0     0.0168     2.7780     0.71( 144-> 148)  0.44( 144-> 146) -0.42( 144-> 147)
    7    3.708   334.4     0.0198   -31.2746     0.58( 136-> 145) -0.52( 135-> 145) -0.30( 143-> 146)
    8    3.736   331.8     0.1544   -25.6930     0.59( 143-> 146)  0.40( 143-> 148) -0.36( 143-> 147)
    9    3.996   310.3     0.0436   -18.6720    -0.64( 139-> 145) -0.33( 137-> 145)  0.29( 138-> 145)
