           6           1  0.345469637405082     
           7           2   1.31068380212007     
           7           6   1.31533558687947     
           8           7  0.962808675485375     
           9           8  0.936487277052198     
          10           3   1.53214160870279     
          10           6   1.18211603411288     
          10           9  0.910961527927791     
          11           9  0.995848773439267     
          12           8  0.918165858999539     
          13          12  0.982363162261644     
          14          13  0.935184430969473     
          15          14   1.81218984310723     
          16          14   1.08586190447465     
          17           1  0.521532585532529     
          18           3   1.16821501229934     
          18          17   1.18342594918998     
          19          18   1.24650244195788     
          20          19   1.31174341433095     
          21           4   1.21082744108911     
          21          17   1.18270676230116     
          21          20   1.17727569274338     
          22          19   1.02397926642250     
          23          20  0.990690811060145     
          24          23   1.85192284642654     
          25          23  0.952163391543163     
          26           1  0.412100917855154     
          27           4   1.48275190344247     
          27          26   1.22903190643081     
          28          27  0.876671378017051     
          29          28  0.938147406462530     
          30           5   1.44512334963068     
          30          26   1.22022040341961     
          30          29  0.942055517155827     
          31          28  0.994035944340478     
          32          29  0.961199905459184     
          33          32  0.999349682468725     
          34           1  0.528610316036442     
          35           5   1.22585301914610     
          35          34   1.13234913775446     
          36          35   1.24494172182622     
          37          36   1.36278201519004     
          38           2   1.30474989941493     
          38          34   1.19515132983526     
          38          37   1.09767290119726     
          39          36  0.990568978320645     
          40          37   1.11457238185540     
          41          40   1.76302908510067     
          42           2  0.941908322171326     
          42          40  0.869458219006334     
          43          42  0.912191576838209     
          44          43   1.80646551623320     
          45          43   1.10260646137453     
          46          45  0.967128268422197     
          47          16  0.937564251712440     
          48          47  0.990005649372563     
          49          48   1.90287992493211     
          50          49  0.964434951859982     
          51          49  0.954120038917832     
          52          51  0.991707408945882     
          53          52  0.972565493663948     
          54          53  0.944196011458378     
          55          54  0.971972089458315     
          56          54  0.998381409788646     
          57          56  0.949352412783099     
          58          57  0.995179735340345     
          59          58  0.973172687041152     
          60          59  0.957198697439634     
          61          59  0.995211985481060     
          62          61  0.965479515208814     
          63          62   1.00109266837361     
          64          63  0.953391477817163     
          65          64  0.996510373448028     
          66          64  0.989667462929971     
          67           3  0.934560389722946     
          68           4  0.928085757641051     
          69           5  0.938515250084049     
          70           8  0.935675157408700     
          71           9  0.939878706660428     
          72          11  0.971177478037971     
          73          11  0.976734225079199     
          74          11  0.973803899743426     
          75          12  0.962815475236757     
          76          12  0.963630345439965     
          77          13  0.958605523975515     
          78          13  0.945702010706640     
          79          22  0.965964890578690     
          80          22  0.967958315853794     
          81          22  0.953217979115701     
          82          25  0.968219175385719     
          83          25  0.956315429386457     
          84          25  0.967429269095071     
          85          28  0.943761466002686     
          86          29  0.928706653213277     
          87          31  0.976297352329727     
          88          31  0.977187243405107     
          89          31  0.976043864647163     
          90          32  0.965375572389722     
          91          32  0.965049065005080     
          92          33  0.979383554859645     
          93          33  0.978620641170074     
          94          33  0.984632551105914     
          95          39  0.973834501105250     
          96          39  0.964246535383484     
          97          39  0.973735140061957     
          98          42  0.920429963360145     
          99          46  0.988079752053321     
         100          46  0.984249803096473     
         101          46  0.984204324953713     
         102          47  0.959641300781495     
         103          47  0.966283369397501     
         104          48  0.939097623991473     
         105          50  0.972806522015308     
         106          50  0.977136537722680     
         107          50  0.971808114465986     
         108          51  0.954098292574489     
         109          51  0.952119891416115     
         110          52  0.965636903740830     
         111          52  0.972755126633762     
         112          53  0.971227448606320     
         113          53  0.964867275083449     
         114          54  0.954258502425280     
         115          55  0.977578074487067     
         116          55  0.980494074666936     
         117          55  0.978948353903954     
         118          56  0.962417926230813     
         119          56  0.964920278751125     
         120          57  0.967133170985535     
         121          57  0.968178495932520     
         122          58  0.957970731442939     
         123          58  0.961792476143802     
         124          59  0.952074466309665     
         125          60  0.982881234611859     
         126          60  0.979660363390861     
         127          60  0.984700765988679     
         128          61  0.960498732072427     
         129          61  0.961880159565446     
         130          62  0.965550117699874     
         131          62  0.961833827276406     
         132          63  0.955946876101099     
         133          63  0.962919341722888     
         134          64  0.956363576933194     
         135          65  0.979245663400817     
         136          65  0.977060860675264     
         137          65  0.970505725050485     
         138          66  0.974415598053252     
         139          66  0.976830825531393     
         140          66  0.979025453400156     
