  0.304870285529754     
 -2.402754941810414E-003
 -3.073598276836265E-002
 -2.055605554645545E-002
 -3.232628774791912E-002
 -0.149832791567007     
  4.254553194994104E-002
 -2.509203159643469E-002
 -2.225117875117633E-002
  6.601471978136697E-002
 -9.921701733981259E-002
 -3.899474761961663E-002
 -7.385141882956692E-002
  0.219287500671199     
 -0.311344332193563     
 -0.152824331979010     
 -0.221346998684298     
  6.245797632285921E-002
 -2.979963883743153E-002
 -5.757081556156241E-002
  5.356501627862009E-002
 -7.707815184972588E-002
  0.138148795866886     
 -0.254481118487856     
 -9.377739264480933E-002
 -0.169344847715995     
  4.050051793241582E-002
 -2.460764535151228E-002
 -2.278658071313533E-002
  3.054317918292693E-002
 -9.014655126271176E-002
 -5.275427422158163E-002
 -9.676862287609111E-002
 -0.225091332164207     
 -9.423418427090269E-004
 -2.774941267404962E-003
 -6.482852922464666E-002
  2.935751687778598E-002
 -5.781757914746244E-002
  0.160562160991399     
 -0.234992303869368     
 -3.042179400369527E-002
  0.234103622695991     
 -0.274949607530963     
 -0.166394308839384     
  8.435539806858738E-003
  4.457937265682999E-002
 -6.472786470854164E-002
 -2.334722439223302E-002
 -0.104766205559816     
 -4.463981702268072E-002
 -6.850412355590407E-002
 -7.227413403365723E-002
 -3.464650448753392E-002
 -0.106272217939128     
 -7.038289698384403E-002
 -5.966237266081365E-002
 -5.809735994537668E-002
 -3.746222479391026E-002
 -0.107084076573907     
 -7.913967215708606E-002
 -5.764644613396452E-002
 -7.339268002196597E-002
 -2.956548585224361E-002
 -8.964441988112437E-002
 -0.124209949406304     
  4.703027854933839E-002
  6.127210893545387E-002
  5.852186164325623E-002
  5.468908811076167E-002
  4.789149704548235E-002
  3.714154484847687E-002
  2.775055383759895E-002
  3.958294947671959E-002
  4.904747000609144E-002
  5.402587309054674E-002
  4.747634288393443E-002
  4.455152136466589E-002
  5.161241914198211E-002
  5.329767082453940E-002
  4.617168295126672E-002
  4.119731992625530E-002
  5.122976282841107E-002
  5.134632545994555E-002
  5.576608971655428E-002
  5.065173214186491E-002
  3.826769415645925E-002
  5.028287535486753E-002
  3.357434624384281E-002
  4.665164922222831E-002
  3.293380945101010E-002
  5.120830382050490E-002
  2.962121757729030E-002
  3.105536680522547E-002
  5.346784432099727E-002
  5.064262771326167E-002
  4.863253821093616E-002
  5.892120978564297E-002
  5.922594419731197E-002
  4.805667476622100E-002
  4.375392515019638E-002
  6.144598506093335E-002
  5.454740710711770E-002
  4.114204106555475E-002
  3.828357464533050E-002
  4.540134428151343E-002
  4.313658448312119E-002
  4.326409912146489E-002
  4.755779593761256E-002
  2.969964976376527E-002
  3.607509396223041E-002
  3.246404925330626E-002
  4.113237956813398E-002
  3.108794385643276E-002
  3.258636196382869E-002
  2.403802947383760E-002
  3.686383556394723E-002
  3.417831058873766E-002
  3.212771073191356E-002
  4.354433601614383E-002
  3.393432321050827E-002
  2.991294460646887E-002
  4.292970642478700E-002
  3.409314191400437E-002
  3.544827919210602E-002
  2.987438553771948E-002
  3.242104365114851E-002
  3.310543226978069E-002
  3.010400277168135E-002
  4.148670816838262E-002
  3.271894357497485E-002
  3.453940351713847E-002
  3.150993702445959E-002
  3.681526358095255E-002
  3.767657417770620E-002
  3.988527848349521E-002
  3.361116436682376E-002
  3.020756938846825E-002
  3.606706854637765E-002
  2.713042413147970E-002
