 excitation energies, transition moments and TDA amplitudes
 state    eV      nm       fL        Rv(corr)
    1    2.141   579.0     0.3075     6.5016    -0.64( 142-> 144)  0.58( 143-> 144)  0.27( 142-> 146)
    2    2.217   559.2     0.4933    -0.5619     0.63( 143-> 144)  0.59( 142-> 144)  0.32( 142-> 146)
    3    2.971   417.3     0.0177     9.9382     0.94( 141-> 144)  0.17( 142-> 146) -0.13( 140-> 145)
    4    3.371   367.7     0.0168   -11.7828    -0.84( 140-> 144) -0.39( 143-> 146)  0.17( 139-> 144)
    5    3.691   335.9     0.0258   -39.9284     0.74( 142-> 145) -0.42( 143-> 145) -0.25( 143-> 147)
    6    3.744   331.1     0.1701   -22.9063     0.57( 143-> 145)  0.46( 142-> 145)  0.35( 143-> 147)
    7    3.873   320.1     0.2333   -18.5780     0.50( 143-> 146)  0.45( 143-> 147)  0.34( 139-> 144)
    8    3.917   316.5     0.1494    -3.5036     0.50( 139-> 144)  0.47( 142-> 147)  0.43( 143-> 145)
    9    3.958   313.2     0.2390     2.3476    -0.59( 142-> 147) -0.35( 137-> 144)  0.35( 139-> 144)
