           6           1  0.315445792623453     
           7           2   1.38641910769103     
           7           6   1.27049514038498     
           8           7  0.936049464450949     
           9           8  0.951799850830978     
          10           3   1.38770344419639     
          10           6   1.28789564337634     
          10           9  0.936675288817679     
          11           9  0.958846876552911     
          12           8  0.945767415258085     
          13          12  0.974758615768877     
          14          13  0.950172912033293     
          15          14   1.79691622428461     
          16          14   1.09500509034024     
          17           1  0.518383713062330     
          18           3   1.23679870851089     
          18          17   1.19149115104787     
          19          18   1.22478452772960     
          20          19   1.35003815933734     
          21           4   1.28773231341370     
          21          17   1.16535522987855     
          21          20   1.14370715383557     
          22          19  0.965938330536723     
          23          20   1.01871876131147     
          24          23   1.81769956869587     
          25          23  0.952563953522388     
          26           1  0.434411160609624     
          27           4   1.39143409513488     
          27          26   1.26691645197742     
          28          27  0.912960389063172     
          29          28  0.971712801971360     
          30           5   1.47627362731944     
          30          26   1.17210590748917     
          30          29  0.938993299240879     
          31          28  0.951348412174241     
          32          29  0.943059014571099     
          33          32   1.00229055875018     
          34           1  0.518564963519896     
          35           5   1.25883088186159     
          35          34   1.11538538054062     
          36          35   1.22492111029680     
          37          36   1.30576678938629     
          38           2   1.22077502578317     
          38          34   1.20135990912951     
          38          37   1.20429302396059     
          39          36   1.04178656811762     
          40          37   1.06427823142303     
          41          40   1.82183642838844     
          42           2  0.931558709578302     
          42          40  0.869699803412912     
          43          42  0.923780325124325     
          44          43   1.82359876928183     
          45          43   1.07807665411839     
          46          45  0.972755524007971     
          47          16  0.950002133585649     
          48          47  0.982641714607204     
          49          48   1.85067505663567     
          50          49  0.991427427733080     
          51          49  0.973739936093649     
          52          51  0.971990081659259     
          53          52  0.964469404437426     
          54          53  0.976691425325807     
          55          54  0.979335880682778     
          56          54  0.959854022194740     
          57          56  0.985370783197806     
          58          57  0.979139528532359     
          59          58  0.984141582628391     
          60          59  0.987500662033060     
          61          59  0.950237531491908     
          62          61  0.994153640765566     
          63          62  0.979160564439294     
          64          63  0.966619718955426     
          65          64  0.984613896033640     
          66          64  0.972900550641160     
          67           3  0.943044947615980     
          68           4  0.934448178603940     
          69           5  0.932005116391584     
          70           8  0.932637874166640     
          71           9  0.946009088081071     
          72          11  0.973279833543561     
          73          11  0.980683995121157     
          74          11  0.978599129296299     
          75          12  0.963366029404941     
          76          12  0.962213951961735     
          77          13  0.943067220745149     
          78          13  0.944813596263804     
          79          22  0.971586957080854     
          80          22  0.976244703333308     
          81          22  0.973289434989296     
          82          25  0.970303041591739     
          83          25  0.960489963849575     
          84          25  0.971459931303707     
          85          28  0.941583264548001     
          86          29  0.937340403677393     
          87          31  0.980517091616010     
          88          31  0.975148262558284     
          89          31  0.983537768154578     
          90          32  0.965426169315552     
          91          32  0.970230244436352     
          92          33  0.957691544502159     
          93          33  0.985437132759308     
          94          33  0.985386352648474     
          95          39  0.960009352173111     
          96          39  0.947669593146666     
          97          39  0.966810821492628     
          98          42  0.927194565143421     
          99          46  0.984637182394081     
         100          46  0.979911159344726     
         101          46  0.988653897664431     
         102          47  0.954450896968112     
         103          47  0.963070087577774     
         104          48  0.940579644712964     
         105          50  0.971532600256242     
         106          50  0.971959131805232     
         107          50  0.964599342180658     
         108          51  0.956064503654221     
         109          51  0.960278408681866     
         110          52  0.970955215277778     
         111          52  0.968012111239484     
         112          53  0.962903247112630     
         113          53  0.962835994075516     
         114          54  0.950483341784219     
         115          55  0.979248025289736     
         116          55  0.983201981603493     
         117          55  0.982027425871808     
         118          56  0.962442385419963     
         119          56  0.965097176469939     
         120          57  0.960781886951281     
         121          57  0.963533672763511     
         122          58  0.965280409012616     
         123          58  0.958706871482203     
         124          59  0.947582596321691     
         125          60  0.978150879330908     
         126          60  0.980910623236838     
         127          60  0.977662129071896     
         128          61  0.964862018402128     
         129          61  0.959180118021823     
         130          62  0.959075565833460     
         131          62  0.970082437648667     
         132          63  0.966285360045506     
         133          63  0.964970438085388     
         134          64  0.962087454710137     
         135          65  0.977741269771635     
         136          65  0.980078154785043     
         137          65  0.982442164550937     
         138          66  0.982138415841220     
         139          66  0.978164526852994     
         140          66  0.984318011154131     
