  0.301953410870375     
  2.209338527523297E-002
 -4.142458944113780E-002
 -2.928524411194733E-002
 -2.875565888444598E-002
 -0.158732119102053     
  3.210724024635381E-002
 -1.256524155775374E-002
 -3.915166413760840E-002
  3.317709832948390E-002
 -9.320216236218393E-002
 -4.331792860640427E-002
 -5.105990600743304E-002
  0.199329977270779     
 -0.262741100517930     
 -0.173711535979045     
 -0.226230351686373     
 -2.526406409381288E-003
 -4.760942719757733E-002
 -5.314223345885960E-002
  2.002813758861333E-002
 -6.840986583890807E-002
  0.148820473234106     
 -0.244839485993546     
 -8.068199462798376E-002
 -0.157439652220591     
  3.431822920334238E-002
 -2.592376637282090E-002
 -2.824403627728156E-002
  5.421917711713498E-002
 -8.985929688248095E-002
 -5.600347328395738E-002
 -8.946735018327701E-002
 -0.200003013375807     
  3.395456746729142E-002
  3.687659322065917E-002
 -3.444427154570207E-002
  2.789100130157296E-002
 -5.287299379168164E-002
  0.121207687526908     
 -0.254825110622916     
 -4.175994838572361E-002
  0.225738058419360     
 -0.255917418562975     
 -0.161042199778043     
  2.335509094424815E-003
  4.739262781849884E-002
 -5.440559508040810E-002
 -1.133677502057484E-002
 -0.104286554368133     
 -5.059433337124641E-002
 -7.092741339344499E-002
 -5.746702813500271E-002
 -2.674207183811994E-002
 -0.102435978443977     
 -7.742154333670737E-002
 -7.453921175370581E-002
 -7.160637267028136E-002
 -2.380204620475013E-002
 -0.109596784549536     
 -6.876738285488404E-002
 -6.834640476449572E-002
 -6.117691809057835E-002
 -2.407404991708795E-002
 -0.114336469919771     
 -0.104134954258850     
  5.239848235573985E-002
  6.686438669791295E-002
  4.776030927726183E-002
  5.193153763840719E-002
  3.785809428931697E-002
  4.142165601957648E-002
  4.338852091043555E-002
  3.881124910521960E-002
  3.864399933124629E-002
  4.934259911918859E-002
  4.915313653925024E-002
  3.463692982908850E-002
  4.941855867318767E-002
  5.365052090184952E-002
  5.306823006350625E-002
  5.194176293845554E-002
  5.052884308645067E-002
  5.270867228497533E-002
  4.476985545474310E-002
  5.403045734557765E-002
  3.789176072290390E-002
  3.073431212688982E-002
  4.539884199536537E-002
  2.862005308813054E-002
  3.974234873187354E-002
  4.493703509406854E-002
  3.999297661458501E-002
  3.219070383846123E-002
  5.759673337122717E-002
  4.224864157822250E-002
  6.367358394850176E-002
  5.433783520430657E-002
  4.656309292329264E-002
  5.235801553126251E-002
  5.634406138259307E-002
  6.392015195895540E-002
  5.085570949876983E-002
  3.543476615591912E-002
  3.440069170557147E-002
  4.621387181708969E-002
  4.546226712860890E-002
  4.123689946755393E-002
  4.123489969383209E-002
  2.775541548601390E-002
  4.089872082550805E-002
  3.225199051070404E-002
  4.142870929937570E-002
  2.411813096181703E-002
  3.303600106907534E-002
  3.110888400842593E-002
  2.193233770465564E-002
  3.733230125024878E-002
  2.818696807355936E-002
  3.875529907159980E-002
  2.976922684128869E-002
  4.010519849938798E-002
  3.302578621135877E-002
  4.255788205540734E-002
  2.179062915347374E-002
  3.315806541728217E-002
  3.204789436996980E-002
  3.934680254825762E-002
  3.795313341276429E-002
  3.365028030043515E-002
  3.495390759724903E-002
  5.143281110890519E-002
  3.688899051318439E-002
  3.224648319223133E-002
  2.939015536202738E-002
  3.139530434756432E-002
  3.381790375538241E-002
  2.842832660593064E-002
  3.513967821317732E-002
  3.212388798565935E-002
