 excitation energies, transition moments and TDA amplitudes
 state    eV      nm       fL        Rv(corr)
    1    2.364   524.4     0.0985    -1.7770     0.85( 140-> 142)  0.35( 141-> 144)  0.25( 141-> 143)
    2    2.391   518.5     0.6791    -5.9549     0.87( 141-> 142) -0.36( 140-> 144) -0.24( 140-> 143)
    3    3.269   379.2     0.0266     9.2068     0.89( 139-> 142) -0.22( 141-> 143) -0.17( 140-> 143)
    4    3.600   344.4     0.1356   -26.3432    -0.67( 141-> 145)  0.52( 141-> 143) -0.38( 141-> 146)
    5    3.749   330.7     0.1085    10.0625     0.69( 141-> 143)  0.43( 141-> 146)  0.36( 141-> 145)
    6    3.765   329.3     0.0425     4.8594    -0.51( 141-> 144) -0.50( 138-> 142)  0.39( 140-> 143)
    7    3.897   318.2     0.0402    25.5889     0.62( 140-> 143) -0.39( 136-> 142) -0.25( 137-> 142)
    8    3.990   310.7     0.1550     7.2397     0.51( 137-> 142)  0.46( 141-> 144)  0.39( 134-> 142)
    9    3.995   310.3     0.1674   -53.1792     0.69( 140-> 145) -0.45( 140-> 144)  0.43( 140-> 146)
