           6           1  0.333330673240033     
           7           2   1.35442357560489     
           7           6   1.24928385928583     
           8           7  0.956857617556835     
           9           8  0.953352173834306     
          10           3   1.39021322463117     
          10           6   1.29832592807597     
          10           9  0.927915654859813     
          11           9  0.957501998927176     
          12           8  0.931828935495767     
          13          12  0.976341759012680     
          14          13  0.934692358447485     
          15          14   1.84030001108041     
          16          14   1.06182314489895     
          17           1  0.571752057548310     
          18           3   1.29055627182667     
          18          17   1.17272901346624     
          19          18   1.10862364930568     
          20          19   1.51279817387354     
          21           4   1.34963424013045     
          21          17   1.14358862968195     
          21          20   1.07489396105197     
          22          19  0.975211365510771     
          23          20  0.982088147466034     
          24          23   1.83091746898190     
          25          23  0.976194083604401     
          26           1  0.393904980296053     
          27           4   1.35076079587362     
          27          26   1.31596583951010     
          28          27  0.914312871314545     
          29          28  0.957790473627089     
          30           5   1.53847636031478     
          30          26   1.18171235204044     
          30          29  0.917914441646310     
          31          28  0.978629480466177     
          32          29  0.954455822657735     
          33          32  0.998476442458836     
          34           1  0.515782484586787     
          35           5   1.20108837166198     
          35          34   1.13989798887487     
          36          35   1.23894479843528     
          37          36   1.33695526320938     
          38           2   1.25360638354367     
          38          34   1.19603930777275     
          38          37   1.14479193947032     
          39          36   1.01181974355162     
          40          37   1.13403871413641     
          41          40   1.76246147282663     
          42           2  0.948042844050267     
          42          40  0.829266847664473     
          43          42  0.943994109780512     
          44          43   1.82803441530581     
          45          43   1.05329150297094     
          46          45  0.970786622879365     
          47          16  0.938573087507827     
          48          47  0.995691354043097     
          49          48   1.90995158159841     
          50          49  0.948926128588632     
          51          49  0.991863933657671     
          52          51  0.956393050747561     
          53          52  0.974367897834829     
          54          53  0.964792753480266     
          55          54  0.997237943295735     
          56          54  0.961450750395364     
          57          56  0.977388831143824     
          58          57  0.966016205641780     
          59          58  0.983603737994567     
          60          59  0.986114138139636     
          61          59  0.946636058026255     
          62          61  0.983111594674229     
          63          62  0.983861136879433     
          64          63  0.960880707558276     
          65          64  0.985451892267932     
          66          64  0.990050508628043     
          67           3  0.935581857496277     
          68           4  0.930695790452324     
          69           5  0.930920952044898     
          70           8  0.934326250169401     
          71           9  0.945602210616025     
          72          11  0.976342444193154     
          73          11  0.977185567973309     
          74          11  0.982644073440459     
          75          12  0.964914166398479     
          76          12  0.962498087802151     
          77          13  0.945831453032809     
          78          13  0.964456402392095     
          79          22  0.976910249262994     
          80          22  0.969553533295188     
          81          22  0.966832996286334     
          82          25  0.970707224081698     
          83          25  0.957945157383889     
          84          25  0.956165092305079     
          85          28  0.946794473439418     
          86          29  0.939992892642077     
          87          31  0.976556847864707     
          88          31  0.976093750730509     
          89          31  0.977353324922599     
          90          32  0.969033616771183     
          91          32  0.964779942584909     
          92          33  0.980791616741399     
          93          33  0.972851742727616     
          94          33  0.985531302920481     
          95          39  0.962530203249260     
          96          39  0.975645338000506     
          97          39  0.957776043479727     
          98          42  0.930733295298824     
          99          46  0.985193816841809     
         100          46  0.988021051951466     
         101          46  0.981055132791719     
         102          47  0.956481245895255     
         103          47  0.966714970005729     
         104          48  0.928425564672572     
         105          50  0.979335920936897     
         106          50  0.977115898391860     
         107          50  0.976933300939210     
         108          51  0.958442441333144     
         109          51  0.956380915727636     
         110          52  0.971473435277361     
         111          52  0.966693324294118     
         112          53  0.966288643883600     
         113          53  0.967651673639117     
         114          54  0.953145874496135     
         115          55  0.977595350841322     
         116          55  0.973842890133185     
         117          55  0.979587950777957     
         118          56  0.960108732891751     
         119          56  0.965036303155614     
         120          57  0.969608399406840     
         121          57  0.970364670569733     
         122          58  0.958273542537934     
         123          58  0.963291513522756     
         124          59  0.947187571343928     
         125          60  0.981220931738253     
         126          60  0.981538602958284     
         127          60  0.976017068507967     
         128          61  0.966738828280360     
         129          61  0.964089720871083     
         130          62  0.964942007862683     
         131          62  0.970255154510741     
         132          63  0.963018093680796     
         133          63  0.967106423963521     
         134          64  0.958671637516639     
         135          65  0.976239578269869     
         136          65  0.978881805308497     
         137          65  0.978721508556889     
         138          66  0.981359286130836     
         139          66  0.977586191005609     
         140          66  0.980599260267704     
