  0.308815342366448     
  1.887058663330965E-002
 -3.948562168998482E-002
 -2.732009536373869E-002
 -2.128541594023403E-002
 -0.159576385138834     
  2.684996037023879E-002
 -1.814707299060903E-002
 -4.772878439131301E-002
  5.666296708935059E-002
 -8.982906724484252E-002
 -6.181481734759764E-002
 -7.134493018513588E-002
  0.194104038042336     
 -0.245902552957711     
 -0.140540494419916     
 -0.224497944963528     
  2.215203582491343E-002
 -7.971471709891098E-003
 -5.534935148924536E-002
  3.195035988717487E-002
 -7.024457736755352E-002
  0.155342433271397     
 -0.255776979473416     
 -0.100234296054760     
 -0.166024519982954     
  6.950068555890843E-002
 -1.634466424368064E-002
 -4.053604982660808E-002
  3.157544832316583E-002
 -8.541298401581354E-002
 -5.641099991266607E-002
 -9.572207002283051E-002
 -0.213963379414857     
  1.954965709070544E-002
 -2.417482825171469E-002
 -6.004558837858998E-002
  2.963293088182040E-002
 -6.162537288092818E-002
  0.134598602459933     
 -0.235419005551631     
 -2.391298077693094E-002
  0.180418307879326     
 -0.281503387740120     
 -0.138084025951848     
  1.572831776634631E-002
  6.124852683469006E-002
 -7.364492636834186E-002
 -1.632650851132755E-002
 -9.037608815446330E-002
 -7.310575038772438E-002
 -7.254894137917756E-002
 -8.394237759053524E-002
 -2.467587122639792E-002
 -9.522714958284784E-002
 -4.897522814528710E-002
 -4.805635924783314E-002
 -7.384492149046817E-002
 -4.915871472579170E-002
 -0.108855877752941     
 -7.089739233180659E-002
 -7.526166460131201E-002
 -5.495852967142856E-002
 -2.569704050014021E-002
 -0.118308032110279     
 -9.476262443957673E-002
  4.741306463857897E-002
  5.287922592916261E-002
  6.885536538162007E-002
  5.917402333670541E-002
  4.137534162975443E-002
  3.647952815650546E-002
  4.183358508602897E-002
  3.858348558911795E-002
  4.970418133597243E-002
  4.707863032977389E-002
  4.674946767819810E-002
  4.029596598828800E-002
  5.155980516414016E-002
  5.554322528760469E-002
  4.994349759160410E-002
  4.334511641199912E-002
  4.670224758413366E-002
  4.599699074261510E-002
  5.815892983838900E-002
  5.166753613574460E-002
  4.341428197141295E-002
  4.225116765137882E-002
  3.777078777795451E-002
  3.300529559798837E-002
  3.955916886559807E-002
  3.627914328158188E-002
  4.137610040607720E-002
  3.499535811180265E-002
  5.141033392687933E-002
  5.274786361336181E-002
  5.156230043748766E-002
  6.119912723206933E-002
  5.516150834910527E-002
  5.635562720765708E-002
  4.993096953068377E-002
  6.351726034964278E-002
  6.188210008853590E-002
  3.706698823780807E-002
  4.858031671471574E-002
  4.087784665639305E-002
  3.913321571201933E-002
  2.776158360169667E-002
  4.064681282810967E-002
  2.698615082202471E-002
  2.735199288337187E-002
  3.373654034470641E-002
  4.172471839633940E-002
  4.795953764330807E-002
  3.157246821599768E-002
  3.719211508732401E-002
  3.718187630691983E-002
  3.331435821825390E-002
  3.560154740988708E-002
  3.769492200012381E-002
  3.118075871217518E-002
  3.840452967593988E-002
  1.862247411181051E-002
  4.080178435739357E-002
  4.094588968884361E-002
  3.487514882789577E-002
  2.337038274148107E-002
  3.802302303355209E-002
  4.292331736521748E-002
  3.292705257722461E-002
  2.906323087377249E-002
  3.558962272309563E-002
  2.701265920656637E-002
  3.187414868701155E-002
  3.502574301123962E-002
  2.395295829288935E-002
  2.827802299312654E-002
  3.915478907096281E-002
  3.922105679247545E-002
  3.646632156025609E-002
