 excitation energies, transition moments and TDA amplitudes
 state    eV      nm       fL        Rv(corr)
    1    2.299   539.4     0.7193     5.6508     0.83( 144-> 145)  0.33( 143-> 147)  0.30( 143-> 145)
    2    2.343   529.1     0.2853    -6.7709    -0.82( 143-> 145)  0.30( 144-> 145)  0.29( 144-> 147)
    3    3.087   401.6     0.0081     3.2304    -0.81( 142-> 145)  0.51( 141-> 145)  0.12( 144-> 147)
    4    3.428   361.6     0.0706    -2.3746     0.75( 141-> 145)  0.50( 142-> 145)  0.30( 144-> 147)
    5    3.807   325.7     0.0149     6.6379     0.64( 138-> 145) -0.57( 140-> 145)  0.28( 137-> 145)
    6    3.840   322.9     0.0067     2.8639    -0.78( 144-> 146) -0.36( 144-> 147) -0.26( 143-> 146)
    7    3.932   315.3     0.0912    30.3131    -0.60( 143-> 146) -0.34( 144-> 149)  0.33( 144-> 147)
    8    3.985   311.1     0.1598    -7.5052     0.57( 144-> 149) -0.42( 143-> 146) -0.38( 144-> 147)
    9    4.047   306.3     0.0835    -3.0755    -0.41( 136-> 145)  0.41( 135-> 145) -0.40( 143-> 146)
