           6           1  0.335444494161843     
           7           2   1.50857368326611     
           7           6   1.12861201692685     
           8           7  0.935252803506542     
           9           8  0.962530975270951     
          10           3   1.44722630210983     
          10           6   1.36570080599878     
          10           9  0.861513895415561     
          11           9  0.972319418275677     
          12           8  0.943939441353037     
          13          12  0.950240240465257     
          14          13  0.882278282203155     
          15          14   1.83004773288501     
          16          14   1.12165252056926     
          17           1  0.482461862225291     
          18           3   1.21880917051625     
          18          17   1.19591453329136     
          19          18   1.19992776877641     
          20          19   1.39650641469138     
          21           4   1.37031972933398     
          21          17   1.13679344279159     
          21          20   1.10587195512349     
          22          19   1.00167668216576     
          23          20   1.03126875078514     
          24          23   1.81161090308579     
          25          23  0.954664212049292     
          26           1  0.404161992251951     
          27           4   1.28508828979462     
          27          26   1.37129839617677     
          28          27  0.925569440423444     
          29          28  0.959966104140332     
          30           5   1.59159332664556     
          30          26   1.12128743503818     
          30          29  0.905115573494962     
          31          28  0.963974374144774     
          32          29  0.952251039574871     
          33          32  0.998638545536264     
          34           1  0.589050754621767     
          35           5   1.15346250874283     
          35          34   1.14641860793915     
          36          35   1.29624075711872     
          37          36   1.24120816704397     
          38           2   1.15601916006043     
          38          34   1.16399842085642     
          38          37   1.25406813455300     
          39          36  0.984187882799267     
          40          37   1.08045610686049     
          41          40   1.81186434357617     
          42           2  0.928380167759613     
          42          40  0.827307601961891     
          43          42  0.972746652445758     
          44          43   1.74992991577686     
          45          43   1.09486150333008     
          46          45  0.965656859590139     
          47          16  0.925490803819104     
          48          47  0.993149759582895     
          49          48   1.89682199077212     
          50          49  0.984638966117912     
          51          49  0.936430278710812     
          52          51  0.980596263382368     
          53          52  0.985898467234145     
          54          53  0.932280746016702     
          55          54  0.987815696430974     
          56          54  0.970445240177227     
          57          56   1.00976237213348     
          58          57  0.975092866686143     
          59          58  0.968845196701915     
          60          59  0.986815038670487     
          61          59  0.946398811622714     
          62          61  0.982409987228006     
          63          62  0.990207794980423     
          64          63  0.985301502379986     
          65          64  0.976318978581122     
          66          64  0.975412251623031     
          67           3  0.938105470472977     
          68           4  0.935618702598614     
          69           5  0.928906356397692     
          70           8  0.938327592709536     
          71           9  0.952528400228843     
          72          11  0.981840531259753     
          73          11  0.977935894241476     
          74          11  0.980266455859629     
          75          12  0.963684901047712     
          76          12  0.960112890668536     
          77          13  0.960703631180946     
          78          13  0.973863294812421     
          79          22  0.971495502855395     
          80          22  0.962698010192536     
          81          22  0.959743814199171     
          82          25  0.963957574984693     
          83          25  0.959648460363788     
          84          25  0.972705561725921     
          85          28  0.937120713720920     
          86          29  0.940680315948704     
          87          31  0.979471414162773     
          88          31  0.979377018989661     
          89          31  0.976782067222390     
          90          32  0.971512205134824     
          91          32  0.968626891847804     
          92          33  0.986340404241690     
          93          33  0.983191286138421     
          94          33  0.974262860377535     
          95          39  0.976786497756060     
          96          39  0.972218478602308     
          97          39  0.968370176044908     
          98          42  0.924895998612964     
          99          46  0.982792036580162     
         100          46  0.987482319651943     
         101          46  0.983591977814442     
         102          47  0.961381220249775     
         103          47  0.968541914118178     
         104          48  0.942530040676450     
         105          50  0.972581128868422     
         106          50  0.972832130403731     
         107          50  0.969757307118160     
         108          51  0.966547143188090     
         109          51  0.962424913840028     
         110          52  0.969375214925522     
         111          52  0.966713526997846     
         112          53  0.963792123934711     
         113          53  0.966500740112323     
         114          54  0.948794022804494     
         115          55  0.981594271289844     
         116          55  0.982702826325865     
         117          55  0.975498511445982     
         118          56  0.958814505151447     
         119          56  0.961296541448534     
         120          57  0.963311947433575     
         121          57  0.962811792155107     
         122          58  0.962113159782531     
         123          58  0.968213950611919     
         124          59  0.951964928194300     
         125          60  0.975798898188200     
         126          60  0.980766445744053     
         127          60  0.982036397853993     
         128          61  0.964392485910682     
         129          61  0.967094652655118     
         130          62  0.961081406878858     
         131          62  0.965022116175989     
         132          63  0.962564060619631     
         133          63  0.955318006507289     
         134          64  0.956007330171760     
         135          65  0.982403312897842     
         136          65  0.980671339493259     
         137          65  0.980241196449864     
         138          66  0.978592965828700     
         139          66  0.982825561059130     
         140          66  0.983029013409885     
