  0.322547921155166     
 -1.854771506551778E-002
 -3.776756656380886E-002
 -1.102736297800178E-002
 -3.205612879026898E-002
 -0.157276777818233     
  2.860262257219359E-002
 -1.978723698331653E-002
 -1.023339988356931E-002
  2.418936045077125E-002
 -9.289084103910561E-002
 -4.871439467816430E-002
 -6.939677382199694E-002
  0.237070193098750     
 -0.258940914888935     
 -0.143609628443747     
 -0.209187397790487     
  4.321522914642983E-002
 -1.456655427003195E-002
 -4.976409355442524E-002
  2.854318422308966E-002
 -8.096285972589623E-002
  0.125311853464761     
 -0.251241573714011     
 -0.106701777619620     
 -0.172284079771720     
  5.907841135774161E-002
 -8.295190450528622E-003
 -2.441894033244996E-002
  3.506805973456073E-002
 -9.356409717827674E-002
 -6.408009713064367E-002
 -8.628723020196638E-002
 -0.212755125631964     
  2.305266140500262E-002
 -1.507938537422859E-002
 -6.677087074903820E-002
  4.113174264111663E-002
 -6.835660637663921E-002
  0.167584773197621     
 -0.217885672405435     
 -4.595696245155967E-002
  0.220288816689695     
 -0.236501002228698     
 -0.153239762272844     
  5.403324332013959E-004
  5.276109586675481E-002
 -6.919269048006704E-002
 -1.732093179254601E-002
 -9.467087925011342E-002
 -7.978429442819390E-002
 -6.670905711002906E-002
 -5.168896570231052E-002
 -2.777798323444358E-002
 -0.107526430737308     
 -6.789479358962502E-002
 -7.377336245597466E-002
 -7.835087685738173E-002
 -7.556039828893191E-003
 -9.363169168010099E-002
 -6.446413922108629E-002
 -6.894107071102074E-002
 -7.839520893934981E-002
 -1.488468262352693E-002
 -0.115898853993512     
 -0.104217573714570     
  4.725531488792323E-002
  5.617112528162738E-002
  6.089958346450475E-002
  4.799182531803470E-002
  5.054238120106402E-002
  3.383829316748777E-002
  3.671684726794922E-002
  3.602596299319627E-002
  4.053482425707755E-002
  4.340386611462999E-002
  3.325707866848271E-002
  4.536907518015176E-002
  4.259518536463747E-002
  5.090798653636386E-002
  5.360336041010749E-002
  5.482099014147634E-002
  5.540676448898840E-002
  4.572206862382022E-002
  4.959516469937530E-002
  4.535806716497348E-002
  4.155249830148056E-002
  3.296065208449550E-002
  3.250731663693318E-002
  2.633586947985012E-002
  3.549470438029256E-002
  3.476831361979182E-002
  4.193456472208279E-002
  3.334982027017286E-002
  4.209697018760916E-002
  4.918422725997040E-002
  4.764036870610111E-002
  5.682511222787490E-002
  6.036452787810254E-002
  5.078273753258300E-002
  4.267835132933839E-002
  6.108176876366400E-002
  5.824732471505589E-002
  3.146385703613497E-002
  3.796510578294598E-002
  4.569033183795335E-002
  3.537924362102496E-002
  3.621191961297821E-002
  3.480967701295212E-002
  3.109031655306804E-002
  4.269191905916125E-002
  4.014386387640878E-002
  4.299974670796369E-002
  3.640624332882125E-002
  4.343242996274710E-002
  2.401941130563368E-002
  4.185656346874334E-002
  2.908247000299069E-002
  3.030590616500783E-002
  1.747068216786041E-002
  2.765441083064524E-002
  2.061925862560843E-002
  3.548500508437336E-002
  3.881418716329044E-002
  3.202815595630915E-002
  3.257632840730196E-002
  3.576006113020758E-002
  3.811880534590339E-002
  3.003229801407747E-002
  3.614105843569182E-002
  3.327928599433427E-002
  3.817457766157029E-002
  3.175999473730295E-002
  4.091632641310416E-002
  2.884990819272715E-002
  3.001258553593222E-002
  3.202552583831619E-002
  4.521621338659776E-002
  3.934287118275337E-002
  2.619385033261923E-002
