 excitation energies, transition moments and TDA amplitudes
 state    eV      nm       fL        Rv(corr)
    1    2.250   551.0     0.6616     1.8164    -0.85( 141-> 142)  0.42( 140-> 144) -0.18( 140-> 142)
    2    2.383   520.3     0.1446    -1.0701    -0.83( 140-> 142) -0.44( 141-> 144)  0.17( 141-> 142)
    3    3.420   362.6     0.0011   -13.4401    -0.91( 139-> 142)  0.21( 141-> 144) -0.16( 140-> 143)
    4    3.607   343.7     0.0309     4.4531    -0.72( 138-> 142)  0.42( 141-> 144) -0.30( 141-> 145)
    5    3.728   332.5     0.0397    -8.4502     0.53( 141-> 143)  0.50( 141-> 145) -0.36( 141-> 144)
    6    3.835   323.3     0.0446     9.6993     0.72( 141-> 143) -0.51( 141-> 145)  0.28( 138-> 142)
    7    3.971   312.2     0.0785   -19.5740    -0.46( 141-> 145)  0.43( 140-> 143)  0.35( 140-> 146)
    8    4.011   309.1     0.3198    29.3619    -0.41( 140-> 144) -0.38( 134-> 142)  0.36( 140-> 145)
    9    4.086   303.4     0.2577    -6.3554    -0.49( 140-> 145) -0.33( 134-> 142)  0.32( 140-> 144)
