           6           1  0.387023814994673     
           7           2   1.39968705688999     
           7           6   1.26087746742591     
           8           7  0.910982286888464     
           9           8  0.964863820429368     
          10           3   1.39476794860426     
          10           6   1.24174874630335     
          10           9  0.908731058609723     
          11           9  0.973673101581405     
          12           8  0.939224991581126     
          13          12  0.976589485091370     
          14          13  0.913168717905652     
          15          14   1.84205715405763     
          16          14   1.10018097387000     
          17           1  0.512038112388698     
          18           3   1.29561660678337     
          18          17   1.17996578781946     
          19          18   1.16676000116440     
          20          19   1.43559590885372     
          21           4   1.30887306269443     
          21          17   1.15919085940743     
          21          20   1.09033617820896     
          22          19  0.986894991359036     
          23          20   1.03391926084424     
          24          23   1.82982845440785     
          25          23  0.916367110174135     
          26           1  0.420060333543402     
          27           4   1.43603010167361     
          27          26   1.24970663292820     
          28          27  0.928834528837483     
          29          28  0.985080672392651     
          30           5   1.46478788497003     
          30          26   1.20398775966024     
          30          29  0.925121488591964     
          31          28  0.946061501661673     
          32          29  0.935485491590730     
          33          32   1.00895688912762     
          34           1  0.473520469812801     
          35           5   1.25263009432137     
          35          34   1.17813157806373     
          36          35   1.14331069765839     
          37          36   1.43296845360605     
          38           2   1.18629351131243     
          38          34   1.25661334349703     
          38          37   1.14900858807064     
          39          36  0.993655738141573     
          40          37   1.02171883837363     
          41          40   1.85240127281631     
          42           2  0.938045880939235     
          42          40  0.868665816639046     
          43          42  0.915291507059322     
          44          43   1.85211004817083     
          45          43   1.04296466286740     
          46          45  0.971909118576370     
          47          16  0.958334047801451     
          48          47  0.975531429666615     
          49          48   1.88714864051476     
          50          49  0.976149760140962     
          51          49  0.982679145836687     
          52          51  0.941329731077822     
          53          52  0.980705532112878     
          54          53  0.980109731799465     
          55          54  0.976009881426108     
          56          54  0.961418598386102     
          57          56  0.989578474695233     
          58          57  0.978861146130879     
          59          58  0.965372022178986     
          60          59  0.999609405870058     
          61          59  0.971922807885377     
          62          61  0.978709242678236     
          63          62  0.984231233322099     
          64          63  0.966823762232213     
          65          64  0.989668464400630     
          66          64  0.984104842864697     
          67           3  0.937011238533652     
          68           4  0.926721119132647     
          69           5  0.935346155657012     
          70           8  0.941963564798342     
          71           9  0.944163090874630     
          72          11  0.976771642032959     
          73          11  0.979550418609774     
          74          11  0.974917779984239     
          75          12  0.969680910450862     
          76          12  0.964983467354664     
          77          13  0.963918313339288     
          78          13  0.961692171062037     
          79          22  0.973400587765080     
          80          22  0.962902280633849     
          81          22  0.968071368407778     
          82          25  0.971508092967849     
          83          25  0.972375415857113     
          84          25  0.961105721933703     
          85          28  0.941172048881133     
          86          29  0.938140790137831     
          87          31  0.978909393514762     
          88          31  0.982679263468353     
          89          31  0.980872590712646     
          90          32  0.968738950891718     
          91          32  0.964533413139014     
          92          33  0.986182872680708     
          93          33  0.978028179037416     
          94          33  0.978964006415885     
          95          39  0.978176937956596     
          96          39  0.970648132917331     
          97          39  0.964541412435911     
          98          42  0.924531602215004     
          99          46  0.976178580316553     
         100          46  0.984579731722145     
         101          46  0.988234066355607     
         102          47  0.958134981767029     
         103          47  0.961734154557936     
         104          48  0.942028684061564     
         105          50  0.976622154936515     
         106          50  0.971235047718289     
         107          50  0.975245072045316     
         108          51  0.957232034897933     
         109          51  0.965596444191596     
         110          52  0.972539330762313     
         111          52  0.964709123472537     
         112          53  0.956906448834033     
         113          53  0.959109394490921     
         114          54  0.952045811039015     
         115          55  0.980854508886569     
         116          55  0.982804206893620     
         117          55  0.977055719338538     
         118          56  0.965157881458878     
         119          56  0.966746115619157     
         120          57  0.972652764599753     
         121          57  0.965578772713624     
         122          58  0.966880337427847     
         123          58  0.961444093362669     
         124          59  0.943027907565621     
         125          60  0.973956828236996     
         126          60  0.977625013696477     
         127          60  0.970471724801460     
         128          61  0.958944248389990     
         129          61  0.964285801788719     
         130          62  0.967989788954513     
         131          62  0.959668778181920     
         132          63  0.956894687058801     
         133          63  0.962117677941730     
         134          64  0.954711749055310     
         135          65  0.978062331921583     
         136          65  0.975557994079236     
         137          65  0.972340788812131     
         138          66  0.973783508749425     
         139          66  0.979313504453438     
         140          66  0.978954267472882     
