  0.296670111970610     
  2.803443995596400E-003
 -2.988180726933010E-002
 -2.064882477178021E-002
 -3.656931136315578E-002
 -0.151268426669824     
  9.068146734734661E-003
 -3.205508507772237E-003
 -1.907621687913874E-002
  4.772272997632632E-002
 -0.102125884469634     
 -3.968190185711507E-002
 -7.671141734428488E-002
  0.238562119271565     
 -0.246264966729614     
 -0.167855803283225     
 -0.217583523320378     
  5.249701226213510E-002
 -2.017125507812256E-002
 -5.455569634824364E-002
  4.922466685481819E-002
 -8.263859468431978E-002
  0.124294107537952     
 -0.246264918376006     
 -8.363551004276282E-002
 -0.174460478568987     
  5.143356531053112E-002
 -2.070599599105716E-002
 -1.089057474836697E-002
  1.639288756990709E-002
 -8.974061251512477E-002
 -4.742992993242012E-002
 -9.482793426129810E-002
 -0.203663130246796     
  2.343016327634562E-003
 -2.150642109149015E-002
 -4.799747720698111E-002
  2.043835491029133E-002
 -4.906534754597836E-002
  0.142204636257454     
 -0.216257513592981     
 -3.928709399682795E-002
  0.221007423431439     
 -0.238922527636531     
 -0.158838339866114     
  4.075169698944503E-003
  3.863350550821210E-002
 -9.175141224330918E-002
 -4.961600970922841E-002
 -9.019187259232542E-002
 -6.159079331424788E-002
 -6.456348846531412E-002
 -6.038138730431797E-002
 -3.071720545590928E-002
 -0.100410825488725     
 -6.265237082611996E-002
 -4.456330155672461E-002
 -6.435004201829120E-002
 -4.314035846103703E-002
 -0.110175399911445     
 -6.526750373644141E-002
 -5.853001807408909E-002
 -7.739541926159266E-002
 -3.335117048002978E-002
 -0.111742834789987     
 -0.101670754204801     
  5.014453918417006E-002
  5.667637454392527E-002
  4.854860352409696E-002
  5.236693137036097E-002
  5.531710408301571E-002
  3.263515455750277E-002
  3.467577297640601E-002
  3.507814075442772E-002
  4.068245916993829E-002
  4.425636491301410E-002
  4.690712133857244E-002
  3.144230417979621E-002
  4.651833797915661E-002
  4.563374705179069E-002
  4.694590493435724E-002
  4.722776919023985E-002
  5.225521575159531E-002
  4.838207736689903E-002
  5.106082149479407E-002
  5.647280256560194E-002
  3.840519582164537E-002
  3.488499681921975E-002
  4.630388855120982E-002
  4.358347855941713E-002
  3.602608040562638E-002
  2.840137327088010E-002
  2.915262567761778E-002
  4.090981499402269E-002
  5.128236361972327E-002
  5.339636029969597E-002
  5.588645293230654E-002
  6.033370940763771E-002
  4.900844619740785E-002
  4.428770594731601E-002
  5.576195573547482E-002
  5.273973314076175E-002
  7.276576378252209E-002
  3.617144629501301E-002
  4.045914105546367E-002
  5.122544925426387E-002
  4.617303168246722E-002
  4.180736168344645E-002
  3.731773740004707E-002
  2.564566248221323E-002
  4.353192715059495E-002
  3.339691613412010E-002
  3.376342830573387E-002
  2.827785854899956E-002
  4.250810253846782E-002
  2.728356449829161E-002
  3.150405194534589E-002
  4.057360549198041E-002
  2.754719259188998E-002
  4.150119043493350E-002
  3.730354106790668E-002
  3.042980374060178E-002
  3.913479885814697E-002
  2.254076603154576E-002
  3.637627976010371E-002
  3.095155492832113E-002
  3.767424645489936E-002
  3.993851975190099E-002
  2.752635220941546E-002
  3.386296590480320E-002
  3.759228631264422E-002
  3.274773029692979E-002
  3.501596355156122E-002
  2.463673901412178E-002
  3.655902034265013E-002
  1.897260059564376E-002
  4.005552622134712E-002
  2.797099772840683E-002
  4.154808395570397E-002
  4.054127815934749E-002
