 excitation energies, transition moments and TDA amplitudes
 state    eV      nm       fL        Rv(corr)
    1    2.204   562.6     0.8099    -1.4699    -0.88( 142-> 143)  0.39( 141-> 145) -0.11( 136-> 144)
    2    2.362   525.0     0.1103    -1.4199     0.85( 141-> 143)  0.42( 142-> 145) -0.14( 138-> 143)
    3    3.253   381.1     0.0020     1.5166     0.96( 139-> 143) -0.12( 141-> 144)  0.11( 137-> 144)
    4    3.573   347.0     0.0075    16.4702    -0.71( 142-> 144)  0.39( 137-> 143)  0.33( 138-> 143)
    5    3.625   342.1     0.0288     2.3989    -0.58( 142-> 144) -0.47( 138-> 143) -0.47( 142-> 145)
    6    3.861   321.1     0.1127     0.2469     0.51( 141-> 144) -0.49( 137-> 143)  0.41( 142-> 146)
    7    3.932   315.3     0.2361    24.0461     0.52( 138-> 143) -0.46( 142-> 145)  0.40( 141-> 144)
    8    4.001   309.9     0.2503     0.8361    -0.51( 141-> 144)  0.47( 142-> 146)  0.36( 138-> 143)
    9    4.021   308.3     0.4041    15.9644     0.45( 142-> 146)  0.44( 137-> 143)  0.34( 142-> 147)
