           6           1  0.325247254613629     
           7           2   1.37206228642928     
           7           6   1.22447956719968     
           8           7  0.945865515287587     
           9           8  0.948321291491683     
          10           3   1.36178689843334     
          10           6   1.31558541617322     
          10           9  0.948749199478801     
          11           9  0.951864999236851     
          12           8  0.953406170799941     
          13          12  0.974248054161827     
          14          13  0.907015034844188     
          15          14   1.88698595028296     
          16          14   1.05230035936915     
          17           1  0.481473103319244     
          18           3   1.30643498133680     
          18          17   1.15609972136967     
          19          18   1.18848318603013     
          20          19   1.38807300236118     
          21           4   1.23970609066884     
          21          17   1.20503867348366     
          21          20   1.14974774212789     
          22          19  0.993426513271084     
          23          20   1.00039925001629     
          24          23   1.82287847384376     
          25          23  0.960520351620314     
          26           1  0.494757092545005     
          27           4   1.45286573280903     
          27          26   1.20255328295443     
          28          27  0.962354524214507     
          29          28  0.945519816442849     
          30           5   1.50567608468085     
          30          26   1.14754129028128     
          30          29  0.930292320046631     
          31          28  0.961237144605336     
          32          29  0.959999808756252     
          33          32   1.00135616412965     
          34           1  0.542366335385060     
          35           5   1.24411007033231     
          35          34   1.14957978100228     
          36          35   1.15880077336964     
          37          36   1.39158215880929     
          38           2   1.24019516874344     
          38          34   1.19450123303247     
          38          37   1.14559971953285     
          39          36  0.992984557119420     
          40          37   1.06334462038767     
          41          40   1.83122788445472     
          42           2  0.959200170093001     
          42          40  0.848988728497793     
          43          42  0.892563964857433     
          44          43   1.86378462421028     
          45          43   1.05686947023508     
          46          45  0.975379261717722     
          47          16  0.956247176806577     
          48          47  0.992499984798293     
          49          48   1.86937611254869     
          50          49  0.990540140965538     
          51          49  0.972117133555996     
          52          51  0.974605487433018     
          53          52  0.987077068170788     
          54          53  0.974305322212124     
          55          54  0.977814952488554     
          56          54  0.968666647931017     
          57          56  0.986383736272724     
          58          57  0.979606868796042     
          59          58  0.972540301811313     
          60          59  0.958689343995146     
          61          59  0.972694836028917     
          62          61  0.969066840018703     
          63          62  0.992051799046899     
          64          63  0.954735588495024     
          65          64  0.983898483044379     
          66          64  0.997942241621780     
          67           3  0.938150980281444     
          68           4  0.932802731173237     
          69           5  0.929314631953325     
          70           8  0.937129137050067     
          71           9  0.942079435186847     
          72          11  0.977397794370890     
          73          11  0.977621906707105     
          74          11  0.981652116685298     
          75          12  0.961447575363496     
          76          12  0.955729502902389     
          77          13  0.958045464221056     
          78          13  0.961458668770827     
          79          22  0.966384346368857     
          80          22  0.974604535222215     
          81          22  0.964986189377742     
          82          25  0.964309271353639     
          83          25  0.970882676192607     
          84          25  0.960679978564938     
          85          28  0.935117226759751     
          86          29  0.934714013488467     
          87          31  0.977193527921891     
          88          31  0.978651082866896     
          89          31  0.981310176867812     
          90          32  0.958552227363742     
          91          32  0.967235713281344     
          92          33  0.981834609202869     
          93          33  0.983422466204193     
          94          33  0.980272740451345     
          95          39  0.964945826661474     
          96          39  0.970995837451212     
          97          39  0.974225237782496     
          98          42  0.928323559798957     
          99          46  0.984586651939082     
         100          46  0.989832908986872     
         101          46  0.977968753715782     
         102          47  0.961213145515933     
         103          47  0.951477942883320     
         104          48  0.945021839848586     
         105          50  0.966530996201026     
         106          50  0.969910890938150     
         107          50  0.975506879059882     
         108          51  0.952909095210754     
         109          51  0.963735155672803     
         110          52  0.968423084821701     
         111          52  0.955758201094144     
         112          53  0.961117870683057     
         113          53  0.958673376238706     
         114          54  0.957256698321783     
         115          55  0.977925207287353     
         116          55  0.984486510018017     
         117          55  0.982919608516627     
         118          56  0.963174623758177     
         119          56  0.965696447471540     
         120          57  0.962210623663658     
         121          57  0.971412169283019     
         122          58  0.963849939693681     
         123          58  0.955877739578173     
         124          59  0.958791910158140     
         125          60  0.980397021452535     
         126          60  0.981771070254367     
         127          60  0.984368469685241     
         128          61  0.962626118048370     
         129          61  0.965196045880366     
         130          62  0.968246537017323     
         131          62  0.970892313354757     
         132          63  0.965547713065168     
         133          63  0.961834221451816     
         134          64  0.960418858974593     
         135          65  0.975326082139555     
         136          65  0.981679682573081     
         137          65  0.978121300141282     
         138          66  0.975105101216772     
         139          66  0.971727242937021     
         140          66  0.978551513260174     
