 excitation energies, transition moments and TDA amplitudes
 state    eV      nm       fL        Rv(corr)
    1    2.176   569.8     0.3199     6.0730    -0.68( 142-> 144) -0.56( 143-> 144)  0.21( 140-> 144)
    2    2.293   540.7     0.6390     6.1000    -0.68( 143-> 144)  0.55( 142-> 144) -0.29( 142-> 146)
    3    3.029   409.3     0.0230    -8.6223     0.93( 141-> 144)  0.21( 143-> 146) -0.13( 142-> 144)
    4    3.240   382.6     0.0091     7.4637    -0.76( 143-> 147)  0.57( 143-> 146) -0.16( 141-> 144)
    5    3.406   364.1     0.0167   -16.9886     0.80( 142-> 147) -0.55( 142-> 146) -0.14( 143-> 147)
    6    3.509   353.4     0.0279     3.5979    -0.83( 140-> 144)  0.29( 143-> 147)  0.27( 134-> 144)
    7    3.776   328.3     0.0113     6.4599    -0.54( 139-> 144) -0.50( 134-> 144) -0.49( 135-> 144)
    8    3.946   314.2     0.0637    -4.8756    -0.77( 143-> 145) -0.33( 142-> 145)  0.30( 137-> 144)
    9    4.032   307.5     0.0556   -15.3552    -0.48( 137-> 144) -0.43( 143-> 145)  0.43( 139-> 144)
