           6           1  0.385104837478020     
           7           2   1.46982859651855     
           7           6   1.21043898975910     
           8           7  0.921644610715715     
           9           8  0.949113067780835     
          10           3   1.48736004638919     
          10           6   1.21966246364525     
          10           9  0.918314606414457     
          11           9  0.980018126647970     
          12           8  0.961051014015112     
          13          12  0.971140346854326     
          14          13  0.947495951656277     
          15          14   1.79951847861455     
          16          14   1.09863227744021     
          17           1  0.524227378710531     
          18           3   1.24131404740039     
          18          17   1.14524194302155     
          19          18   1.23107380949800     
          20          19   1.34837733983637     
          21           4   1.23458994370404     
          21          17   1.21619342188013     
          21          20   1.14479252628637     
          22          19  0.951324402604022     
          23          20   1.03921523994136     
          24          23   1.82391747094197     
          25          23  0.939371377173764     
          26           1  0.394804166888170     
          27           4   1.42845383309816     
          27          26   1.23968215039881     
          28          27  0.932005340935662     
          29          28  0.971188371952092     
          30           5   1.44583215391771     
          30          26   1.22953555848358     
          30          29  0.945478064302338     
          31          28  0.952460127757603     
          32          29  0.926163524710125     
          33          32   1.00651762391115     
          34           1  0.482300004390936     
          35           5   1.26854255177372     
          35          34   1.17975806898994     
          36          35   1.17971679907286     
          37          36   1.39347430436263     
          38           2   1.20007988329728     
          38          34   1.19234702541640     
          38          37   1.18557695587231     
          39          36  0.986531707263384     
          40          37   1.02322496133692     
          41          40   1.86439562439361     
          42           2  0.898223670499102     
          42          40  0.860529931808129     
          43          42  0.935715533930768     
          44          43   1.83390751090971     
          45          43   1.05954698315412     
          46          45  0.965919720909018     
          47          16  0.956490059737135     
          48          47  0.974817652129203     
          49          48   1.91271683327370     
          50          49  0.976980955381172     
          51          49  0.957799196748378     
          52          51  0.973509058232314     
          53          52  0.988255084760615     
          54          53  0.970344091765903     
          55          54  0.976733094439605     
          56          54  0.961397011381621     
          57          56  0.984559797766322     
          58          57  0.961552437373831     
          59          58  0.986180851807706     
          60          59  0.975183222467990     
          61          59  0.959842627922070     
          62          61  0.998162988488278     
          63          62  0.960811232873498     
          64          63  0.974707955914197     
          65          64  0.982091776846057     
          66          64  0.980917161372830     
          67           3  0.929281478488863     
          68           4  0.934979952632103     
          69           5  0.934382807164135     
          70           8  0.932319586801751     
          71           9  0.943171758856808     
          72          11  0.976572557464851     
          73          11  0.974255569278507     
          74          11  0.980940031062003     
          75          12  0.958183081240225     
          76          12  0.961881676192623     
          77          13  0.943439909221920     
          78          13  0.959397213407608     
          79          22  0.977208835636785     
          80          22  0.980379376818380     
          81          22  0.970682286701515     
          82          25  0.963249984794861     
          83          25  0.965493966559526     
          84          25  0.974695606121015     
          85          28  0.942561288944279     
          86          29  0.936379334074458     
          87          31  0.984239204881283     
          88          31  0.977318726134762     
          89          31  0.981926725944924     
          90          32  0.966880877779056     
          91          32  0.970308353689648     
          92          33  0.978235321915300     
          93          33  0.975201823122581     
          94          33  0.973296757839950     
          95          39  0.969561734867295     
          96          39  0.969683342927420     
          97          39  0.978536344822018     
          98          42  0.932835673984856     
          99          46  0.991882336757033     
         100          46  0.987439437052584     
         101          46  0.978283381917817     
         102          47  0.963119846114679     
         103          47  0.960568097777992     
         104          48  0.941081364973887     
         105          50  0.975475044743367     
         106          50  0.977247176912343     
         107          50  0.969386332051935     
         108          51  0.964498763790729     
         109          51  0.955182466267386     
         110          52  0.966190589686068     
         111          52  0.972666832735424     
         112          53  0.966057377324284     
         113          53  0.957598058664005     
         114          54  0.952485984457365     
         115          55  0.976717526424057     
         116          55  0.977386761617476     
         117          55  0.982450845096045     
         118          56  0.958540062717296     
         119          56  0.966068099671982     
         120          57  0.971648248567646     
         121          57  0.965502443394464     
         122          58  0.961932062600430     
         123          58  0.967153053812960     
         124          59  0.952707572546873     
         125          60  0.973835516594702     
         126          60  0.978165323104634     
         127          60  0.980675122676710     
         128          61  0.962177743808082     
         129          61  0.955217658195729     
         130          62  0.966117127366174     
         131          62  0.968872989256321     
         132          63  0.964771794001827     
         133          63  0.968365067211377     
         134          64  0.963779242292800     
         135          65  0.980441957017766     
         136          65  0.980117200903616     
         137          65  0.983276326820442     
         138          66  0.982937058578690     
         139          66  0.976801337946795     
         140          66  0.983514429640494     
