  0.312357788059481     
  3.080474508554154E-002
 -3.900880787569516E-002
 -4.644676693989247E-002
 -8.807540649407031E-003
 -0.144105339791044     
  3.318620822648555E-002
 -6.002881539579619E-003
 -1.203460509340548E-002
  1.043950438684371E-002
 -8.830158000557375E-002
 -4.272209809758909E-002
 -7.645894416335253E-002
  0.196427286697866     
 -0.273668717448717     
 -0.142664866635651     
 -0.232123473640677     
  2.139583418696445E-002
 -7.179711756172225E-002
 -8.631866113138020E-002
  5.379783858474907E-002
 -6.547969470671511E-002
  0.135265798310522     
 -0.240482186950705     
 -9.516352683870455E-002
 -0.155176219039662     
  4.259879532665689E-002
 -1.299379656426325E-002
 -1.613713142585471E-002
  5.417250792952277E-002
 -8.203777898877629E-002
 -4.777483395891657E-002
 -0.106131244476551     
 -0.246419831162608     
  2.918389105807817E-002
  2.843679713017222E-002
 -4.325184164895735E-002
  4.732513353427015E-002
 -6.412315431587512E-002
  0.109625311873015     
 -0.254777582816984     
 -5.413814332977385E-002
  0.241053185389506     
 -0.267374090269039     
 -0.141286705852968     
  1.699815869406107E-002
  5.764913301226127E-002
 -7.636919649597651E-002
 -3.085888428466355E-002
 -8.105391035122533E-002
 -6.888456432432122E-002
 -4.665599897339057E-002
 -7.471849007148901E-002
 -4.657562933590853E-002
 -0.102623399234471     
 -7.312088109159287E-002
 -5.680522299936452E-002
 -8.155149219561952E-002
 -3.803488485297901E-002
 -9.321498314145238E-002
 -6.621707936159282E-002
 -6.336343870699590E-002
 -8.596923180716143E-002
 -1.931898411323907E-002
 -0.102782314193274     
 -0.114758228022061     
  5.866924102159798E-002
  5.603902850451337E-002
  5.144383363878202E-002
  5.626221198626602E-002
  4.814954381514669E-002
  3.837743249537828E-002
  4.712076935048337E-002
  3.401993038964946E-002
  3.630118200800792E-002
  5.381520109747662E-002
  3.032701119995063E-002
  4.730475068465001E-002
  5.444072892870488E-002
  4.289229052227739E-002
  5.406683232708331E-002
  4.657155259674362E-002
  4.221915376316432E-002
  4.770636666829775E-002
  5.857408632469585E-002
  5.067977025303128E-002
  4.513667068861182E-002
  4.250206632853637E-002
  4.056094097352869E-002
  4.618818523356705E-002
  4.157950683316358E-002
  2.990489917153960E-002
  2.398310318396202E-002
  3.727207947174871E-002
  5.378175321854828E-002
  5.124792413313350E-002
  4.932272901543211E-002
  6.088963958136262E-002
  5.313401771861992E-002
  5.115643874840803E-002
  4.970529269730928E-002
  5.989155543340707E-002
  5.615367141982874E-002
  3.487602724010386E-002
  4.078999154981788E-002
  5.009477047572330E-002
  4.620181652840183E-002
  2.966318260214329E-002
  5.623591738379041E-002
  4.034655614282123E-002
  4.094469757514352E-002
  3.215534752834892E-002
  3.126526842806132E-002
  2.847315214125490E-002
  3.604126367109939E-002
  2.857280878494228E-002
  4.254360937347401E-002
  4.054938623063620E-002
  3.330242933403493E-002
  3.237596869896675E-002
  3.949155500489865E-002
  2.019497102797663E-002
  2.641349996933484E-002
  2.306457914196214E-002
  4.127656468414265E-002
  4.412040317122634E-002
  3.723679361028254E-002
  2.761616950649382E-002
  3.799230031211231E-002
  3.055179185320001E-002
  4.024405880691606E-002
  2.856611478395565E-002
  3.401925118642757E-002
  4.089210005556254E-002
  3.715849144469219E-002
  3.442602202758505E-002
  3.150023169569904E-002
  4.130315477886304E-002
  2.910768856033896E-002
  2.836873225381376E-002
