 excitation energies, transition moments and TDA amplitudes
 state    eV      nm       fL        Rv(corr)
    1    2.181   568.6     0.1702    -5.8842    -0.73( 143-> 145)  0.40( 144-> 145) -0.39( 142-> 145)
    2    2.368   523.6     0.7503     5.4964    -0.77( 144-> 145) -0.44( 143-> 145)  0.34( 143-> 147)
    3    2.614   474.2     0.0763   -13.5369     0.88( 142-> 145) -0.24( 143-> 145)  0.23( 144-> 145)
    4    3.301   375.6     0.0278     5.2033    -0.65( 141-> 145) -0.48( 138-> 145) -0.39( 140-> 145)
    5    3.564   347.9     0.0425    -5.2106    -0.63( 141-> 145)  0.49( 138-> 145)  0.43( 140-> 145)
    6    3.741   331.4     0.0273   -26.6538     0.54( 144-> 146)  0.47( 144-> 148)  0.38( 144-> 147)
    7    3.883   319.3     0.2723   -43.1430     0.59( 143-> 146)  0.35( 143-> 147)  0.32( 144-> 147)
    8    3.949   314.0     0.0130     5.6519    -0.53( 136-> 145)  0.46( 135-> 145) -0.34( 137-> 146)
    9    3.970   312.3     0.3199    46.6517    -0.63( 144-> 146)  0.43( 144-> 148) -0.36( 144-> 149)
