           6           1  0.424583752191619     
           7           2   1.45159715025881     
           7           6   1.19580928229160     
           8           7  0.919656298162260     
           9           8  0.940973330897872     
          10           3   1.43270968528471     
          10           6   1.23117698384762     
          10           9  0.929686315724248     
          11           9  0.982773553849818     
          12           8  0.990045580044981     
          13          12  0.944731976930540     
          14          13  0.915368063031179     
          15          14   1.82364960422828     
          16          14   1.09898351647381     
          17           1  0.462418796034081     
          18           3   1.27775502833639     
          18          17   1.15645343079161     
          19          18   1.18035071747483     
          20          19   1.38436716590959     
          21           4   1.23638447555133     
          21          17   1.27917525876815     
          21          20   1.11240989172360     
          22          19   1.01053981212123     
          23          20   1.00605196159359     
          24          23   1.84033725810568     
          25          23  0.939519462783837     
          26           1  0.466211676370980     
          27           4   1.39960830920652     
          27          26   1.22999778081123     
          28          27  0.956375510113129     
          29          28  0.953707537451279     
          30           5   1.46764071051500     
          30          26   1.21005009511242     
          30          29  0.913198642057627     
          31          28  0.958397016306771     
          32          29  0.978517753718565     
          33          32  0.987008079242368     
          34           1  0.448564679027207     
          35           5   1.23562808005271     
          35          34   1.07217522885504     
          36          35   1.32619730680210     
          37          36   1.21945261202073     
          38           2   1.19653578107923     
          38          34   1.24858970097125     
          38          37   1.20644758908071     
          39          36  0.994051045944216     
          40          37   1.11843715624818     
          41          40   1.76469572649327     
          42           2  0.940165027219704     
          42          40  0.849349749642571     
          43          42  0.894937609977922     
          44          43   1.82845453525257     
          45          43   1.10297716677508     
          46          45  0.962412678749510     
          47          16  0.947100187025539     
          48          47   1.01259336681427     
          49          48   1.87120918169114     
          50          49  0.970141103564936     
          51          49  0.987627677781684     
          52          51  0.948608578471106     
          53          52  0.991666052769345     
          54          53  0.965280530633026     
          55          54  0.969931950647230     
          56          54  0.964524248404008     
          57          56  0.991660441487753     
          58          57  0.980312915210258     
          59          58  0.976478933597484     
          60          59  0.981439068074681     
          61          59  0.969801678735431     
          62          61  0.989539031319026     
          63          62  0.968304614877216     
          64          63  0.997420051279072     
          65          64  0.977945261196887     
          66          64  0.965094731222070     
          67           3  0.930859993483518     
          68           4  0.937364972607593     
          69           5  0.934948211861274     
          70           8  0.933719822870804     
          71           9  0.944516132577297     
          72          11  0.976197625399357     
          73          11  0.969697963686397     
          74          11  0.974885745483009     
          75          12  0.964361416750180     
          76          12  0.956429299955079     
          77          13  0.975415589643299     
          78          13  0.965308271390442     
          79          22  0.960867113364353     
          80          22  0.970769649337359     
          81          22  0.962128381254539     
          82          25  0.963195754854339     
          83          25  0.968589508849589     
          84          25  0.974946871324422     
          85          28  0.930156781878356     
          86          29  0.935077950784422     
          87          31  0.979386553778936     
          88          31  0.980047307602327     
          89          31  0.981869915149977     
          90          32  0.963366001980220     
          91          32  0.963794948575049     
          92          33  0.985783799590693     
          93          33  0.983528548135380     
          94          33  0.984637504556301     
          95          39  0.973211845827911     
          96          39  0.971582192094879     
          97          39  0.963394876587264     
          98          42  0.929705523930258     
          99          46  0.980092715134438     
         100          46  0.985652960915938     
         101          46  0.989498942186099     
         102          47  0.951118309602811     
         103          47  0.956854772600668     
         104          48  0.939094613712983     
         105          50  0.972617504654456     
         106          50  0.976278711013938     
         107          50  0.977115083699388     
         108          51  0.961001502724183     
         109          51  0.952847187791581     
         110          52  0.961396230911692     
         111          52  0.962139767462277     
         112          53  0.959043312012923     
         113          53  0.958819029725940     
         114          54  0.958431924377752     
         115          55  0.982622648085800     
         116          55  0.981823567308177     
         117          55  0.976029139430034     
         118          56  0.956890205365766     
         119          56  0.959664515862122     
         120          57  0.962193477256420     
         121          57  0.962000281094412     
         122          58  0.965892325838739     
         123          58  0.961719939725330     
         124          59  0.955478347220233     
         125          60  0.981526786097521     
         126          60  0.978083697249474     
         127          60  0.983059307777610     
         128          61  0.960834089247973     
         129          61  0.957032978971280     
         130          62  0.966027790627171     
         131          62  0.966113039919056     
         132          63  0.957967276046945     
         133          63  0.956029202756761     
         134          64  0.955731824837925     
         135          65  0.981549182459832     
         136          65  0.978430503257569     
         137          65  0.979405857328538     
         138          66  0.977255006481474     
         139          66  0.982321228169171     
         140          66  0.979836590147259     
