  0.315026054826743     
 -3.202939715334807E-003
 -5.415988714399678E-002
 -6.160472534217476E-003
 -2.820281523208479E-002
 -0.185830116840481     
  4.487334644980479E-002
 -3.533850348709322E-002
 -7.699807177290907E-003
  4.332338294351779E-002
 -8.260884558207771E-002
 -5.907450571943063E-002
 -6.811595079311239E-002
  0.208831563161346     
 -0.265213044546091     
 -0.144986397278442     
 -0.218034659347953     
  2.605845833538023E-002
 -3.838031432511357E-002
 -3.948434261663714E-002
  6.005451167010234E-002
 -7.621367647618360E-002
  0.126372292790240     
 -0.281769507610377     
 -0.105813736033817     
 -0.146535198142298     
  4.355011566482858E-002
 -1.495013404290191E-002
 -2.895085944909148E-002
  4.655569543749838E-002
 -8.397217900075127E-002
 -6.135473897223509E-002
 -9.351687355208682E-002
 -0.218233844821002     
  2.015829430255245E-002
 -7.206593228905156E-003
 -5.320190406749337E-002
  1.506422414632569E-002
 -6.357895262686064E-002
  0.151528565995242     
 -0.215874558731902     
 -2.151777875844640E-002
  0.225223936299186     
 -0.267605897784530     
 -0.160298345026082     
  9.670725980647443E-003
  5.315135880248567E-002
 -7.815608184468736E-002
 -6.474832570754430E-003
 -7.983853885688941E-002
 -7.991854026319611E-002
 -5.310823950839083E-002
 -6.601745157209837E-002
 -2.830882456704664E-002
 -0.115430012771147     
 -8.605283770837779E-002
 -5.660712632433551E-002
 -7.334872969861017E-002
 -1.918252000602916E-002
 -0.117906708749738     
 -6.820160155207500E-002
 -7.715373235858269E-002
 -6.778341206524896E-002
 -3.390096136974119E-002
 -0.101061478357318     
 -0.118609722730253     
  6.016127770116841E-002
  6.040165536244313E-002
  5.627098501113537E-002
  4.844786886297947E-002
  5.283944851213107E-002
  3.351027675588014E-002
  4.033149916748513E-002
  4.484411230727836E-002
  2.657948506861441E-002
  4.654190754523602E-002
  4.550863103545633E-002
  3.856323148709495E-002
  4.625450364032746E-002
  4.733091682446611E-002
  5.015417343735629E-002
  5.169491532900738E-002
  5.296444247938570E-002
  3.946144008165076E-002
  5.724215365017060E-002
  4.740121642606487E-002
  4.504755740208177E-002
  4.533059134445838E-002
  3.944680973212400E-002
  4.021125001390935E-002
  2.828617750488072E-002
  3.018583381192497E-002
  3.399535439372459E-002
  3.392534982460949E-002
  4.890941341872235E-002
  5.528887326320198E-002
  4.793852633439710E-002
  6.359577332826483E-002
  4.014170312813259E-002
  6.317370425726854E-002
  5.292010975842520E-002
  4.661831649112635E-002
  6.719725895379713E-002
  2.497432657547172E-002
  4.503937045481643E-002
  5.584777326382462E-002
  4.716681870650929E-002
  3.326373368497226E-002
  3.674781033734886E-002
  3.183931027332110E-002
  3.417386786485532E-002
  4.057096089141743E-002
  3.240321841942895E-002
  4.076716887386023E-002
  3.066835241391974E-002
  2.882403827998825E-002
  3.600106990317564E-002
  3.562677954423266E-002
  2.772022778549355E-002
  4.603488263630151E-002
  3.462287307226486E-002
  3.742900174214736E-002
  4.238877737879077E-002
  4.558299502647645E-002
  4.264960290805742E-002
  2.086737557334606E-002
  2.983355160009049E-002
  3.324634006978322E-002
  3.767495130200149E-002
  4.033829004515055E-002
  2.200132868510596E-002
  3.600365965458541E-002
  4.299711233613379E-002
  4.038483918267377E-002
  4.057459743211023E-002
  3.461631753436545E-002
  3.507268809676389E-002
  4.166349020920346E-002
  3.886969359826498E-002
  2.150226773026087E-002
