 excitation energies, transition moments and TDA amplitudes
 state    eV      nm       fL        Rv(corr)
    1    2.256   549.6     0.8205    -0.7306     0.87( 143-> 144) -0.26( 142-> 146) -0.26( 142-> 145)
    2    2.370   523.2     0.2742     4.6197     0.87( 142-> 144)  0.25( 143-> 146)  0.24( 143-> 145)
    3    3.181   389.8     0.0046     8.2330    -0.93( 141-> 144)  0.17( 140-> 144) -0.14( 135-> 144)
    4    3.521   352.2     0.0025    -0.4514    -0.82( 140-> 144)  0.39( 143-> 145)  0.24( 143-> 146)
    5    3.574   346.9     0.0239     8.7268     0.64( 139-> 144) -0.56( 138-> 144)  0.20( 136-> 144)
    6    3.705   334.6     0.3026    24.3353    -0.61( 143-> 145)  0.37( 142-> 145) -0.35( 140-> 144)
    7    3.815   325.0     0.1852     7.0950     0.61( 143-> 146)  0.51( 142-> 145) -0.38( 143-> 148)
    8    3.916   316.6     0.2976    11.6669     0.53( 142-> 145)  0.46( 143-> 145) -0.43( 143-> 146)
    9    3.973   312.1     0.0187   -10.5506    -0.59( 136-> 144) -0.52( 135-> 144) -0.32( 138-> 145)
