           6           1  0.439095093479507     
           7           2   1.51148483560710     
           7           6   1.18582300562296     
           8           7  0.913925919738190     
           9           8  0.986098394872413     
          10           3   1.49367472188065     
          10           6   1.21939764004350     
          10           9  0.902806542025669     
          11           9  0.972330756162461     
          12           8  0.917494568909457     
          13          12  0.983173642173165     
          14          13  0.901534662411676     
          15          14   1.81456323896553     
          16          14   1.12038473965094     
          17           1  0.520844488219359     
          18           3   1.18440836143594     
          18          17   1.16398752841021     
          19          18   1.24478495144078     
          20          19   1.33058364759992     
          21           4   1.26957034237483     
          21          17   1.22102890414263     
          21          20   1.11030609287893     
          22          19  0.996926648936744     
          23          20   1.12426649148850     
          24          23   1.74296981361761     
          25          23  0.931365685068343     
          26           1  0.402561272518079     
          27           4   1.41251150533825     
          27          26   1.21394915330598     
          28          27  0.955023732735983     
          29          28  0.957115144914796     
          30           5   1.44525296822612     
          30          26   1.25712956338048     
          30          29  0.937171988971831     
          31          28  0.944536773139091     
          32          29  0.945284386538801     
          33          32  0.998691931911281     
          34           1  0.438571598224638     
          35           5   1.23734110771150     
          35          34   1.21777001789893     
          36          35   1.15006587930546     
          37          36   1.39648828649046     
          38           2   1.14402436255253     
          38          34   1.20206943367593     
          38          37   1.20305841862716     
          39          36  0.995926389625376     
          40          37   1.02162173880632     
          41          40   1.86367518800582     
          42           2  0.935829235633201     
          42          40  0.838271560304364     
          43          42  0.958339223035667     
          44          43   1.80474251122655     
          45          43   1.06559387579582     
          46          45  0.969955364887096     
          47          16  0.925682565533331     
          48          47   1.00114055617590     
          49          48   1.88772934264692     
          50          49  0.992889911439137     
          51          49  0.962214557611464     
          52          51  0.947675674382378     
          53          52   1.00481792948725     
          54          53  0.950460608955536     
          55          54  0.979245488063302     
          56          54  0.948941487411641     
          57          56  0.990448659264591     
          58          57  0.964554089026756     
          59          58  0.991147858836945     
          60          59  0.970398421400364     
          61          59  0.962690698998147     
          62          61  0.981069042487671     
          63          62  0.991682710015797     
          64          63  0.963085750640764     
          65          64  0.986390583376695     
          66          64  0.982114317335022     
          67           3  0.934813394006514     
          68           4  0.929609066241403     
          69           5  0.941666853122921     
          70           8  0.938148814340884     
          71           9  0.939502218450127     
          72          11  0.979881666855696     
          73          11  0.976740829556909     
          74          11  0.971150898396026     
          75          12  0.969669754789674     
          76          12  0.959451542230303     
          77          13  0.948230696513979     
          78          13  0.966822319765550     
          79          22  0.962168393061022     
          80          22  0.972708621205411     
          81          22  0.965018332997198     
          82          25  0.964645845918012     
          83          25  0.966507993427183     
          84          25  0.978216874726912     
          85          28  0.936647838098567     
          86          29  0.937584584498078     
          87          31  0.978883648049995     
          88          31  0.981425292597450     
          89          31  0.977250647303058     
          90          32  0.964844149513745     
          91          32  0.968118948640605     
          92          33  0.980005187047599     
          93          33  0.985320659576047     
          94          33  0.984140784334796     
          95          39  0.962450064484482     
          96          39  0.975889989540961     
          97          39  0.969546746155937     
          98          42  0.922936284295636     
          99          46  0.990294542909117     
         100          46  0.975707425685648     
         101          46  0.985309130127776     
         102          47  0.964742146533670     
         103          47  0.957461417823192     
         104          48  0.939982190256776     
         105          50  0.976276885382633     
         106          50  0.967744458339294     
         107          50  0.966564040271638     
         108          51  0.959923132019631     
         109          51  0.959070116424642     
         110          52  0.968429547710180     
         111          52  0.968657839412046     
         112          53  0.959795149067573     
         113          53  0.961301140314990     
         114          54  0.956475709945647     
         115          55  0.977712685212020     
         116          55  0.981381860282788     
         117          55  0.975696934318390     
         118          56  0.961079850175838     
         119          56  0.965917418129626     
         120          57  0.965657396231363     
         121          57  0.971024831521741     
         122          58  0.958118579253670     
         123          58  0.952258080323199     
         124          59  0.947391858373625     
         125          60  0.974917980947855     
         126          60  0.981288142916679     
         127          60  0.980030691906326     
         128          61  0.959048236158258     
         129          61  0.962851587383399     
         130          62  0.957188656327137     
         131          62  0.960625970237937     
         132          63  0.962217311472722     
         133          63  0.958710417721950     
         134          64  0.955057149673167     
         135          65  0.974042638176268     
         136          65  0.979849026323536     
         137          65  0.979975731139674     
         138          66  0.974557474105790     
         139          66  0.979105947891262     
         140          66  0.979116498098695     
