  0.332524596246718     
  6.988241221911995E-003
 -6.042825925137407E-002
 -2.457939006597520E-002
 -3.733228174529124E-002
 -0.176451758570168     
  3.557748087265233E-002
 -2.290909450816336E-002
 -1.460309629642964E-002
  4.246379104297970E-002
 -9.695760445384582E-002
 -3.425410671014628E-002
 -5.220186666528370E-002
  0.218646486024277     
 -0.278742055513169     
 -0.157944573574398     
 -0.201301647434816     
  1.962963670073403E-002
 -3.803048077565485E-002
 -6.230854698891086E-002
  1.287876256122100E-002
 -7.400292308429091E-002
  0.146279900258178     
 -0.245385044430691     
 -8.075067682794046E-002
 -0.166993967771845     
  2.982363392660581E-002
 -2.571641135872671E-002
 -1.073637630735114E-002
  4.681925767505346E-002
 -9.120741612156280E-002
 -5.040030004298224E-002
 -0.104333594878944     
 -0.220939627952561     
  4.337672494850775E-002
 -2.483082488676125E-003
 -7.727386820116600E-002
  5.311153783946265E-002
 -7.115424416257454E-002
  0.151741556339756     
 -0.246486991907223     
 -3.218324852785148E-002
  0.237774026137942     
 -0.231738855552021     
 -0.174170473385446     
 -3.332298737055872E-003
  5.006930981368596E-002
 -7.134726409535563E-002
 -1.125070163201158E-002
 -9.039273075366960E-002
 -4.804084376788520E-002
 -5.756506496355396E-002
 -7.430371755065224E-002
 -3.422448671253875E-002
 -0.110411589874034     
 -8.294841462963198E-002
 -4.990648933282227E-002
 -5.476060487490741E-002
 -3.024834255178011E-002
 -0.104935290798222     
 -6.047074998291979E-002
 -7.828784699582059E-002
 -7.850007577276674E-002
 -3.345819250647253E-003
 -9.211221442660733E-002
 -0.115003012845069     
  5.677274274072219E-002
  6.848834280326532E-002
  5.476779338357540E-002
  4.344671742566086E-002
  4.947931756607837E-002
  2.817621531153913E-002
  3.709252872011570E-002
  3.847743309694862E-002
  4.194995589700112E-002
  5.423215320678199E-002
  5.278499578229712E-002
  3.751360851670771E-002
  5.174638512567542E-002
  5.063903964699079E-002
  4.794795177838473E-002
  5.908465600321411E-002
  4.190947746997409E-002
  5.204294720779246E-002
  4.543468906040393E-002
  5.670050950655303E-002
  3.465429586545432E-002
  4.149615988775335E-002
  3.736264092301411E-002
  4.628418349228891E-002
  4.816056799749069E-002
  4.045332793855727E-002
  3.020847145251437E-002
  2.369586777183930E-002
  5.259599653306968E-002
  5.228418008427893E-002
  3.936379820233415E-002
  6.095342523698188E-002
  6.066649717217343E-002
  4.608950933403921E-002
  5.763862600471192E-002
  4.459169219063996E-002
  4.817577459151290E-002
  3.767357328701326E-002
  4.371030439591062E-002
  4.450092973228759E-002
  3.664969600255630E-002
  3.791332124520685E-002
  4.081747071921626E-002
  2.867086240434880E-002
  3.467472297878393E-002
  3.532130193879279E-002
  3.567906946255506E-002
  3.526022132974982E-002
  3.252221305461211E-002
  3.455560445917261E-002
  2.657134785941206E-002
  2.848364737530051E-002
  2.619706218906614E-002
  2.910457806738176E-002
  3.419517513415460E-002
  3.076073908075827E-002
  3.323706692326578E-002
  2.985981779231794E-002
  3.176977897002375E-002
  3.828233718062657E-002
  2.677185655206271E-002
  3.875655844558668E-002
  4.225038494754163E-002
  2.937650431972294E-002
  3.400251154990330E-002
  4.289369355953210E-002
  2.295924883017086E-002
  3.738633283395620E-002
  3.764185185359270E-002
  2.295810551992372E-002
  3.206348602488462E-002
  3.185708351722816E-002
  2.783139146330005E-002
  4.116215756549391E-002
