 excitation energies, transition moments and TDA amplitudes
 state    eV      nm       fL        Rv(corr)
    1    2.232   555.6     0.6919    -7.8881    -0.87( 140-> 141) -0.38( 139-> 143) -0.17( 139-> 142)
    2    2.394   518.0     0.1091    -3.8855     0.85( 139-> 141) -0.39( 140-> 143) -0.23( 140-> 142)
    3    3.412   363.4     0.0003    -3.7598    -0.91( 138-> 141) -0.20( 139-> 142)  0.17( 137-> 141)
    4    3.430   361.5     0.0489     2.1142    -0.55( 140-> 144) -0.52( 140-> 142)  0.50( 140-> 145)
    5    3.628   341.7     0.0092     0.8117     0.61( 140-> 142) -0.52( 140-> 143) -0.33( 136-> 141)
    6    3.654   339.3     0.0168    -1.6885    -0.65( 136-> 141)  0.54( 134-> 141)  0.29( 140-> 143)
    7    3.749   330.7     0.0047     0.6223     0.72( 137-> 141) -0.38( 140-> 144)  0.30( 140-> 145)
    8    3.827   324.0     0.1496    40.8783     0.75( 139-> 142)  0.38( 139-> 144) -0.38( 139-> 145)
    9    3.934   315.2     0.2687   -45.7465    -0.56( 139-> 143)  0.45( 139-> 145) -0.39( 139-> 144)
