           6           1  0.355851613674671     
           7           2   1.40818202069854     
           7           6   1.19286041968273     
           8           7  0.960643141572085     
           9           8  0.941067804628770     
          10           3   1.40230340258372     
          10           6   1.32417299712334     
          10           9  0.907703534599819     
          11           9  0.993311046315290     
          12           8  0.940473401561868     
          13          12  0.987815330778414     
          14          13  0.954064990637012     
          15          14   1.82434941065562     
          16          14   1.05446877823765     
          17           1  0.533536281237769     
          18           3   1.22485134921025     
          18          17   1.20848147681185     
          19          18   1.14013461186173     
          20          19   1.47256315939168     
          21           4   1.30736140814066     
          21          17   1.17433879600665     
          21          20   1.04117924967471     
          22          19  0.985389554582836     
          23          20   1.00285747996970     
          24          23   1.81689803264377     
          25          23  0.972959181485374     
          26           1  0.374580013609787     
          27           4   1.40287002053995     
          27          26   1.25696774890849     
          28          27  0.913463329292488     
          29          28  0.966419708695141     
          30           5   1.39456243142865     
          30          26   1.25754637541361     
          30          29  0.946313030029377     
          31          28  0.964639354038697     
          32          29  0.947078263723778     
          33          32  0.999566210613353     
          34           1  0.496020069053365     
          35           5   1.28116066640446     
          35          34   1.14902957547039     
          36          35   1.19549128528353     
          37          36   1.36457222686487     
          38           2   1.21898081554181     
          38          34   1.24058676641518     
          38          37   1.16369189887036     
          39          36   1.01776679937453     
          40          37   1.03599963800230     
          41          40   1.80571109791267     
          42           2  0.947369523500101     
          42          40  0.899422233576913     
          43          42  0.902052999299878     
          44          43   1.87237039797702     
          45          43   1.03634008506826     
          46          45  0.969385406654689     
          47          16  0.958510913552524     
          48          47   1.00005470945813     
          49          48   1.88749141550504     
          50          49  0.964260173637657     
          51          49  0.989627505338736     
          52          51  0.985005100711017     
          53          52  0.977505431214089     
          54          53  0.975301115774825     
          55          54  0.989662912638421     
          56          54  0.935014417258771     
          57          56  0.985882779129671     
          58          57  0.993874529732636     
          59          58  0.969073288130005     
          60          59  0.981285534080640     
          61          59  0.977443237826015     
          62          61  0.972421234419480     
          63          62  0.986493432191864     
          64          63  0.963213772465068     
          65          64   1.01139383532008     
          66          64  0.979378044803925     
          67           3  0.942499724255287     
          68           4  0.931605946911717     
          69           5  0.941286993347349     
          70           8  0.934387219690038     
          71           9  0.942358378970256     
          72          11  0.976328820590208     
          73          11  0.970980201784015     
          74          11  0.966396710296808     
          75          12  0.964459024330405     
          76          12  0.957497528103160     
          77          13  0.936079229149145     
          78          13  0.955632506031406     
          79          22  0.975265521884622     
          80          22  0.965771857999016     
          81          22  0.962694660972046     
          82          25  0.951982024012729     
          83          25  0.963159237915235     
          84          25  0.969635175203073     
          85          28  0.946395242856945     
          86          29  0.928776890187188     
          87          31  0.982666089016593     
          88          31  0.974678028523806     
          89          31  0.975668205117543     
          90          32  0.964925215303695     
          91          32  0.963949646493043     
          92          33  0.983387318537028     
          93          33  0.985884234414261     
          94          33  0.982794094644377     
          95          39  0.974019016934129     
          96          39  0.958812057069618     
          97          39  0.960063819592695     
          98          42  0.921186409187717     
          99          46  0.982179430404411     
         100          46  0.983358382873555     
         101          46  0.985478343527567     
         102          47  0.960022837875743     
         103          47  0.960852673875155     
         104          48  0.934914013544301     
         105          50  0.974913760760845     
         106          50  0.978028329211888     
         107          50  0.975256867203672     
         108          51  0.953111767279683     
         109          51  0.947507686679791     
         110          52  0.958996946459450     
         111          52  0.957612691150150     
         112          53  0.956792612506620     
         113          53  0.960159391626465     
         114          54  0.954394743596848     
         115          55  0.978474653926156     
         116          55  0.976460344289746     
         117          55  0.976393378291037     
         118          56  0.966121928772518     
         119          56  0.969049718354586     
         120          57  0.971494877521143     
         121          57  0.963134965506001     
         122          58  0.960907873910607     
         123          58  0.963907424644227     
         124          59  0.951846677070617     
         125          60  0.973590958964585     
         126          60  0.981466216896850     
         127          60  0.975422200419398     
         128          61  0.963419761958434     
         129          61  0.962527284541113     
         130          62  0.971866894803199     
         131          62  0.961995788377962     
         132          63  0.960495928221213     
         133          63  0.971034014197115     
         134          64  0.949156872053482     
         135          65  0.971346607136059     
         136          65  0.979090080298043     
         137          65  0.972228363596367     
         138          66  0.980212510256950     
         139          66  0.975548839981028     
         140          66  0.974096843900647     
