 excitation energies, transition moments and TDA amplitudes
 state    eV      nm       fL        Rv(corr)
    1    2.280   543.7     0.2789     0.4243     0.72( 142-> 144)  0.52( 143-> 144)  0.25( 143-> 146)
    2    2.352   527.1     0.5820     8.1860    -0.72( 143-> 144)  0.49( 142-> 144)  0.31( 142-> 146)
    3    3.184   389.3     0.0103    23.2310    -0.85( 141-> 144)  0.38( 139-> 144) -0.18( 143-> 146)
    4    3.660   338.8     0.0723     1.0870    -0.55( 143-> 146)  0.54( 143-> 147)  0.31( 143-> 145)
    5    3.753   330.4     0.2397     3.8816     0.56( 142-> 147) -0.40( 139-> 144) -0.38( 142-> 146)
    6    3.790   327.1     0.0814    -8.7736    -0.58( 142-> 147) -0.54( 139-> 144)  0.34( 143-> 147)
    7    3.863   320.9     0.0765    -8.3113     0.75( 143-> 145)  0.39( 143-> 146) -0.25( 142-> 147)
    8    3.998   310.1     0.0553   -23.9892    -0.51( 138-> 144)  0.50( 137-> 144)  0.32( 136-> 144)
    9    4.036   307.2     0.0723   -19.1883     0.74( 142-> 145)  0.33( 142-> 146) -0.25( 136-> 144)
