 excitation energies, transition moments and TDA amplitudes
 state    eV      nm       fL        Rv(corr)
    1    2.313   535.9     0.3457    -3.5913    -0.68( 142-> 143) -0.56( 141-> 143)  0.29( 141-> 145)
    2    2.431   509.9     0.5527     5.3660     0.66( 141-> 143) -0.58( 142-> 143)  0.31( 142-> 145)
    3    3.068   404.2     0.0139     0.2942     0.91( 140-> 143)  0.22( 139-> 143)  0.14( 141-> 143)
    4    3.643   340.4     0.0239     4.0858     0.77( 139-> 143) -0.35( 138-> 143)  0.33( 142-> 145)
    5    3.734   332.0     0.1148    16.3999    -0.87( 142-> 144) -0.29( 141-> 144) -0.18( 142-> 145)
    6    3.853   321.8     0.0011    -4.2885    -0.58( 136-> 143)  0.55( 138-> 143)  0.32( 135-> 143)
    7    3.991   310.7     0.1288    15.7855     0.67( 141-> 144) -0.43( 142-> 145) -0.31( 142-> 146)
    8    4.037   307.1     0.4025    55.7456     0.49( 142-> 145)  0.48( 141-> 144)  0.29( 141-> 146)
    9    4.090   303.1     0.1845   -81.0350     0.49( 135-> 143) -0.27( 134-> 143) -0.27( 138-> 143)
