           6           1  0.350903875837562     
           7           2   1.49264207817948     
           7           6   1.13745318911482     
           8           7  0.951591371836940     
           9           8  0.943957962729285     
          10           3   1.33944670048340     
          10           6   1.36221028657684     
          10           9  0.910939136309119     
          11           9  0.970437489401687     
          12           8  0.940013326502464     
          13          12  0.977332846566799     
          14          13  0.903414746688802     
          15          14   1.85702337208425     
          16          14   1.07180258900362     
          17           1  0.550808505413855     
          18           3   1.30409187196488     
          18          17   1.16918857735555     
          19          18   1.14485678946256     
          20          19   1.43239498845837     
          21           4   1.31061183394252     
          21          17   1.15027550888461     
          21          20   1.10862543421053     
          22          19  0.978660346160915     
          23          20   1.01578405060906     
          24          23   1.81809786774296     
          25          23  0.972397113801460     
          26           1  0.384257913966398     
          27           4   1.41766222751388     
          27          26   1.28567723631180     
          28          27  0.905585999779639     
          29          28  0.967865522733278     
          30           5   1.47221839077556     
          30          26   1.21458428609237     
          30          29  0.912724477725990     
          31          28  0.967047656937928     
          32          29  0.947679925563519     
          33          32  0.998822292094976     
          34           1  0.531777923602831     
          35           5   1.21370595860663     
          35          34   1.10146519544876     
          36          35   1.29318637184242     
          37          36   1.23418356367497     
          38           2   1.15880037501535     
          38          34   1.26036748638091     
          38          37   1.19087579745390     
          39          36   1.01797468581961     
          40          37   1.14831724710285     
          41          40   1.69627472013126     
          42           2  0.944661250937509     
          42          40  0.916580698088086     
          43          42  0.911510278966322     
          44          43   1.80696080885509     
          45          43   1.09340224131372     
          46          45  0.976968011036815     
          47          16  0.949436662261907     
          48          47   1.00052170055871     
          49          48   1.88150572746652     
          50          49  0.970363666745269     
          51          49  0.993848081435044     
          52          51  0.944285557052467     
          53          52  0.973974167390115     
          54          53  0.962707050807904     
          55          54  0.997483090181981     
          56          54  0.973397903259530     
          57          56  0.995589730956719     
          58          57  0.981289002954706     
          59          58  0.972869821359286     
          60          59  0.983441577447916     
          61          59  0.969947377876715     
          62          61  0.986680981826282     
          63          62  0.970299592495148     
          64          63  0.978132796793243     
          65          64  0.998733252511991     
          66          64  0.986345643793582     
          67           3  0.937341444837738     
          68           4  0.926802966534701     
          69           5  0.936018743130066     
          70           8  0.935180712273772     
          71           9  0.945231566347792     
          72          11  0.973924132397073     
          73          11  0.977552153679698     
          74          11  0.980476707966270     
          75          12  0.964259431429425     
          76          12  0.957015556024519     
          77          13  0.955861551544502     
          78          13  0.954814203547931     
          79          22  0.966331129584481     
          80          22  0.972776740277344     
          81          22  0.970125349586993     
          82          25  0.956949843202201     
          83          25  0.956750067802040     
          84          25  0.971178265478016     
          85          28  0.944728871163501     
          86          29  0.937981335979585     
          87          31  0.975655429059869     
          88          31  0.974268732929607     
          89          31  0.981152616342042     
          90          32  0.964987960529927     
          91          32  0.971594198069749     
          92          33  0.981152853496234     
          93          33  0.980370752110362     
          94          33  0.985975826089274     
          95          39  0.974896359167772     
          96          39  0.959704174112744     
          97          39  0.959227957357401     
          98          42  0.917884788271959     
          99          46  0.984702676843386     
         100          46  0.978212290269862     
         101          46  0.989570314169796     
         102          47  0.952718460067763     
         103          47  0.954832023768061     
         104          48  0.934957398199015     
         105          50  0.972269426030655     
         106          50  0.975105228884218     
         107          50  0.975263637912668     
         108          51  0.956678537020838     
         109          51  0.957774584525336     
         110          52  0.971427061073711     
         111          52  0.965860190296257     
         112          53  0.963067634898123     
         113          53  0.964816019565820     
         114          54  0.946450839272461     
         115          55  0.971155790509318     
         116          55  0.976992855354524     
         117          55  0.977485246108595     
         118          56  0.955449008127875     
         119          56  0.957769883108274     
         120          57  0.961775015751344     
         121          57  0.966836474784004     
         122          58  0.968579908670999     
         123          58  0.959754204715892     
         124          59  0.951083225676038     
         125          60  0.978195983267115     
         126          60  0.982203219130954     
         127          60  0.979564587463832     
         128          61  0.965807619320585     
         129          61  0.963225656216991     
         130          62  0.964413361426914     
         131          62  0.971596084400468     
         132          63  0.958462736416935     
         133          63  0.965172151638625     
         134          64  0.951471305684700     
         135          65  0.977821136241114     
         136          65  0.973467853237762     
         137          65  0.978896157939009     
         138          66  0.979408659342753     
         139          66  0.976903728111377     
         140          66  0.980299718177687     
