  0.323747563338594     
  2.141722598308338E-002
 -4.421876381622969E-002
 -2.710132278512045E-002
 -2.790883884268602E-002
 -0.153879858958147     
  4.509511009430733E-002
 -1.646211064448622E-003
 -1.683192992602400E-002
  2.291740651984764E-002
 -8.615636923753200E-002
 -7.358070260405292E-002
 -6.836902852128102E-002
  0.209442391988012     
 -0.250395431679648     
 -0.144454619695265     
 -0.191789831625473     
  1.890680062168926E-002
 -2.612160685494036E-002
 -4.595199583882881E-002
  1.501666981133232E-002
 -6.533702564200006E-002
  0.143627579990957     
 -0.263875115264695     
 -9.406845417286558E-002
 -0.165275347128667     
  2.095742828949021E-002
 -9.914619876037811E-003
 -2.781964370104806E-002
  3.757487464238540E-002
 -9.147213876007321E-002
 -5.550442786220344E-002
 -9.014027656094559E-002
 -0.194354808881432     
  1.580263376122604E-002
 -1.191659554318480E-002
 -4.330343701920025E-002
  1.451422535904090E-002
 -7.094987540349162E-002
  0.166630398069866     
 -0.235553574306739     
 -5.012486856141241E-002
  0.208566642257296     
 -0.294010811934946     
 -0.138643559497686     
  2.349548457343387E-002
  3.897887981492199E-002
 -0.101708671967137     
 -1.789404625883950E-002
 -8.938475951573466E-002
 -4.229586730879031E-002
 -5.388766185344096E-002
 -8.275925767359293E-002
 -3.541355131247226E-002
 -0.102103671854976     
 -7.781149352471672E-002
 -4.967789840419989E-002
 -6.694689077933980E-002
 -3.575338492151303E-002
 -0.133425416814890     
 -5.373034364426665E-002
 -6.291297485198388E-002
 -8.633805627669489E-002
 -8.050178771857652E-003
 -9.362245283430060E-002
 -0.114699669944165     
  5.425604850874821E-002
  6.284447836829221E-002
  5.819625599530287E-002
  4.862082668463896E-002
  4.363077103560464E-002
  4.280571886991447E-002
  3.513858760240207E-002
  3.160337751009823E-002
  2.643878107906317E-002
  4.004813495475512E-002
  4.919566568393763E-002
  3.358972517240044E-002
  5.099496680369364E-002
  5.300051210813661E-002
  5.184587105934235E-002
  4.461961777129275E-002
  4.414750826449476E-002
  4.948647056591127E-002
  5.931651193783627E-002
  5.312216841275175E-002
  3.756514987063997E-002
  3.520891129499648E-002
  4.893865188774527E-002
  3.860961749136282E-002
  3.850160219231125E-002
  3.121620295879635E-002
  3.846937638374182E-002
  3.909053965113496E-002
  4.914651575291973E-002
  4.869278320764414E-002
  5.132188045857355E-002
  5.946435038721276E-002
  6.457912360637108E-002
  4.230447630536593E-002
  5.792580647674750E-002
  6.326437460969936E-002
  5.048872337760613E-002
  2.386105318742204E-002
  5.454356167916141E-002
  3.760986131325128E-002
  3.403816530865389E-002
  5.051389530076944E-002
  4.682301825511759E-002
  2.894688799669742E-002
  4.450056144292458E-002
  2.345354824710888E-002
  4.670715757661625E-002
  3.132930296816328E-002
  3.709415401752503E-002
  3.330915968822556E-002
  3.075557515667593E-002
  2.926371153087937E-002
  4.073296059919063E-002
  3.768908922651648E-002
  3.555357103819323E-002
  4.338934422629659E-002
  3.333480790333354E-002
  4.321276745020208E-002
  3.196901604655145E-002
  2.325542799354152E-002
  2.627085746260815E-002
  3.747978363776072E-002
  4.514421407945490E-002
  3.001916320740639E-002
  3.019783982225066E-002
  2.733941118289984E-002
  2.872226564473979E-002
  4.464676918336241E-002
  3.441634020268725E-002
  3.850436105042010E-002
  3.413280569324484E-002
  2.566117550330005E-002
  3.823409178876336E-002
  3.205026405031586E-002
