 excitation energies, transition moments and TDA amplitudes
 state    eV      nm       fL        Rv(corr)
    1    2.089   593.5     0.6751     0.6012     0.86( 143-> 144)  0.35( 142-> 146) -0.23( 142-> 145)
    2    2.257   549.4     0.1309    -6.0208     0.84( 142-> 144) -0.35( 143-> 146)  0.30( 143-> 145)
    3    3.302   375.5     0.0043     5.2293    -0.95( 143-> 147) -0.19( 143-> 148)  0.12( 142-> 145)
    4    3.393   365.4     0.0023    18.9245     0.84( 141-> 144)  0.32( 142-> 145) -0.27( 139-> 144)
    5    3.520   352.2     0.0513    -0.5618     0.71( 143-> 145)  0.48( 143-> 146)  0.22( 141-> 144)
    6    3.623   342.2     0.1643     0.7582     0.54( 143-> 146) -0.37( 142-> 147) -0.35( 143-> 145)
    7    3.753   330.3     0.0077   -14.4101     0.49( 142-> 145)  0.39( 138-> 144)  0.36( 139-> 144)
    8    3.777   328.2     0.0164     2.7713    -0.88( 142-> 147)  0.21( 143-> 145) -0.18( 138-> 144)
    9    3.851   322.0     0.0045   -10.1688    -0.43( 139-> 144)  0.42( 142-> 145)  0.38( 142-> 146)
