           6           1  0.377270572756154     
           7           2   1.44324394598769     
           7           6   1.19964512660102     
           8           7  0.962373964763491     
           9           8  0.942544241254711     
          10           3   1.41819889336619     
          10           6   1.25742648844908     
          10           9  0.929486541435816     
          11           9  0.981324118162175     
          12           8  0.933225924969972     
          13          12  0.975569906860992     
          14          13  0.904577077121708     
          15          14   1.85016941480880     
          16          14   1.07694922205220     
          17           1  0.522750724438229     
          18           3   1.24536125976931     
          18          17   1.18204058965003     
          19          18   1.17646466045286     
          20          19   1.44685927896069     
          21           4   1.32768026973330     
          21          17   1.18620502079865     
          21          20   1.02523162887741     
          22          19  0.974832733413290     
          23          20   1.07426811173499     
          24          23   1.77879453943193     
          25          23  0.950417135258482     
          26           1  0.364238555868226     
          27           4   1.34007412524914     
          27          26   1.27374424637615     
          28          27  0.936223225072707     
          29          28  0.958220958890467     
          30           5   1.42477709892278     
          30          26   1.24494794663679     
          30          29  0.928697048813319     
          31          28  0.968970264824827     
          32          29  0.951633504698571     
          33          32   1.00164960858319     
          34           1  0.524991349408236     
          35           5   1.30259503052627     
          35          34   1.11465188211273     
          36          35   1.16582059066638     
          37          36   1.42517783234515     
          38           2   1.19156406098208     
          38          34   1.26741191682358     
          38          37   1.08865529371731     
          39          36  0.962060163167121     
          40          37   1.12719433659356     
          41          40   1.79253287136988     
          42           2  0.965861588291839     
          42          40  0.833486952294538     
          43          42  0.906670097106951     
          44          43   1.77496516694084     
          45          43   1.13217703873870     
          46          45  0.957298290084217     
          47          16  0.957703604261457     
          48          47  0.972942659088588     
          49          48   1.88416251995097     
          50          49  0.995022643398381     
          51          49  0.969818249354234     
          52          51  0.990898087756304     
          53          52  0.972969402363523     
          54          53  0.962127455020889     
          55          54  0.981506717491933     
          56          54  0.981041039556047     
          57          56  0.968291894107171     
          58          57   1.00779478789435     
          59          58  0.951938350710052     
          60          59  0.973123740632516     
          61          59  0.975112624152037     
          62          61  0.987342293071100     
          63          62  0.986079684240814     
          64          63  0.973736851364257     
          65          64  0.984060877368569     
          66          64  0.977857234065623     
          67           3  0.939038692767515     
          68           4  0.935168911018641     
          69           5  0.933295505631411     
          70           8  0.934121352753262     
          71           9  0.940162926792151     
          72          11  0.971793008713911     
          73          11  0.980417844995989     
          74          11  0.976145625310890     
          75          12  0.965469505423639     
          76          12  0.958144464918208     
          77          13  0.951653253824661     
          78          13  0.964631762097616     
          79          22  0.969034410968066     
          80          22  0.968339914280240     
          81          22  0.976921775612575     
          82          25  0.962939281674065     
          83          25  0.960185937365696     
          84          25  0.972986571088169     
          85          28  0.932755908844177     
          86          29  0.932015143521108     
          87          31  0.979656405381306     
          88          31  0.982388011306158     
          89          31  0.975207469319331     
          90          32  0.964594192501419     
          91          32  0.968162150531324     
          92          33  0.983659719237544     
          93          33  0.978099474986248     
          94          33  0.982419494404517     
          95          39  0.977350150856342     
          96          39  0.973879376837082     
          97          39  0.980063665053879     
          98          42  0.917728869326721     
          99          46  0.979551439776657     
         100          46  0.991881860848452     
         101          46  0.988297380937235     
         102          47  0.955056598911495     
         103          47  0.967669714814122     
         104          48  0.943877772168449     
         105          50  0.970712760519556     
         106          50  0.967819949889726     
         107          50  0.967056152371368     
         108          51  0.954689001704459     
         109          51  0.940231314199431     
         110          52  0.968267786589668     
         111          52  0.967954746860547     
         112          53  0.973032581886507     
         113          53  0.954987911203269     
         114          54  0.953475252082023     
         115          55  0.982426661647240     
         116          55  0.978553612444298     
         117          55  0.980116451907065     
         118          56  0.961405222870760     
         119          56  0.954356588823283     
         120          57  0.962693432432848     
         121          57  0.966306235715966     
         122          58  0.955240333963348     
         123          58  0.959788983786779     
         124          59  0.954446117543026     
         125          60  0.979956000745252     
         126          60  0.983466561496957     
         127          60  0.984792168012259     
         128          61  0.958749945583008     
         129          61  0.960548102124580     
         130          62  0.968362306253844     
         131          62  0.966359492275934     
         132          63  0.959933186594580     
         133          63  0.958189868952586     
         134          64  0.955430899043227     
         135          65  0.979351342774887     
         136          65  0.976682385370247     
         137          65  0.981011788510768     
         138          66  0.981109140862044     
         139          66  0.976199159517621     
         140          66  0.980714846279333     
