  0.291649876819550     
 -4.963299568158774E-003
 -2.216791108345895E-002
 -1.253929188781377E-002
 -5.892953968522274E-002
 -0.159857143735468     
  3.302645077708277E-002
 -3.218517851211899E-002
 -1.187681425168297E-002
  4.542459353652717E-002
 -0.101295216163386     
 -3.548506839310583E-002
 -4.106482547584278E-002
  0.206495071351519     
 -0.269505973716364     
 -0.165354772984533     
 -0.196101010114677     
  3.466816910544379E-002
 -3.036707815413298E-002
 -6.359151257541118E-002
  2.481721834013229E-002
 -8.496974114914746E-002
  0.148780682767520     
 -0.243529639476872     
 -9.034897818381893E-002
 -0.167820124895239     
  5.093745923136295E-002
 -1.989196914944458E-002
 -2.768571341337900E-002
  5.548484817048216E-002
 -0.108328006570707     
 -5.786624102253679E-002
 -8.930763455492663E-002
 -0.218649147245463     
  2.893612294267989E-003
 -7.560481241061900E-003
 -7.651316150729404E-002
  2.155383482241202E-002
 -4.755179991358371E-002
  0.156247953884845     
 -0.249514608109970     
 -1.833393338740752E-002
  0.237214235764383     
 -0.257997482963952     
 -0.166339526286977     
  1.235186799513510E-003
  4.376429448749475E-002
 -5.922801731367144E-002
 -1.915551814481287E-002
 -0.104005034994849     
 -5.581589904617879E-002
 -6.553068180790866E-002
 -7.582022543964939E-002
 -6.872916358989123E-003
 -9.210270701794965E-002
 -6.105982127642928E-002
 -7.088742368860768E-002
 -7.851892739597499E-002
 -4.369793211683515E-002
 -0.102186842086308     
 -7.959103754909691E-002
 -5.973977267478325E-002
 -6.485335716377527E-002
 -1.429138674503072E-002
 -0.109480295093381     
 -9.056371199134094E-002
  5.820705310340590E-002
  6.267431990483707E-002
  6.191050130938047E-002
  5.231443470009034E-002
  4.958996935217064E-002
  3.509394769826246E-002
  3.356912087254116E-002
  4.249937860378172E-002
  4.355362200120905E-002
  4.661982527471853E-002
  3.927666808178021E-002
  5.050504530192090E-002
  4.422072605735017E-002
  5.210628291569142E-002
  4.951274658713289E-002
  5.927453073861400E-002
  4.256895695862384E-002
  4.798737814103404E-002
  5.898651173250147E-002
  5.312760170622444E-002
  3.071353325958159E-002
  3.954032506699756E-002
  3.875962345111628E-002
  3.860398015790834E-002
  3.560497795802453E-002
  4.092970642980387E-002
  4.183972023851634E-002
  2.714921269921855E-002
  5.715577065974331E-002
  5.956623846428932E-002
  5.632133093590153E-002
  6.555671041809630E-002
  5.740653365886950E-002
  4.797878509843956E-002
  6.164861946293976E-002
  4.824764857483055E-002
  5.843612026127731E-002
  3.688352857547028E-002
  3.906811868472015E-002
  4.094967201725475E-002
  3.228044365101557E-002
  3.624605184267016E-002
  3.980936359597365E-002
  2.968473441724806E-002
  3.100536705724688E-002
  2.524956008429891E-002
  3.141579623969859E-002
  4.503103110323725E-002
  4.158732237122487E-002
  3.452991022769747E-002
  3.917872288025392E-002
  3.391325882450191E-002
  3.887594078161682E-002
  2.720920028311702E-002
  3.636724262437852E-002
  2.728694959317046E-002
  3.763277372518148E-002
  2.760018227250705E-002
  3.100895895453648E-002
  3.042837475707327E-002
  3.548530432550756E-002
  3.781800422180825E-002
  2.585840096926029E-002
  3.956686159074285E-002
  3.018489063118901E-002
  2.691043338840560E-002
  3.753748465898921E-002
  1.939297945503882E-002
  3.795247197246310E-002
  1.442451348681129E-002
  3.572920159648485E-002
  3.947954637617779E-002
  3.361707144664661E-002
  4.044371860575735E-002
