 excitation energies, transition moments and TDA amplitudes
 state    eV      nm       fL        Rv(corr)
    1    2.236   554.6     0.7754    -2.0467     0.88( 143-> 144) -0.37( 142-> 146)  0.20( 142-> 145)
    2    2.386   519.6     0.1447    -1.3060     0.84( 142-> 144)  0.37( 143-> 146) -0.23( 143-> 145)
    3    2.994   414.1     0.0153     8.5321     0.94( 141-> 144)  0.14( 143-> 146)  0.14( 142-> 144)
    4    3.600   344.4     0.0310     4.5299    -0.79( 140-> 144) -0.44( 143-> 145) -0.19( 138-> 144)
    5    3.722   333.1     0.0691     9.5148     0.78( 143-> 145) -0.35( 140-> 144)  0.31( 143-> 146)
    6    3.743   331.2     0.0119    14.2763     0.66( 138-> 144)  0.57( 137-> 144) -0.22( 140-> 144)
    7    4.003   309.7     0.0182   -12.8900    -0.76( 142-> 145) -0.39( 142-> 146)  0.25( 137-> 144)
    8    4.046   306.4     0.3378    13.3592    -0.63( 143-> 146) -0.52( 139-> 144)  0.27( 142-> 144)
    9    4.161   298.0     0.2818   -36.7085     0.57( 139-> 144) -0.38( 143-> 146) -0.35( 135-> 144)
