           6           1  0.364256833042030     
           7           2   1.40548784465101     
           7           6   1.28513184165160     
           8           7  0.897468410081668     
           9           8  0.953268466197975     
          10           3   1.48636864637198     
          10           6   1.19520982878256     
          10           9  0.935663953584507     
          11           9  0.972557179413300     
          12           8  0.970132164858466     
          13          12  0.975717799178707     
          14          13  0.954104547784313     
          15          14   1.83421054325144     
          16          14   1.04705768745438     
          17           1  0.514281795785383     
          18           3   1.25084421459082     
          18          17   1.19419333463970     
          19          18   1.16955857677756     
          20          19   1.41251293175214     
          21           4   1.27953144643062     
          21          17   1.14423782865763     
          21          20   1.13733710838849     
          22          19  0.986966038454215     
          23          20  0.990917618467779     
          24          23   1.82773706454076     
          25          23  0.967769114599714     
          26           1  0.371548386240225     
          27           4   1.44715816829761     
          27          26   1.22915015479555     
          28          27  0.939553522161255     
          29          28  0.954714778667872     
          30           5   1.45975440307398     
          30          26   1.24311022761639     
          30          29  0.947002217487430     
          31          28  0.948706321749402     
          32          29  0.938793565096868     
          33          32   1.01177296944556     
          34           1  0.604993043597916     
          35           5   1.18949572838732     
          35          34   1.11703789499191     
          36          35   1.25158782127174     
          37          36   1.31182174937962     
          38           2   1.23975975342867     
          38          34   1.17289575499414     
          38          37   1.16245240149455     
          39          36   1.01806868971053     
          40          37   1.07174119115907     
          41          40   1.79713176800726     
          42           2  0.905198107590595     
          42          40  0.879400777643816     
          43          42  0.958467196140509     
          44          43   1.82612377056475     
          45          43   1.04927146174775     
          46          45  0.964145545811580     
          47          16  0.973683830152317     
          48          47  0.962026795072197     
          49          48   1.94138675253299     
          50          49  0.956437822725779     
          51          49  0.949432397482088     
          52          51  0.979086411003074     
          53          52  0.969257255565834     
          54          53  0.970015316448357     
          55          54  0.990999763570691     
          56          54  0.972872284372990     
          57          56  0.981653710869470     
          58          57  0.968228035229100     
          59          58  0.970672333242281     
          60          59  0.992389668063040     
          61          59  0.935227312893810     
          62          61  0.997494850175957     
          63          62  0.978791266510816     
          64          63  0.980801280704998     
          65          64  0.990330729530840     
          66          64  0.986005744146373     
          67           3  0.928584265403802     
          68           4  0.927123040702808     
          69           5  0.934495009882327     
          70           8  0.939831880399582     
          71           9  0.943529154078531     
          72          11  0.973983665991835     
          73          11  0.979156984815982     
          74          11  0.975088903063854     
          75          12  0.961291558173209     
          76          12  0.956588175645719     
          77          13  0.955998815458256     
          78          13  0.949434693905888     
          79          22  0.973553250471625     
          80          22  0.964302932039485     
          81          22  0.967922046540609     
          82          25  0.947789278995883     
          83          25  0.966590284263091     
          84          25  0.971008354902924     
          85          28  0.939765621038189     
          86          29  0.934303480648282     
          87          31  0.984503131823411     
          88          31  0.978737630855830     
          89          31  0.978834505577392     
          90          32  0.963514308832625     
          91          32  0.967988036810051     
          92          33  0.976903109709968     
          93          33  0.977965720832337     
          94          33  0.987209423317624     
          95          39  0.959022903929056     
          96          39  0.958628754265078     
          97          39  0.971991193718590     
          98          42  0.924478325820441     
          99          46  0.983125539069685     
         100          46  0.991038562712536     
         101          46  0.981200670181748     
         102          47  0.961412540761982     
         103          47  0.962589975483048     
         104          48  0.931434377185981     
         105          50  0.979006659663441     
         106          50  0.974641318864335     
         107          50  0.978540385847236     
         108          51  0.956362073011433     
         109          51  0.962189076374874     
         110          52  0.968829008865347     
         111          52  0.968769620318215     
         112          53  0.970032918234224     
         113          53  0.966068767190631     
         114          54  0.947279625485017     
         115          55  0.973327348705594     
         116          55  0.973713333359968     
         117          55  0.979707503620576     
         118          56  0.958848295319452     
         119          56  0.964566106726857     
         120          57  0.971458691513822     
         121          57  0.962705436419727     
         122          58  0.963418669697199     
         123          58  0.961726048406379     
         124          59  0.956114835510794     
         125          60  0.978550401035084     
         126          60  0.975541237664601     
         127          60  0.978709177934281     
         128          61  0.958773017045120     
         129          61  0.968895726662137     
         130          62  0.963303767768516     
         131          62  0.959571171131096     
         132          63  0.959355630898594     
         133          63  0.957516982048952     
         134          64  0.953893022353966     
         135          65  0.971540291858297     
         136          65  0.981534568018123     
         137          65  0.977869833014884     
         138          66  0.977701439405524     
         139          66  0.982805122915518     
         140          66  0.974440654860144     
