  0.271171764333135     
  1.171492725599732E-002
 -2.665307208905077E-002
 -3.040934994124633E-002
 -2.300876048413780E-002
 -0.124437812342578     
  2.889226413997648E-002
 -3.331043817482104E-002
 -1.798925747487168E-002
  2.033068464696308E-002
 -8.805485877627728E-002
 -5.750572827557576E-002
 -5.958241761101046E-002
  0.220993356240712     
 -0.261563183043165     
 -0.160928586579674     
 -0.215857250278360     
  1.364409943227907E-002
 -1.954163662973851E-002
 -7.684109610985512E-002
  4.918676083508089E-002
 -6.839409584191536E-002
  0.155013041063467     
 -0.221322141795619     
 -9.612535580856818E-002
 -0.167754334606374     
  3.186781069108768E-002
 -3.084729106829975E-002
 -2.516232746479208E-002
  4.053378377372674E-002
 -9.409718542198053E-002
 -7.406031974269389E-002
 -8.567282372477969E-002
 -0.210710296951761     
  2.390169150719501E-002
 -9.229153238059062E-003
 -4.015094158649024E-002
  2.080454901335660E-002
 -7.752496469907388E-002
  0.123011832527388     
 -0.245922766138976     
 -2.295322712919656E-002
  0.237463553654238     
 -0.240903290589501     
 -0.170916508676124     
  7.290488920138838E-003
  2.932893294813610E-002
 -7.907472939152527E-002
  2.076890470751103E-003
 -8.705537936471153E-002
 -5.984091671530134E-002
 -6.391145490147654E-002
 -7.542789391010540E-002
 -1.841323535246353E-002
 -0.109254297064489     
 -6.054215719146239E-002
 -6.641155448204650E-002
 -6.260007731511674E-002
 -2.249052887696745E-002
 -0.103965526185773     
 -7.866977283464038E-002
 -6.940410327418078E-002
 -6.728528301563852E-002
 -5.900854910645847E-003
 -0.119432686090026     
 -0.106290532486623     
  6.080503477050847E-002
  6.737628000889906E-002
  6.475364230306724E-002
  4.180558949169888E-002
  4.689405198280294E-002
  2.710381843904541E-002
  4.666240795733367E-002
  4.738619253098608E-002
  3.724651865221362E-002
  4.722685185876674E-002
  5.198424289252268E-002
  4.141977080469039E-002
  4.888391422823646E-002
  4.543639993444515E-002
  5.157926114942457E-002
  4.736439803137227E-002
  4.727504947729411E-002
  4.391813261106559E-002
  5.396945626248406E-002
  5.482764773235982E-002
  3.824238200072205E-002
  4.349481794735077E-002
  3.577324821019634E-002
  3.522485307484691E-002
  4.115589390058527E-002
  3.585577468148349E-002
  4.008803652696369E-002
  4.015066236429010E-002
  4.836953710400349E-002
  4.271878253132488E-002
  4.734775311324857E-002
  7.531177895672858E-002
  4.531347034273281E-002
  4.948328655174872E-002
  5.204009085198080E-002
  6.810056782806828E-002
  4.781074274967134E-002
  4.152305424196079E-002
  3.701019828310514E-002
  4.956976117293332E-002
  4.290474334615280E-002
  3.790954330538288E-002
  4.396967865124091E-002
  4.171693577500313E-002
  2.695200171132139E-002
  4.473929290144996E-002
  2.153364363433041E-002
  4.162746762152680E-002
  3.010461547397858E-002
  3.663917605226241E-002
  3.304791846745070E-002
  4.095350036187273E-002
  3.370107005349454E-002
  3.193920943048267E-002
  3.048139150235984E-002
  3.111270488985707E-002
  3.696949336156941E-002
  2.742106351784668E-002
  3.267459210109191E-002
  3.286966895055710E-002
  3.290546057250665E-002
  3.365643882656399E-002
  3.787134437752104E-002
  3.640860328669260E-002
  2.887223430851660E-002
  3.002689904157907E-002
  3.547309727491443E-002
  4.552284050148803E-002
  3.533001785702738E-002
  2.617337526460051E-002
  2.511091771590324E-002
  2.943309382164450E-002
  2.516054870598139E-002
  3.645908798682818E-002
