           6           1  0.372955780324026     
           7           2   1.40390259068469     
           7           6   1.22166370674438     
           8           7  0.954977996607371     
           9           8  0.959065128252676     
          10           3   1.40876232223038     
          10           6   1.25994198812587     
          10           9  0.913070279361362     
          11           9  0.962793441958703     
          12           8  0.923407359956220     
          13          12  0.985297427553885     
          14          13  0.889860559118148     
          15          14   1.85834572777022     
          16          14   1.09150683784147     
          17           1  0.583134959563587     
          18           3   1.27105548910949     
          18          17   1.11356903708012     
          19          18   1.18207961812287     
          20          19   1.40653757888709     
          21           4   1.28598054385396     
          21          17   1.19085992873984     
          21          20   1.13688113406115     
          22          19   1.01925729347936     
          23          20  0.950866691073409     
          24          23   1.85754765198948     
          25          23  0.975436202683826     
          26           1  0.438801917751884     
          27           4   1.41242443241816     
          27          26   1.24437552594735     
          28          27  0.911004134725411     
          29          28  0.939225827730866     
          30           5   1.36322672018551     
          30          26   1.19927296338235     
          30          29  0.991099532140642     
          31          28  0.974931670813057     
          32          29  0.930444175936440     
          33          32  0.986498513035860     
          34           1  0.487685968688335     
          35           5   1.37351584321672     
          35          34   1.10759314031773     
          36          35   1.16363704926098     
          37          36   1.35753982832296     
          38           2   1.26705447350158     
          38          34   1.18419817143761     
          38          37   1.17808847919178     
          39          36  0.995055159520145     
          40          37   1.08955021235256     
          41          40   1.77950964524709     
          42           2  0.922243917110750     
          42          40  0.862686430722370     
          43          42  0.938110257326949     
          44          43   1.84974907876083     
          45          43   1.03600359520862     
          46          45  0.980253582338257     
          47          16  0.920853877553627     
          48          47   1.00221177103615     
          49          48   1.83340485871896     
          50          49   1.00938761593049     
          51          49  0.996768483500975     
          52          51  0.964749783698433     
          53          52  0.974696501207919     
          54          53  0.977849262142344     
          55          54  0.970734624585060     
          56          54  0.963011333844160     
          57          56  0.983981394845608     
          58          57  0.981858276069509     
          59          58  0.964563312380450     
          60          59  0.979347631221095     
          61          59  0.970908935144529     
          62          61  0.984519982635777     
          63          62  0.983436935556780     
          64          63  0.977574032698758     
          65          64  0.983668148823133     
          66          64  0.994090747842418     
          67           3  0.935415517529742     
          68           4  0.927708177241785     
          69           5  0.929337510737492     
          70           8  0.934749042285105     
          71           9  0.944483310869231     
          72          11  0.983077329432713     
          73          11  0.976717034112431     
          74          11  0.974701209875556     
          75          12  0.962783175369906     
          76          12  0.958870437293878     
          77          13  0.951681431127200     
          78          13  0.959847739158559     
          79          22  0.960022001844504     
          80          22  0.970400136112979     
          81          22  0.958609617300639     
          82          25  0.958952324530003     
          83          25  0.954309258596657     
          84          25  0.968051855354832     
          85          28  0.943496867405736     
          86          29  0.929982604428748     
          87          31  0.981183809652839     
          88          31  0.976378538801830     
          89          31  0.978676770400670     
          90          32  0.967178612663214     
          91          32  0.964806539725308     
          92          33  0.986806261368563     
          93          33  0.985658112999121     
          94          33  0.982931530624320     
          95          39  0.977156858608366     
          96          39  0.966019087998349     
          97          39  0.967364035234802     
          98          42  0.925102555266855     
          99          46  0.989626596523559     
         100          46  0.981508463748365     
         101          46  0.982733422316524     
         102          47  0.958099589146529     
         103          47  0.972233105933888     
         104          48  0.945165079860534     
         105          50  0.969009608691064     
         106          50  0.964173012262172     
         107          50  0.959569234605060     
         108          51  0.961568156922668     
         109          51  0.943360597513131     
         110          52  0.962291002195020     
         111          52  0.972665278753427     
         112          53  0.952328787095518     
         113          53  0.970070844415827     
         114          54  0.953417697332542     
         115          55  0.984004926813200     
         116          55  0.981461980078332     
         117          55  0.980290112362143     
         118          56  0.966738318967321     
         119          56  0.963141676495936     
         120          57  0.964352138297518     
         121          57  0.973277156824860     
         122          58  0.971280498059199     
         123          58  0.961258869867700     
         124          59  0.955973452958732     
         125          60  0.980933127321204     
         126          60  0.983649639066024     
         127          60  0.980791147725009     
         128          61  0.958358768813619     
         129          61  0.961933510391841     
         130          62  0.967157914602302     
         131          62  0.967057142956385     
         132          63  0.961732239978902     
         133          63  0.957501476987994     
         134          64  0.949698322371306     
         135          65  0.974039014040619     
         136          65  0.981198901195675     
         137          65  0.975738216168031     
         138          66  0.978218314930156     
         139          66  0.979093319889184     
         140          66  0.972651696370672     
