  0.349305515632585     
  2.543205683593897E-004
 -3.510255457429778E-002
 -5.400117724646947E-002
 -4.264150192436666E-002
 -0.154637134623014     
  3.056440449454589E-002
 -1.175554000241164E-003
 -2.596722135577156E-002
  4.223271317288013E-002
 -9.239355746081124E-002
 -3.795100891135750E-002
 -8.083803107427023E-002
  0.203998776447253     
 -0.292498981573693     
 -0.126386742654392     
 -0.217145323442811     
  4.943691777000536E-002
  4.125289568839285E-004
 -4.934241071988854E-002
  9.749430941308201E-003
 -7.456733712355224E-002
  0.158629453112130     
 -0.262337052232185     
 -9.259035938842519E-002
 -0.186727459671325     
  3.922162843088239E-002
 -2.304815424144824E-002
 -3.227901077794204E-002
  4.445058258670231E-002
 -7.180495914640783E-002
 -6.086326499430594E-002
 -0.101715962167456     
 -0.196957646302105     
  1.434682526049835E-002
 -2.265166702467258E-002
 -5.474945456458968E-002
  4.326643370239580E-002
 -6.281121932113454E-002
  0.155096172487150     
 -0.208804502180785     
 -3.764385127217551E-002
  0.210970011397837     
 -0.255400927549084     
 -0.179095773632626     
  2.687499360582990E-004
  5.602466421557084E-002
 -7.465237690104676E-002
  7.002296791678297E-003
 -0.105479147243408     
 -5.300724550530944E-002
 -6.356849709784207E-002
 -7.845573015098140E-002
 -1.820216061344748E-002
 -9.358963252692476E-002
 -6.524776601738491E-002
 -6.948420182047066E-002
 -6.791393603970697E-002
 -3.423479988079592E-002
 -0.106228602847959     
 -7.967163279086531E-002
 -6.962754490431244E-002
 -6.097423883238928E-002
 -1.137649020654941E-002
 -0.108049746259180     
 -0.106957290963645     
  4.418234209172867E-002
  6.473326526054501E-002
  6.415032340275673E-002
  6.436120339172602E-002
  4.505913188721100E-002
  5.081813923288370E-002
  4.120610823536941E-002
  3.457034286055438E-002
  4.357988534301460E-002
  3.722856661531238E-002
  3.378660025281954E-002
  3.908785024649442E-002
  5.199061323834120E-002
  4.880667069382461E-002
  4.737632367125522E-002
  4.442103836923172E-002
  4.871250725796750E-002
  4.518981551825474E-002
  4.099332049220483E-002
  4.127102203166322E-002
  4.659438071066158E-002
  4.613311328745140E-002
  4.053793692658669E-002
  4.598357762356076E-002
  3.197764357882527E-002
  3.298668990766285E-002
  3.754631259297891E-002
  2.538811804965313E-002
  5.839328905029673E-002
  5.233099820870246E-002
  4.285171641455976E-002
  6.133994741786397E-002
  5.364623678200520E-002
  4.224932549733473E-002
  5.191102551167859E-002
  6.633463875149059E-002
  5.164728347021263E-002
  3.512191358115679E-002
  3.566201906573385E-002
  4.274776570440386E-002
  3.791118753573430E-002
  4.171579569450345E-002
  3.483788370984220E-002
  3.589666359831745E-002
  2.655753140641137E-002
  3.366798027775197E-002
  2.226725595451085E-002
  3.171752481520507E-002
  3.583688258011564E-002
  3.385274567624330E-002
  3.365844732769652E-002
  3.923941623291904E-002
  3.327437724602567E-002
  3.539070942910172E-002
  3.260112064976006E-002
  3.442637819350058E-002
  4.068427454341284E-002
  3.828003419768855E-002
  2.792919904582458E-002
  4.235069663800151E-002
  3.977142350297613E-002
  3.190953614582637E-002
  3.355354350809236E-002
  2.755341091203245E-002
  2.328165711999575E-002
  4.032209343859150E-002
  4.028040408587208E-002
  3.682430096171585E-002
  2.808801793208859E-002
  3.613317003272887E-002
  3.258300695021010E-002
  3.341349936788063E-002
  3.101760086330496E-002
  2.588264404917462E-002
