 excitation energies, transition moments and TDA amplitudes
 state    eV      nm       fL        Rv(corr)
    1    2.142   578.9     0.7014     3.5419     0.88( 144-> 145) -0.27( 143-> 148) -0.26( 143-> 147)
    2    2.275   545.1     0.2306     1.0883    -0.87( 143-> 145) -0.29( 144-> 147) -0.23( 144-> 148)
    3    2.771   447.4     0.0069   -19.8464     0.57( 144-> 147) -0.56( 144-> 148)  0.56( 144-> 146)
    4    3.179   390.1     0.0196    63.5724    -0.59( 143-> 147)  0.55( 143-> 148) -0.44( 143-> 146)
    5    3.225   384.4     0.0086   -34.6455     0.88( 142-> 145)  0.22( 143-> 146)  0.19( 144-> 147)
    6    3.595   344.9     0.0146    27.1083    -0.52( 144-> 146)  0.45( 141-> 145) -0.40( 144-> 148)
    7    3.654   339.3     0.0071     1.1251     0.61( 141-> 145)  0.50( 144-> 146) -0.38( 144-> 147)
    8    3.769   328.9     0.0442    -5.7768     0.57( 138-> 145) -0.45( 137-> 145)  0.41( 139-> 145)
    9    3.976   311.8     0.1777   -25.9582    -0.47( 143-> 146)  0.42( 144-> 147)  0.33( 139-> 145)
