           6           1  0.343452779734474     
           7           2   1.51893052479888     
           7           6   1.18146761080988     
           8           7  0.910721135300082     
           9           8  0.980015583402132     
          10           3   1.34696264085118     
          10           6   1.33921998907862     
          10           9  0.907055983448913     
          11           9  0.961259683616296     
          12           8  0.948451636693106     
          13          12  0.982468039792785     
          14          13  0.902427773903979     
          15          14   1.78599659258330     
          16          14   1.14373917107722     
          17           1  0.522545413319578     
          18           3   1.22797612948262     
          18          17   1.21995057434187     
          19          18   1.20144795920383     
          20          19   1.36405062397237     
          21           4   1.20934703433584     
          21          17   1.16772214935792     
          21          20   1.16068988499739     
          22          19  0.992700054855512     
          23          20   1.04758831847994     
          24          23   1.79759196041490     
          25          23  0.964778853417641     
          26           1  0.402114045697316     
          27           4   1.46356254325905     
          27          26   1.22171063047288     
          28          27  0.939099458205245     
          29          28  0.932843079885698     
          30           5   1.43566061328560     
          30          26   1.23616101619038     
          30          29  0.946499177587120     
          31          28  0.970922183173531     
          32          29  0.941247090843547     
          33          32  0.994767123191166     
          34           1  0.470405276784225     
          35           5   1.24724345147408     
          35          34   1.14509734039034     
          36          35   1.16905997690188     
          37          36   1.39828977792766     
          38           2   1.13107538049324     
          38          34   1.30492401480273     
          38          37   1.13568258592570     
          39          36  0.985471667764228     
          40          37   1.06381656411611     
          41          40   1.84986024867717     
          42           2  0.934926742291999     
          42          40  0.826863986354801     
          43          42  0.930274743948302     
          44          43   1.84267069699265     
          45          43   1.02858362929212     
          46          45  0.976994033445515     
          47          16  0.931357646165256     
          48          47  0.985856803331917     
          49          48   1.88710548600949     
          50          49  0.960213727042907     
          51          49   1.00373124564935     
          52          51  0.950074676708440     
          53          52  0.978449865803321     
          54          53  0.964175797107419     
          55          54  0.979458125867906     
          56          54  0.975629345492655     
          57          56  0.973437183003005     
          58          57   1.00116259648268     
          59          58  0.951524567525778     
          60          59  0.986389434606688     
          61          59  0.958200810629945     
          62          61  0.985743524375771     
          63          62  0.994474981904003     
          64          63  0.964759883638013     
          65          64  0.976916061565784     
          66          64   1.01042708377721     
          67           3  0.946479301123385     
          68           4  0.930425648827964     
          69           5  0.932823840152473     
          70           8  0.929072052628852     
          71           9  0.945036740194841     
          72          11  0.978371139455644     
          73          11  0.976425392245540     
          74          11  0.978374142526404     
          75          12  0.965171947874362     
          76          12  0.962922650684795     
          77          13  0.962268552328444     
          78          13  0.952345616342578     
          79          22  0.967802744849005     
          80          22  0.962019946939587     
          81          22  0.974023330886718     
          82          25  0.961535279146495     
          83          25  0.958805770517632     
          84          25  0.971720620545828     
          85          28  0.944161497903928     
          86          29  0.945074651717628     
          87          31  0.977879419314441     
          88          31  0.974516441423437     
          89          31  0.980108563993396     
          90          32  0.964482844772776     
          91          32  0.973881618679731     
          92          33  0.987599491521129     
          93          33  0.981934472665962     
          94          33  0.987274105062284     
          95          39  0.973011684816428     
          96          39  0.964635523006495     
          97          39  0.977090611574102     
          98          42  0.937873373570961     
          99          46  0.981614175626042     
         100          46  0.989249273287624     
         101          46  0.982880247433693     
         102          47  0.958711473814786     
         103          47  0.975855808907753     
         104          48  0.934145430989571     
         105          50  0.974760663274478     
         106          50  0.974236864189590     
         107          50  0.977375732217264     
         108          51  0.957618904572523     
         109          51  0.955882634313760     
         110          52  0.968807332146926     
         111          52  0.972553749415951     
         112          53  0.965578697297279     
         113          53  0.964884151314603     
         114          54  0.953246593018783     
         115          55  0.976684204893451     
         116          55  0.981158825729287     
         117          55  0.979564746691143     
         118          56  0.965714459775053     
         119          56  0.963293899717030     
         120          57  0.958284313526884     
         121          57  0.962254770939904     
         122          58  0.958230025802118     
         123          58  0.960451191263757     
         124          59  0.952016757710905     
         125          60  0.975683975135004     
         126          60  0.977784511001963     
         127          60  0.976474259334388     
         128          61  0.959762524156267     
         129          61  0.962581279876085     
         130          62  0.965348131158301     
         131          62  0.965707094345672     
         132          63  0.964447115199504     
         133          63  0.961263739512251     
         134          64  0.953327767226908     
         135          65  0.978420539480462     
         136          65  0.982364980000196     
         137          65  0.979840725603649     
         138          66  0.975999120158286     
         139          66  0.970204889375037     
         140          66  0.970768356437571     
