  0.296726310920854     
  6.779195048303599E-003
 -5.494836965871652E-002
 -3.509486309084320E-002
 -3.049627420027967E-002
 -0.148447731325671     
  2.694354222299333E-002
 -1.503416376198441E-002
 -2.601843813722837E-002
  3.746443221560458E-002
 -9.256753732983558E-002
 -6.531513769569841E-002
 -5.830306670904850E-002
  0.204705050615835     
 -0.284421027088602     
 -0.136928245407877     
 -0.211292238172875     
  1.312875964352633E-002
 -5.049482147111295E-002
 -5.332530847444072E-002
  2.544973955754681E-002
 -6.802149849206174E-002
  0.145982437849072     
 -0.246866161487389     
 -7.496303594969067E-002
 -0.155352609212061     
  3.554032141216101E-002
 -6.071232462927512E-004
 -2.727185483874894E-002
  4.773192576847229E-002
 -8.437804035817020E-002
 -6.073902314217872E-002
 -0.104555958604000     
 -0.210658441210133     
  4.470299909372466E-002
  1.249577656531731E-002
 -6.546371703527942E-002
  1.487303080196423E-002
 -6.234863989557038E-002
  0.155564179556146     
 -0.219212220318265     
 -2.205047208224009E-002
  0.222813199751355     
 -0.274560789551628     
 -0.174286818107537     
  1.331284431086388E-002
  4.977279129709711E-002
 -7.661032620583530E-002
 -1.885823757384486E-002
 -0.102273972559034     
 -5.047713855095370E-002
 -6.346169601736573E-002
 -7.937268611168058E-002
 -3.026180150126745E-002
 -0.109693618351183     
 -6.897621898523543E-002
 -5.559503794249387E-002
 -0.105265039325729     
 -6.790743610984862E-004
 -9.619133823753767E-002
 -6.749063390608878E-002
 -7.139506238509075E-002
 -6.627871014955922E-002
 -1.709438703491628E-002
 -0.119979952638370     
 -0.108021629473458     
  5.537949522554009E-002
  5.234867616086669E-002
  4.845907035955210E-002
  5.117854694694002E-002
  4.296772865765952E-002
  2.385511753489666E-002
  4.608359604276169E-002
  5.825323027397544E-002
  2.611137909387151E-002
  5.159890956813884E-002
  4.891122813841398E-002
  5.585593231777197E-002
  5.723893231029453E-002
  4.467677421349669E-002
  5.402742830495622E-002
  6.176134643308684E-002
  4.761525210213724E-002
  5.525583807229362E-002
  4.521264720762719E-002
  4.152396965118499E-002
  3.647803799180427E-002
  4.454303931917436E-002
  4.887930036625920E-002
  5.250996355441495E-002
  2.484609608528010E-002
  3.940041071166922E-002
  3.049912921322673E-002
  2.452314648856047E-002
  4.841492249585710E-002
  5.162301319413298E-002
  5.362744284952581E-002
  5.750236441563961E-002
  5.956675938260347E-002
  4.811080757140285E-002
  5.580039725730668E-002
  6.809177656884924E-002
  5.935969270570118E-002
  3.667285327211400E-002
  4.258444417125007E-002
  4.198628932655213E-002
  3.444295634972894E-002
  4.052210219112440E-002
  4.489799793868343E-002
  3.577082269266274E-002
  3.158998076881236E-002
  4.505705723457942E-002
  2.785675959840439E-002
  4.281524577585683E-002
  2.513801312463038E-002
  3.341268527047891E-002
  4.369718625885866E-002
  3.194912230200830E-002
  4.299988690952916E-002
  3.223991925233594E-002
  3.926514750722232E-002
  1.868973669142104E-002
  3.831116932874534E-002
  3.704575742219673E-002
  3.593178565692956E-002
  3.148662812583014E-002
  2.937363795165304E-002
  3.324140008216181E-002
  3.176305709293759E-002
  3.158158854178605E-002
  3.291773742100890E-002
  3.646681012107933E-002
  2.914343148029064E-002
  3.388046447341819E-002
  3.036498786393127E-002
  2.823995134222013E-002
  2.892719341556049E-002
  3.770001446446858E-002
  4.674413000903344E-002
  3.121430051892382E-002
