 excitation energies, transition moments and TDA amplitudes
 state    eV      nm       fL        Rv(corr)
    1    2.119   585.1     0.2844     1.7484     0.62( 140-> 141) -0.59( 139-> 141)  0.32( 139-> 142)
    2    2.187   567.0     0.3456     1.2415    -0.60( 139-> 141) -0.58( 140-> 141)  0.35( 140-> 142)
    3    3.208   386.4     0.0175    -6.8566     0.76( 138-> 141)  0.35( 140-> 142) -0.28( 137-> 141)
    4    3.308   374.8     0.1044    -0.0826     0.52( 138-> 141) -0.48( 140-> 144) -0.47( 140-> 142)
    5    3.363   368.7     0.3360    30.9391     0.72( 139-> 144)  0.57( 139-> 142) -0.23( 140-> 141)
    6    3.653   339.4     0.0312    -8.4141     0.80( 140-> 143)  0.43( 140-> 142) -0.19( 139-> 143)
    7    3.713   333.9     0.0529    -9.4285    -0.63( 137-> 141) -0.58( 140-> 144)  0.29( 136-> 141)
    8    3.850   322.1     0.2438   -24.7564     0.68( 139-> 143)  0.35( 139-> 142)  0.27( 134-> 141)
    9    4.020   308.4     0.3165    -8.2630    -0.52( 139-> 145)  0.45( 140-> 144) -0.37( 137-> 141)
