           6           1  0.353340216225548     
           7           2   1.38031775887014     
           7           6   1.24070159240594     
           8           7  0.924723822972433     
           9           8  0.956098117827458     
          10           3   1.36346887055725     
          10           6   1.28723349141563     
          10           9  0.929152296855490     
          11           9  0.959081109788342     
          12           8  0.957304745367170     
          13          12  0.968717699368507     
          14          13  0.924108360894015     
          15          14   1.80373748619409     
          16          14   1.10763469080012     
          17           1  0.522538798312287     
          18           3   1.27353127242683     
          18          17   1.24146820058740     
          19          18   1.08855720108688     
          20          19   1.47445091830411     
          21           4   1.31314107521121     
          21          17   1.11899953047050     
          21          20   1.13397831175439     
          22          19  0.994711434953557     
          23          20  0.943283827263117     
          24          23   1.82897770543926     
          25          23  0.997082278290549     
          26           1  0.368887965573706     
          27           4   1.35931737836016     
          27          26   1.29233294860954     
          28          27  0.920031204520338     
          29          28  0.969797418449271     
          30           5   1.45555838087921     
          30          26   1.22949893576852     
          30          29  0.920955386812262     
          31          28  0.967795341474788     
          32          29  0.950652198970073     
          33          32  0.988078219259799     
          34           1  0.558279123300022     
          35           5   1.26073137735638     
          35          34   1.14138177421620     
          36          35   1.23545893315199     
          37          36   1.35395025690652     
          38           2   1.23384431718732     
          38          34   1.16538320149121     
          38          37   1.17128079008341     
          39          36  0.991328960878498     
          40          37   1.03746355472849     
          41          40   1.85412418397929     
          42           2  0.954589940637196     
          42          40  0.841646018950030     
          43          42  0.938464775746777     
          44          43   1.80511181820178     
          45          43   1.07617615174727     
          46          45  0.965739389209440     
          47          16  0.948605724623638     
          48          47  0.983304670370834     
          49          48   1.89486721322756     
          50          49  0.989292208781337     
          51          49  0.973472970476499     
          52          51  0.974864089994880     
          53          52  0.960655034217382     
          54          53  0.982358777678682     
          55          54  0.974749370082485     
          56          54  0.964296338347264     
          57          56  0.989759711174383     
          58          57  0.976120892562596     
          59          58  0.950244164911240     
          60          59   1.00318812324256     
          61          59  0.974105278673526     
          62          61  0.978237443568312     
          63          62  0.971734787447853     
          64          63  0.984236547725779     
          65          64  0.975647224006394     
          66          64  0.978734665172267     
          67           3  0.943944122444652     
          68           4  0.931088730335364     
          69           5  0.930650229659303     
          70           8  0.933149424419366     
          71           9  0.942424776312359     
          72          11  0.984089445198544     
          73          11  0.976625337797352     
          74          11  0.970585857110123     
          75          12  0.968141064645908     
          76          12  0.958263087931412     
          77          13  0.962316812559036     
          78          13  0.950144704365381     
          79          22  0.973920080297273     
          80          22  0.962328533633032     
          81          22  0.964138198649461     
          82          25  0.935507028279584     
          83          25  0.961385549780111     
          84          25  0.967403433993572     
          85          28  0.945220825385245     
          86          29  0.938743291619212     
          87          31  0.977267383081591     
          88          31  0.971819791564473     
          89          31  0.976941881835094     
          90          32  0.961701413927308     
          91          32  0.973161364800321     
          92          33  0.981573156045634     
          93          33  0.987523927696842     
          94          33  0.989374335859125     
          95          39  0.976582916746178     
          96          39  0.961710969414796     
          97          39  0.971145061718956     
          98          42  0.926610239252754     
          99          46  0.984758125872516     
         100          46  0.990638190179125     
         101          46  0.981796729993939     
         102          47  0.956078723597871     
         103          47  0.962377565800266     
         104          48  0.942184933454140     
         105          50  0.967131175468386     
         106          50  0.966958100079178     
         107          50  0.972754954398087     
         108          51  0.956901753887465     
         109          51  0.957622540030252     
         110          52  0.968594084848005     
         111          52  0.970522605566333     
         112          53  0.955340686732873     
         113          53  0.966198889024952     
         114          54  0.946594900737558     
         115          55  0.981823970065757     
         116          55  0.979252312419006     
         117          55  0.981003864646379     
         118          56  0.959829936962231     
         119          56  0.956595187981737     
         120          57  0.964722428614543     
         121          57  0.966744590881486     
         122          58  0.968711169772469     
         123          58  0.951828378112787     
         124          59  0.950660285480318     
         125          60  0.972416907064997     
         126          60  0.973084713649811     
         127          60  0.976023681273670     
         128          61  0.961347477142831     
         129          61  0.962175779346872     
         130          62  0.969698728159520     
         131          62  0.973074730972420     
         132          63  0.965943568456808     
         133          63  0.966172552308902     
         134          64  0.960140047092503     
         135          65  0.980944840039518     
         136          65  0.978480286421867     
         137          65  0.977665785113285     
         138          66  0.979387147758959     
         139          66  0.973385866408427     
         140          66  0.983745408645017     
