  0.322609076548585     
 -1.204741672591325E-004
 -5.180049827718758E-002
 -1.305870209926585E-002
 -3.428408064985167E-002
 -0.194338052633572     
  2.191038942527701E-002
 -2.533504892725524E-003
 -3.490717124991249E-002
  6.123007000367053E-002
 -9.248161418757039E-002
 -4.993844183883933E-002
 -3.401242910512003E-002
  0.199426337514814     
 -0.262475542334747     
 -0.177463085351946     
 -0.217413041194308     
  4.379759072109612E-002
 -4.233087614829678E-002
 -4.969966820868787E-002
  4.680551295437718E-002
 -8.113981591973030E-002
  0.102594983855194     
 -0.241439511325885     
 -7.601511148970719E-002
 -0.166627900291512     
  5.073565888007625E-002
 -2.477681871607551E-002
 -3.747440730264806E-002
  6.678605445841557E-002
 -7.999238683281273E-002
 -5.208684092178562E-002
 -8.760085081052971E-002
 -0.224224994042844     
  3.471411802732760E-002
 -2.105333217002769E-002
 -4.194272793211073E-002
  3.067076537752289E-002
 -5.425130953000856E-002
  0.132871087362584     
 -0.246742048226643     
 -5.909957163895463E-002
  0.218706032664143     
 -0.247404897147734     
 -0.143646662154288     
  1.954374973737361E-002
  4.559710347113555E-002
 -8.095980517696066E-002
 -2.803848685881771E-002
 -8.704062767908116E-002
 -6.591992256410251E-002
 -6.744460518434181E-002
 -6.234649144478244E-002
 -3.181013451192172E-002
 -0.110895065014876     
 -7.475748814829686E-002
 -7.082778745689566E-002
 -4.890588275958052E-002
 -1.745416280766499E-002
 -0.111591032673251     
 -6.299042249337550E-002
 -5.575004783548643E-002
 -9.487128365823860E-002
 -4.072572982178713E-002
 -0.109411068180897     
 -9.849252118620733E-002
  6.270569501283563E-002
  5.126535510713981E-002
  5.015896266329700E-002
  5.648255457137852E-002
  4.600126787028502E-002
  3.466239435223917E-002
  4.773572439180529E-002
  3.828493778647368E-002
  4.069183613586913E-002
  4.424939899754388E-002
  4.363327793887151E-002
  4.668215636059203E-002
  4.663944513509921E-002
  4.590565971434346E-002
  5.172214423824117E-002
  5.541580199307439E-002
  4.539595264407514E-002
  5.346683542886221E-002
  4.801813584286885E-002
  4.786855941810120E-002
  4.639921781041900E-002
  3.741247872866993E-002
  4.165402849311961E-002
  3.136360245840497E-002
  3.619918184472071E-002
  3.605160256980677E-002
  3.206593676680292E-002
  3.388974046681692E-002
  5.042140712848686E-002
  5.109964908051745E-002
  5.532008807258704E-002
  5.362866616523609E-002
  5.399741198519514E-002
  5.949519942298609E-002
  5.699801048591591E-002
  7.591988320623078E-002
  5.158486934530992E-002
  3.455764019526675E-002
  4.701508257197462E-002
  4.247022955433621E-002
  4.702444123018235E-002
  4.028485009155502E-002
  4.045233830586192E-002
  3.062909406169412E-002
  3.728067400809987E-002
  3.490644188186043E-002
  3.596972615844718E-002
  3.155931295113035E-002
  3.110117973643656E-002
  3.361739732718150E-002
  1.689339855601790E-002
  3.779129206903609E-002
  2.694565904991275E-002
  2.399950374745941E-002
  3.709183969827634E-002
  4.638847014605418E-002
  4.048515900610927E-002
  4.998292724461162E-002
  3.633643195410463E-002
  2.859830175217482E-002
  2.676705550003022E-002
  4.222545633100483E-002
  3.213637641175104E-002
  3.784776373976373E-002
  3.430836446103780E-002
  3.111197560627499E-002
  2.373278231291354E-002
  3.464983185064530E-002
  3.735199918372434E-002
  2.946106787550473E-002
  2.529656388411905E-002
  3.806821756480627E-002
  3.725956161579180E-002
  4.252492597820934E-002
