 excitation energies, transition moments and TDA amplitudes
 state    eV      nm       fL        Rv(corr)
    1    2.233   555.4     0.6671     9.0318     0.85( 143-> 144) -0.34( 142-> 146)  0.20( 142-> 145)
    2    2.333   531.4     0.2313    -4.3061    -0.85( 142-> 144) -0.35( 143-> 146)  0.19( 143-> 145)
    3    3.146   394.2     0.0048    -7.8193     0.93( 141-> 144)  0.16( 142-> 146)  0.15( 140-> 144)
    4    3.453   359.0     0.0145    -1.7754     0.74( 140-> 144) -0.36( 143-> 145)  0.30( 138-> 144)
    5    3.554   348.9     0.1166    -3.3413    -0.70( 143-> 145)  0.48( 142-> 145) -0.26( 140-> 144)
    6    3.657   339.0     0.0023    -1.3863    -0.68( 138-> 144)  0.50( 137-> 144)  0.30( 140-> 144)
    7    3.731   332.3     0.0842     7.1858     0.68( 143-> 147) -0.67( 143-> 148)  0.16( 143-> 145)
    8    3.796   326.6     0.0888    15.0571     0.70( 142-> 145)  0.44( 143-> 145)  0.23( 140-> 144)
    9    3.935   315.0     0.3244    -6.4048    -0.61( 143-> 146)  0.52( 142-> 147)  0.24( 142-> 144)
