           6           1  0.426910542381563     
           7           2   1.46423290356410     
           7           6   1.13362040850286     
           8           7  0.953402250618937     
           9           8  0.972123075273732     
          10           3   1.38562800356373     
          10           6   1.30894739463608     
          10           9  0.931516448777167     
          11           9  0.958558344963141     
          12           8  0.930789839920498     
          13          12   1.00222978411949     
          14          13  0.941936064433638     
          15          14   1.84105211668281     
          16          14   1.04124541798522     
          17           1  0.520288372673029     
          18           3   1.28365850455279     
          18          17   1.12560304237439     
          19          18   1.24499484307873     
          20          19   1.35693574927795     
          21           4   1.27052172133038     
          21          17   1.20516443691803     
          21          20   1.11418000490365     
          22          19  0.972119708146377     
          23          20   1.00934672666152     
          24          23   1.81264652870924     
          25          23  0.950666589721607     
          26           1  0.340365217653696     
          27           4   1.37930383824251     
          27          26   1.28858095157547     
          28          27  0.926308367814538     
          29          28  0.942446432082889     
          30           5   1.39927740647170     
          30          26   1.25809719467754     
          30          29  0.990330765251291     
          31          28  0.971083844158291     
          32          29  0.922284023495865     
          33          32   1.01218011247473     
          34           1  0.491132381296242     
          35           5   1.28281582116755     
          35          34   1.17801545875886     
          36          35   1.17604500029146     
          37          36   1.30303702863691     
          38           2   1.18109913817479     
          38          34   1.20816229426065     
          38          37   1.19254346283389     
          39          36   1.01910661511227     
          40          37   1.13022923523870     
          41          40   1.77664604858073     
          42           2  0.933484408578903     
          42          40  0.846314981298958     
          43          42  0.888733707837129     
          44          43   1.82112468066754     
          45          43   1.12651593211213     
          46          45  0.949793204122032     
          47          16  0.950195810795748     
          48          47  0.987586278345793     
          49          48   1.85444436345687     
          50          49   1.01098303797880     
          51          49  0.967817914022806     
          52          51  0.960420264823631     
          53          52  0.970381376103493     
          54          53  0.977832231512419     
          55          54   1.00379456579949     
          56          54  0.948177945248913     
          57          56  0.982491437201267     
          58          57  0.989976317638875     
          59          58  0.978750410485073     
          60          59  0.981056695791466     
          61          59  0.955074942626204     
          62          61  0.999011867805646     
          63          62  0.968870497408499     
          64          63  0.970503330911221     
          65          64   1.00061332304455     
          66          64  0.963469790053539     
          67           3  0.930858359650768     
          68           4  0.937104961574439     
          69           5  0.937520119482511     
          70           8  0.934200835032398     
          71           9  0.943890931791878     
          72          11  0.979054117450393     
          73          11  0.972524176278676     
          74          11  0.980746429672021     
          75          12  0.960301503400929     
          76          12  0.953657788267657     
          77          13  0.940301009235525     
          78          13  0.949748237984058     
          79          22  0.973058046307624     
          80          22  0.970821958659905     
          81          22  0.972612675521968     
          82          25  0.972972984767302     
          83          25  0.971537177977756     
          84          25  0.960449122668356     
          85          28  0.944378237749225     
          86          29  0.929799386111806     
          87          31  0.977476029185997     
          88          31  0.977775295697830     
          89          31  0.981883823080900     
          90          32  0.963682666589391     
          91          32  0.963667497733307     
          92          33  0.972304285942398     
          93          33  0.981813920094567     
          94          33  0.979552425970168     
          95          39  0.973378915452642     
          96          39  0.962123087366323     
          97          39  0.958255066005372     
          98          42  0.931330065149981     
          99          46  0.988821296221709     
         100          46  0.978839705865535     
         101          46  0.986535087668180     
         102          47  0.954695912790784     
         103          47  0.967310656636519     
         104          48  0.946692168136877     
         105          50  0.960713104110088     
         106          50  0.964745040237790     
         107          50  0.971896169670876     
         108          51  0.964758514774012     
         109          51  0.962511459143438     
         110          52  0.970350485143990     
         111          52  0.967065562612191     
         112          53  0.961373800331404     
         113          53  0.965599374485529     
         114          54  0.947164248662896     
         115          55  0.971755551773308     
         116          55  0.974515709795037     
         117          55  0.978436824798188     
         118          56  0.961084715716960     
         119          56  0.971266386403659     
         120          57  0.970874104116683     
         121          57  0.957616560353073     
         122          58  0.956395356477593     
         123          58  0.959522998750239     
         124          59  0.947239518095776     
         125          60  0.975027475896570     
         126          60  0.979716042289321     
         127          60  0.981200600164816     
         128          61  0.957637436074463     
         129          61  0.964392002281007     
         130          62  0.970107434322739     
         131          62  0.964239101680375     
         132          63  0.961625017188847     
         133          63  0.967885171977463     
         134          64  0.956669114860153     
         135          65  0.974357498412123     
         136          65  0.980902661729127     
         137          65  0.978074755449318     
         138          66  0.982891753481479     
         139          66  0.985579852155644     
         140          66  0.981478872482927     
