  0.334528774233862     
  4.438523579045395E-003
 -1.902089828834885E-002
 -6.088323365881365E-002
 -3.652003968484241E-002
 -0.138210100075126     
  3.735982524241921E-002
 -3.642757653165418E-002
 -6.816765542502878E-003
  3.470385644869411E-002
 -9.142524670775565E-002
 -6.393097888329979E-002
 -5.230416536205151E-002
  0.209399787725260     
 -0.277909084879413     
 -0.132054613238558     
 -0.218095357805382     
  1.066138727263555E-002
 -1.175474980113833E-003
 -6.346206344246408E-002
  3.297172217446409E-002
 -7.082761749810640E-002
  0.150811214105049     
 -0.294292110773823     
 -7.002952322810696E-002
 -0.194744563357176     
  6.699949428588692E-002
 -2.813808366828230E-002
 -3.730380228002161E-002
  3.922155730177179E-002
 -8.761277574744586E-002
 -4.704034004015067E-002
 -0.102814046317957     
 -0.228676522437143     
  3.494061986947061E-002
 -5.302879506505320E-003
 -7.573186618631667E-002
  3.982447210320084E-002
 -7.004980237463876E-002
  0.150465251750746     
 -0.218971329936005     
 -3.453735983815065E-002
  0.243919035889601     
 -0.301539452351389     
 -0.132362940894363     
  2.393154782923546E-002
  6.006921965730561E-002
 -6.820787225396074E-002
 -8.920365081204196E-003
 -0.116037879659976     
 -6.598674011114181E-002
 -4.950090821180630E-002
 -5.730855740857965E-002
 -2.664373619877747E-002
 -0.115286279395016     
 -7.619267812676789E-002
 -6.962659421776873E-002
 -8.564551520319164E-002
 -1.306587958185812E-002
 -9.402808453278233E-002
 -7.155556930568530E-002
 -7.542821512126174E-002
 -8.111499411634338E-002
 -1.410095922501409E-002
 -0.107035613166841     
 -0.117283375719834     
  5.805893026902909E-002
  5.511124127761313E-002
  6.358627659656668E-002
  4.221047540966150E-002
  5.629941036719199E-002
  2.944094908706718E-002
  4.134919560301098E-002
  5.123955848441852E-002
  2.359520958583683E-002
  4.118466303506962E-002
  4.165281307606294E-002
  3.805590764846467E-002
  5.243420183494252E-002
  3.868068133431402E-002
  5.769741954157348E-002
  5.338510422740717E-002
  5.898517809451020E-002
  5.418613584610543E-002
  4.529926654378369E-002
  5.169491308017793E-002
  3.534829107692805E-002
  3.807013893615641E-002
  4.185636278897598E-002
  4.721279346035290E-002
  3.682995278598111E-002
  3.576207789147778E-002
  3.615769546225711E-002
  2.915057575798274E-002
  4.847564625430023E-002
  4.076917683757086E-002
  4.982099121267169E-002
  6.052778155939276E-002
  5.755504773583653E-002
  4.588874140190302E-002
  5.335294720887285E-002
  4.465899611900437E-002
  7.072549713143672E-002
  2.314825658470754E-002
  3.786150867328164E-002
  4.250485430346829E-002
  3.901513268588619E-002
  3.977304741438714E-002
  4.139056865459956E-002
  3.597526992638134E-002
  3.999982962748427E-002
  4.289200816199534E-002
  3.412107143372778E-002
  4.088521832909975E-002
  3.819896837290138E-002
  3.555632493295147E-002
  2.308738855325654E-002
  3.086097393401888E-002
  3.643963944150408E-002
  3.253877086509149E-002
  3.363269911478273E-002
  3.993082548630511E-002
  3.469908580836267E-002
  4.746811618947222E-002
  4.163401681532919E-002
  4.364009850938999E-002
  2.176392309808184E-002
  3.740068040058653E-002
  3.276393132352096E-002
  2.100041201305547E-002
  3.941700120853409E-002
  2.730695905005565E-002
  4.092683704884470E-002
  3.887480637656737E-002
  3.499671586061592E-002
  4.363240601671159E-002
  2.839622779673578E-002
  2.978702620364648E-002
  2.643271337572284E-002
  3.267058453011851E-002
