 excitation energies, transition moments and TDA amplitudes
 state    eV      nm       fL        Rv(corr)
    1    2.219   558.7     0.5467    -6.6728     0.76( 144-> 145) -0.45( 143-> 145)  0.32( 143-> 147)
    2    2.378   521.4     0.3670    -2.5238     0.74( 143-> 145)  0.44( 144-> 145) -0.30( 144-> 147)
    3    3.210   386.2     0.0135     0.3983     0.94( 142-> 145) -0.16( 144-> 148) -0.13( 141-> 145)
    4    3.287   377.2     0.0275    -3.3330     0.75( 144-> 148)  0.53( 144-> 146) -0.26( 144-> 147)
    5    3.498   354.4     0.0561    -0.0160     0.62( 141-> 145)  0.49( 143-> 148)  0.37( 143-> 146)
    6    3.559   348.4     0.0283    -6.0226     0.66( 143-> 148) -0.52( 141-> 145)  0.33( 143-> 146)
    7    3.718   333.5     0.0410    -7.9932    -0.67( 140-> 145) -0.59( 138-> 145) -0.32( 141-> 145)
    8    3.932   315.3     0.0372    12.6825    -0.42( 137-> 145) -0.36( 143-> 146) -0.33( 143-> 147)
    9    3.983   311.3     0.0258   -20.1336     0.41( 136-> 145) -0.39( 144-> 146) -0.31( 137-> 145)
