           6           1  0.367852792307407     
           7           2   1.39746240925968     
           7           6   1.29575457261252     
           8           7  0.907070236932623     
           9           8  0.951730823441971     
          10           3   1.47086894012494     
          10           6   1.19369953224120     
          10           9  0.941269052936420     
          11           9  0.970326496914930     
          12           8  0.940501700135629     
          13          12  0.995190508889415     
          14          13  0.899364905300836     
          15          14   1.81143694760736     
          16          14   1.12631723705703     
          17           1  0.547469556737016     
          18           3   1.23955885656896     
          18          17   1.14318986025208     
          19          18   1.19521683829399     
          20          19   1.40882274794393     
          21           4   1.27870691282700     
          21          17   1.19908970861693     
          21          20   1.11543163285663     
          22          19  0.998261262025060     
          23          20   1.02288325407213     
          24          23   1.73482917254861     
          25          23   1.04228265965601     
          26           1  0.378504902177736     
          27           4   1.38230488418134     
          27          26   1.31852268040260     
          28          27  0.918852290788055     
          29          28  0.946146175865134     
          30           5   1.45377002250426     
          30          26   1.20109519717227     
          30          29  0.920338895657216     
          31          28  0.991171968777690     
          32          29  0.958681007813450     
          33          32  0.994152292597913     
          34           1  0.482140213019216     
          35           5   1.25106346699792     
          35          34   1.10882711709527     
          36          35   1.26066710202528     
          37          36   1.35727234436890     
          38           2   1.21580709838809     
          38          34   1.27666916175321     
          38          37   1.13720642270947     
          39          36  0.987605132811864     
          40          37   1.03318314361379     
          41          40   1.85017129399896     
          42           2  0.921074081931189     
          42          40  0.855798959816360     
          43          42  0.958567346617812     
          44          43   1.76071582409137     
          45          43   1.12795631475973     
          46          45  0.962930373674187     
          47          16  0.939167934297026     
          48          47  0.982986533614331     
          49          48   1.91763934399953     
          50          49  0.969441324944967     
          51          49  0.934828644392007     
          52          51  0.962238727898468     
          53          52   1.00776907773148     
          54          53  0.958333983971127     
          55          54  0.989901315557868     
          56          54  0.966579127849953     
          57          56  0.977724360614990     
          58          57  0.973594621024187     
          59          58  0.958562696215272     
          60          59   1.00092920435135     
          61          59  0.960900515269515     
          62          61  0.987182357141742     
          63          62  0.978892451728720     
          64          63  0.978646048690373     
          65          64  0.968686120982412     
          66          64  0.990514830954254     
          67           3  0.932025976494275     
          68           4  0.934511525997544     
          69           5  0.934534496145500     
          70           8  0.943475676797851     
          71           9  0.938327498545044     
          72          11  0.977183361227828     
          73          11  0.976606318651768     
          74          11  0.971150742505525     
          75          12  0.962485915334984     
          76          12  0.955346331805101     
          77          13  0.954126492594176     
          78          13  0.962982704279266     
          79          22  0.959552034459372     
          80          22  0.969590379608011     
          81          22  0.966685675892998     
          82          25  0.945816727886043     
          83          25  0.935331558106555     
          84          25  0.960480227568237     
          85          28  0.935768368689595     
          86          29  0.934185481241287     
          87          31  0.975574853710081     
          88          31  0.974341259137965     
          89          31  0.979309637603847     
          90          32  0.965533776200916     
          91          32  0.967969346893144     
          92          33  0.983254503234332     
          93          33  0.978787133857545     
          94          33  0.983316917550268     
          95          39  0.967734388474450     
          96          39  0.970832717188136     
          97          39  0.978149861776989     
          98          42  0.926254617903088     
          99          46  0.987696755709433     
         100          46  0.985657114873372     
         101          46  0.985053970439388     
         102          47  0.970725215095597     
         103          47  0.955054871312571     
         104          48  0.933655446050057     
         105          50  0.967112344574936     
         106          50  0.975560288850203     
         107          50  0.969935260435914     
         108          51  0.962173289295709     
         109          51  0.962417521009135     
         110          52  0.961384538841453     
         111          52  0.962946568002276     
         112          53  0.953529043857364     
         113          53  0.960409884830853     
         114          54  0.950728511204284     
         115          55  0.977932141535956     
         116          55  0.974405609833587     
         117          55  0.974970056721237     
         118          56  0.961640291959809     
         119          56  0.965180830431171     
         120          57  0.972597506217958     
         121          57  0.970448165174563     
         122          58  0.961829875445832     
         123          58  0.963332821636907     
         124          59  0.949913618394338     
         125          60  0.974026985569534     
         126          60  0.972399985958832     
         127          60  0.981757575340965     
         128          61  0.960370401772953     
         129          61  0.961873438357917     
         130          62  0.965661017623055     
         131          62  0.963730533487787     
         132          63  0.965736433595026     
         133          63  0.955648519786617     
         134          64  0.953790207660985     
         135          65  0.981676176626528     
         136          65  0.975497741983336     
         137          65  0.979105052801359     
         138          66  0.979580646025727     
         139          66  0.974195638764401     
         140          66  0.973118900785410     
