  0.290571004203260     
  2.004857379121905E-002
 -4.157311704645483E-002
 -1.695055100653775E-002
 -2.035101620023205E-002
 -0.157612518823768     
  5.310233874923798E-002
 -1.583790036249866E-002
 -2.032481389367380E-002
  2.096152874613733E-002
 -9.305885168097205E-002
 -6.152066821808155E-002
 -6.018560497017855E-002
  0.202101099066722     
 -0.253347200167729     
 -0.163834616801245     
 -0.233650396233981     
  3.430264044782705E-002
 -4.506877044330793E-002
 -6.157313982008628E-002
  2.582611366679810E-002
 -8.825806654237844E-002
  0.149342159765613     
 -0.236850922172578     
 -8.664585479110087E-002
 -0.153333409736087     
  3.142374887877297E-002
 -7.866908177051712E-003
 -1.862286068451890E-002
  5.972320017177468E-002
 -0.100716131987577     
 -5.148455236698357E-002
 -0.100566941183350     
 -0.219270987826188     
  4.895517655298276E-002
  1.748056401588816E-003
 -6.094402063332538E-002
  4.749361288509490E-002
 -5.718820721948337E-002
  0.155009703593262     
 -0.219396501281126     
 -4.569133271789916E-002
  0.213044917911315     
 -0.307603110801439     
 -0.138605245667984     
  2.014380525107784E-002
  3.605918326670299E-002
 -6.784512290681732E-002
 -1.858593447021306E-002
 -8.853615841406270E-002
 -7.449195393756369E-002
 -6.978284186296602E-002
 -6.056766697698901E-002
 -1.847833238921925E-002
 -0.108413542200339     
 -6.606978761943161E-002
 -6.889106847287163E-002
 -7.777510790909492E-002
 -1.939915280579818E-002
 -0.108997373413843     
 -7.372783391320414E-002
 -7.700520845659398E-002
 -7.270857589146562E-002
 -9.703594065529231E-003
 -9.224999191779126E-002
 -0.115871251889606     
  5.828360675084887E-002
  6.332885521573051E-002
  5.502175694664480E-002
  5.353190958747067E-002
  5.302499301681241E-002
  3.651531326785096E-002
  3.803680870097914E-002
  3.877201744215697E-002
  3.721953732311378E-002
  4.574147989846233E-002
  3.891281480687869E-002
  4.606987811920960E-002
  5.257293805719954E-002
  4.378189694484824E-002
  5.213551070978595E-002
  5.305875263804816E-002
  4.781389760160093E-002
  4.111435151756493E-002
  5.077394713786887E-002
  4.165535894021810E-002
  2.674034280615545E-002
  3.912084825929563E-002
  4.122249332817240E-002
  3.372724668396776E-002
  3.849175834846663E-002
  3.282179524381124E-002
  3.716912521512850E-002
  2.608006247575823E-002
  4.521086310314493E-002
  5.541771363818371E-002
  5.579365888121401E-002
  5.684088419581834E-002
  5.064116791617912E-002
  6.332446783298262E-002
  4.280759715829074E-002
  6.058403997632689E-002
  5.750132576672917E-002
  4.215390588123269E-002
  4.428999121766630E-002
  4.791858837182139E-002
  4.020436489431567E-002
  4.075077379628156E-002
  3.930699949276695E-002
  3.033010245404377E-002
  3.882232295870591E-002
  3.395567911905928E-002
  3.760881428285878E-002
  3.104130991737875E-002
  3.453431966296039E-002
  2.533217762369910E-002
  3.258539303835017E-002
  3.111965487349910E-002
  4.222604452610479E-002
  2.890092115072318E-002
  4.352342107039175E-002
  3.856903848350568E-002
  3.090129463918834E-002
  4.175767547155207E-002
  3.829828128696300E-002
  3.332846098810938E-002
  2.940960578944607E-002
  3.452201150124168E-002
  3.271490474458982E-002
  2.368091473909362E-002
  3.393846676247425E-002
  3.159918938222173E-002
  3.117217773616732E-002
  3.422095449981533E-002
  3.118102746703955E-002
  4.021337340942932E-002
  4.008532274061560E-002
  3.214817048799545E-002
  3.712179557443440E-002
  2.684939013321874E-002
