 excitation energies, transition moments and TDA amplitudes
 state    eV      nm       fL        Rv(corr)
    1    2.234   555.0     0.5612    -6.0037     0.81( 143-> 144) -0.42( 142-> 146) -0.31( 142-> 144)
    2    2.285   542.7     0.1627    -1.4106     0.77( 142-> 144)  0.42( 143-> 146)  0.31( 143-> 144)
    3    3.043   407.4     0.0146     3.3336     0.92( 141-> 144) -0.20( 143-> 146) -0.14( 142-> 144)
    4    3.459   358.5     0.0240    -0.9468     0.69( 140-> 144)  0.49( 143-> 146) -0.34( 139-> 144)
    5    3.720   333.3     0.0465   -20.3599     0.95( 143-> 145) -0.10( 141-> 146)  0.09( 135-> 147)
    6    3.843   322.6     0.4294    19.1243     0.54( 143-> 146) -0.37( 140-> 144) -0.34( 142-> 144)
    7    3.931   315.4     0.0356    18.4162     0.87( 142-> 145) -0.18( 143-> 148)  0.18( 141-> 147)
    8    4.037   307.1     1.0803   -36.6611     0.53( 143-> 147) -0.49( 142-> 146) -0.29( 135-> 144)
    9    4.141   299.4     0.1449    37.9636    -0.42( 135-> 144) -0.39( 136-> 144)  0.37( 139-> 144)
