           6           1  0.382211625960756     
           7           2   1.32882565270602     
           7           6   1.28264526279417     
           8           7  0.952601189945143     
           9           8  0.942405458772249     
          10           3   1.34753869725273     
          10           6   1.23645047560622     
          10           9  0.956941358091557     
          11           9  0.953507130473713     
          12           8  0.923781728646798     
          13          12  0.985772442109675     
          14          13  0.882117394297191     
          15          14   1.86552386591466     
          16          14   1.07588374737682     
          17           1  0.600573433347159     
          18           3   1.33680940367451     
          18          17   1.10776623546899     
          19          18   1.20861503637350     
          20          19   1.39479445387859     
          21           4   1.33039482455669     
          21          17   1.15781792973482     
          21          20   1.08991187885316     
          22          19  0.970672520980730     
          23          20   1.00702712284482     
          24          23   1.81211542540041     
          25          23  0.974744825976154     
          26           1  0.415039554640090     
          27           4   1.39337875508777     
          27          26   1.22227901121051     
          28          27  0.943699867518159     
          29          28  0.960469847188561     
          30           5   1.43698737186896     
          30          26   1.24908056702325     
          30          29  0.934315576286245     
          31          28  0.951751141448955     
          32          29  0.935654753256753     
          33          32   1.00386500847472     
          34           1  0.431752226967416     
          35           5   1.28085147135183     
          35          34   1.16853939667215     
          36          35   1.17616505315567     
          37          36   1.38598038523839     
          38           2   1.26669019633787     
          38          34   1.22152314541145     
          38          37   1.13826244072440     
          39          36  0.979295649017135     
          40          37   1.07162528740327     
          41          40   1.85336551171228     
          42           2  0.962345343115059     
          42          40  0.793183299203679     
          43          42  0.960090258279782     
          44          43   1.74090781733826     
          45          43   1.12019947213509     
          46          45  0.964465457254650     
          47          16  0.925743842828618     
          48          47  0.995906636710145     
          49          48   1.88487262759410     
          50          49  0.971666749606436     
          51          49  0.977690964545761     
          52          51  0.954855659330151     
          53          52  0.974247309842250     
          54          53  0.974683194652175     
          55          54  0.994093854376816     
          56          54  0.965338334486919     
          57          56  0.984046045328155     
          58          57  0.962727392950973     
          59          58  0.985171134780490     
          60          59  0.965350060435418     
          61          59  0.972802129145559     
          62          61  0.983669123343205     
          63          62  0.978459413294841     
          64          63  0.965567372445461     
          65          64   1.00906969109216     
          66          64  0.970206749651300     
          67           3  0.931172286933524     
          68           4  0.924456736322822     
          69           5  0.934191468116592     
          70           8  0.940419421968249     
          71           9  0.942130835887331     
          72          11  0.975573350246132     
          73          11  0.980871188726456     
          74          11  0.976775281104133     
          75          12  0.965673193737595     
          76          12  0.962334062983419     
          77          13  0.967365021721859     
          78          13  0.957214671625835     
          79          22  0.967196513159794     
          80          22  0.971167115637638     
          81          22  0.972572860439931     
          82          25  0.959380362818891     
          83          25  0.956789763524132     
          84          25  0.971645480148551     
          85          28  0.943839803452700     
          86          29  0.942163250316912     
          87          31  0.979796491746085     
          88          31  0.979421652356772     
          89          31  0.973831893486559     
          90          32  0.970190883528539     
          91          32  0.965313808438229     
          92          33  0.982903466505731     
          93          33  0.981135655931489     
          94          33  0.977928718527119     
          95          39  0.978691591453264     
          96          39  0.976967080192836     
          97          39  0.967622856107732     
          98          42  0.925883086596363     
          99          46  0.984387221540248     
         100          46  0.977228647039181     
         101          46  0.990297687363128     
         102          47  0.964328996160601     
         103          47  0.965498894890698     
         104          48  0.931055981624916     
         105          50  0.976834472308609     
         106          50  0.972206518730650     
         107          50  0.980056374284373     
         108          51  0.958015653885345     
         109          51  0.959029986861519     
         110          52  0.972295766639008     
         111          52  0.968430109992122     
         112          53  0.962923304171222     
         113          53  0.964109869302225     
         114          54  0.950455961237041     
         115          55  0.977942781432088     
         116          55  0.977949355016485     
         117          55  0.974484402686500     
         118          56  0.961696240195616     
         119          56  0.962655134385334     
         120          57  0.975148440304148     
         121          57  0.961939125390610     
         122          58  0.956855147490358     
         123          58  0.963225189463937     
         124          59  0.945920925598520     
         125          60  0.976614281438545     
         126          60  0.982114990206636     
         127          60  0.978034095374744     
         128          61  0.956451645931799     
         129          61  0.961872337167265     
         130          62  0.970471426449865     
         131          62  0.959270649404496     
         132          63  0.961534384867488     
         133          63  0.962704341482762     
         134          64  0.955056950732332     
         135          65  0.976026206953244     
         136          65  0.970795771737485     
         137          65  0.972924633724577     
         138          66  0.981832462455482     
         139          66  0.978413717477355     
         140          66  0.985397728332716     
