  0.313695802840700     
  1.227139948211997E-002
 -3.572883894186241E-002
 -3.388371650652644E-002
 -2.236615211724136E-002
 -0.149478776575266     
  2.319753669156643E-002
 -1.304298586502117E-002
 -1.494977067203251E-002
  3.405729211835684E-003
 -8.531944745477560E-002
 -4.612956480417196E-002
 -4.775566573613244E-002
  0.192942474817921     
 -0.298234502014122     
 -0.135649455898839     
 -0.210744220965717     
  6.291459408758637E-003
 -6.372036372993506E-002
 -7.503502974241361E-002
  3.203956524498075E-002
 -7.196388693574107E-002
  0.156509827475523     
 -0.245449536341907     
 -9.021425700522467E-002
 -0.162551465153259     
  2.835496380180791E-002
  1.830415781387984E-002
 -1.628229133021275E-002
  3.666187044377445E-002
 -8.976522267649223E-002
 -7.873695995564667E-002
 -9.092361042497821E-002
 -0.206253231064989     
  2.718638339773083E-002
  7.361358534670348E-003
 -2.990565670680390E-002
  3.429503455275507E-002
 -6.165651512492953E-002
  0.106894242249465     
 -0.248266035807055     
 -3.520205110749686E-002
  0.215770173572364     
 -0.267173669779623     
 -0.135747558863899     
  1.317263655605005E-002
  6.495285231080539E-002
 -7.120091770221304E-002
 -6.243300761157755E-003
 -9.801387532517403E-002
 -6.315644572616286E-002
 -6.161428786494660E-002
 -7.138927783900861E-002
 -2.034953917668414E-002
 -0.101357619355316     
 -5.968657512897924E-002
 -6.563427544261646E-002
 -9.424072568920394E-002
 -1.136467255249851E-002
 -0.107391439225921     
 -5.892445637592303E-002
 -7.618098555760078E-002
 -8.014575475762431E-002
 -2.484284401018044E-002
 -0.105335526542587     
 -0.112334299484719     
  5.953608378498532E-002
  5.324443511609722E-002
  5.161792391482478E-002
  5.711699427063432E-002
  4.456008511921172E-002
  3.933604785932832E-002
  3.890664851759806E-002
  4.240844757337070E-002
  3.337073617370689E-002
  4.594015754903114E-002
  4.086759789921546E-002
  5.753217274954192E-002
  5.802053810204078E-002
  4.821653061188103E-002
  5.150493672900813E-002
  5.513496821135810E-002
  4.627732556354025E-002
  4.998339656746165E-002
  6.428834865748501E-002
  5.598313681524358E-002
  4.671022474935571E-002
  2.818008786417514E-002
  5.218078796720782E-002
  3.181403379626013E-002
  2.519438078993375E-002
  4.114773068243682E-002
  4.335625716768809E-002
  3.380772324991843E-002
  5.134009631701586E-002
  4.764768228674643E-002
  5.053354932198095E-002
  5.936874076128607E-002
  4.723603194341297E-002
  6.227951674153720E-002
  4.926817304299635E-002
  5.961165768108656E-002
  5.712641757747516E-002
  3.807891805365449E-002
  3.352135472483919E-002
  3.688950516176859E-002
  4.711162048048745E-002
  3.669118792540305E-002
  4.327690509755688E-002
  3.315364937386345E-002
  2.515518659417371E-002
  3.440876002887838E-002
  2.617301785096915E-002
  3.124726475294504E-002
  3.446474577664538E-002
  3.182616900020063E-002
  1.894804705237341E-002
  4.319321565323553E-002
  3.395981194526532E-002
  2.919364850832173E-002
  4.108729781523623E-002
  2.805387373377399E-002
  2.999086907257664E-002
  4.735711243009277E-002
  3.329894846246051E-002
  3.481274476887675E-002
  3.210646916326898E-002
  4.411607263794082E-002
  2.948466189884213E-002
  4.152446463491433E-002
  2.977559076018321E-002
  3.943911607794159E-002
  2.989256515250283E-002
  3.953840712877998E-002
  3.884157360207352E-002
  3.136653706157277E-002
  3.110303601773334E-002
  2.895314257334014E-002
  3.720131795772197E-002
  3.234337675759935E-002
