 excitation energies, transition moments and TDA amplitudes
 state    eV      nm       fL        Rv(corr)
    1    2.202   562.9     0.5751   -18.7858     0.78( 143-> 144) -0.41( 142-> 144)  0.36( 142-> 146)
    2    2.315   535.5     0.3344     4.0007    -0.76( 142-> 144) -0.40( 143-> 144)  0.37( 143-> 146)
    3    3.161   392.3     0.0053    -8.9446    -0.94( 141-> 144)  0.19( 142-> 145) -0.12( 141-> 145)
    4    3.450   359.4     0.0358     8.6825    -0.64( 143-> 145) -0.53( 143-> 146)  0.29( 142-> 145)
    5    3.554   348.9     0.0764     7.7594    -0.62( 140-> 144)  0.57( 143-> 145) -0.27( 143-> 146)
    6    3.685   336.5     0.0894     5.1835    -0.77( 143-> 147)  0.54( 143-> 148) -0.24( 143-> 145)
    7    3.789   327.2     0.1599    -0.3256    -0.66( 142-> 145) -0.39( 140-> 144)  0.34( 139-> 144)
    8    3.841   322.8     0.0089     0.8205     0.55( 136-> 144)  0.49( 137-> 144)  0.47( 139-> 144)
    9    3.988   310.9     0.2598   -26.6165     0.45( 142-> 148) -0.42( 142-> 147)  0.35( 143-> 146)
