           6           1  0.418643120378176     
           7           2   1.43333081435463     
           7           6   1.23891325160111     
           8           7  0.908947218758105     
           9           8  0.936970785420572     
          10           3   1.43898436282803     
          10           6   1.19408601137908     
          10           9  0.941441561399163     
          11           9  0.969988187896144     
          12           8  0.972445348311236     
          13          12  0.956279911253650     
          14          13  0.940794435395522     
          15          14   1.78432252291246     
          16          14   1.11789000018373     
          17           1  0.480104051834187     
          18           3   1.27531350282502     
          18          17   1.17061164290878     
          19          18   1.15069424357410     
          20          19   1.44293349014079     
          21           4   1.28492202071326     
          21          17   1.23001212791018     
          21          20   1.07454929802334     
          22          19  0.978261082764372     
          23          20   1.02885832365368     
          24          23   1.83045369130987     
          25          23  0.935893512303145     
          26           1  0.397382507768049     
          27           4   1.42968920884767     
          27          26   1.22565104469030     
          28          27  0.929442030823917     
          29          28  0.953793867856342     
          30           5   1.38013145196486     
          30          26   1.26968045336351     
          30          29  0.914196668431276     
          31          28  0.987170592876343     
          32          29  0.962815920152950     
          33          32  0.985235512210194     
          34           1  0.510501170905816     
          35           5   1.32096592549961     
          35          34   1.10323100222603     
          36          35   1.17972637761021     
          37          36   1.31801040303104     
          38           2   1.17008977650905     
          38          34   1.24299467048051     
          38          37   1.17474084034843     
          39          36  0.988565442788414     
          40          37   1.12853015196843     
          41          40   1.75775569170757     
          42           2  0.948757503389280     
          42          40  0.843113348979476     
          43          42  0.916691731399630     
          44          43   1.80246985582985     
          45          43   1.10451440385446     
          46          45  0.969611655456214     
          47          16  0.952606901868054     
          48          47  0.999340050721919     
          49          48   1.88965125995061     
          50          49  0.982232130659177     
          51          49  0.981580768831525     
          52          51  0.958086451567528     
          53          52  0.996643209411692     
          54          53  0.966072843521470     
          55          54  0.999247754622654     
          56          54  0.969960274222826     
          57          56  0.988796390380092     
          58          57  0.983431112922345     
          59          58  0.968587114955497     
          60          59  0.976675846136944     
          61          59  0.971853252390740     
          62          61  0.972583249933830     
          63          62  0.985826575202448     
          64          63  0.965153918589363     
          65          64  0.993266443658569     
          66          64  0.987171938265088     
          67           3  0.933580095317435     
          68           4  0.929190761684587     
          69           5  0.935487525949778     
          70           8  0.941725230644357     
          71           9  0.943144376868867     
          72          11  0.972705195519276     
          73          11  0.979083017744436     
          74          11  0.978797016204859     
          75          12  0.966792367048800     
          76          12  0.959183935148585     
          77          13  0.969037757960262     
          78          13  0.956600404023845     
          79          22  0.968446664415253     
          80          22  0.977495352290943     
          81          22  0.968832395245806     
          82          25  0.963306427016361     
          83          25  0.970857665363437     
          84          25  0.974559558619836     
          85          28  0.932267005595515     
          86          29  0.934191042269825     
          87          31  0.969478723597926     
          88          31  0.975885812457046     
          89          31  0.967021262378068     
          90          32  0.964250215207689     
          91          32  0.963595331012295     
          92          33  0.986613615208472     
          93          33  0.982094286345574     
          94          33  0.982899816902244     
          95          39  0.970788946907327     
          96          39  0.976863332463731     
          97          39  0.965379306840604     
          98          42  0.928838936158263     
          99          46  0.983415109672757     
         100          46  0.979935198072472     
         101          46  0.986273522640470     
         102          47  0.953977719850077     
         103          47  0.955874658912644     
         104          48  0.936063984144058     
         105          50  0.972819030829279     
         106          50  0.977750231896397     
         107          50  0.965435168468910     
         108          51  0.954966137803739     
         109          51  0.960535894729242     
         110          52  0.968305322195276     
         111          52  0.968398360712292     
         112          53  0.960481279155164     
         113          53  0.964486476599055     
         114          54  0.946432014709284     
         115          55  0.974483785454234     
         116          55  0.972946835779129     
         117          55  0.981577765275126     
         118          56  0.955945703549564     
         119          56  0.962885947466851     
         120          57  0.965285894278143     
         121          57  0.964359405670168     
         122          58  0.966756283689300     
         123          58  0.960149492864387     
         124          59  0.951860318150381     
         125          60  0.976153612790449     
         126          60  0.978717355697138     
         127          60  0.979964015930620     
         128          61  0.960078491795444     
         129          61  0.970964878408983     
         130          62  0.962972708960583     
         131          62  0.967304794448395     
         132          63  0.958625281583859     
         133          63  0.963527897470564     
         134          64  0.953444318084385     
         135          65  0.973773412100467     
         136          65  0.980751025047939     
         137          65  0.977791077726150     
         138          66  0.981942633265106     
         139          66  0.978376356390188     
         140          66  0.977234905460134     
