  0.342524423442846     
  1.743027290098009E-003
 -2.476129259857540E-002
 -3.652813636028007E-002
 -2.529828863229255E-002
 -0.153895888574364     
  2.180000285295769E-002
 -1.093213215283750E-002
 -1.814222160484835E-002
  3.078274075544885E-002
 -8.153486479297278E-002
 -6.136770640477796E-002
 -5.089055421010080E-002
  0.202026308230077     
 -0.252101752475405     
 -0.149497040896166     
 -0.218144051115844     
  3.256974960358816E-002
 -2.532839972727174E-002
 -5.685208133072805E-002
  2.910768980936629E-002
 -7.393187615994901E-002
  0.135145592337300     
 -0.241802565989039     
 -0.109603329769179     
 -0.163740824818002     
  1.984904717475855E-002
 -1.379469169942826E-002
 -4.701847562921824E-002
  4.824286159898605E-002
 -0.103165781479307     
 -6.222310478909954E-002
 -8.744312364480233E-002
 -0.226905510756561     
  3.189677559260717E-002
  6.910468792744595E-003
 -7.301887988157496E-002
  3.193078521144743E-002
 -6.814592924886398E-002
  0.174879484593495     
 -0.223448975273040     
 -1.771906940756285E-002
  0.223344167201166     
 -0.273855890947149     
 -0.159199680757595     
  9.440592971134087E-003
  5.672434340308374E-002
 -9.328025669056217E-002
 -3.455127927723289E-002
 -9.633196809494571E-002
 -4.699015477901902E-002
 -6.010157500331648E-002
 -7.400247969230112E-002
 -2.994811073623627E-002
 -0.106500564713640     
 -8.213348112199714E-002
 -6.877518378647629E-002
 -7.741816399380319E-002
 -2.899955332217630E-002
 -0.101595039810501     
 -8.350478152664387E-002
 -4.406099570238720E-002
 -5.201405589347097E-002
 -1.895353617846229E-002
 -0.112776118661103     
 -0.110079746986703     
  5.859174347820184E-002
  7.015745987070676E-002
  5.924931605537853E-002
  5.585499626874169E-002
  5.119450852133933E-002
  4.036977776881823E-002
  4.531505837661320E-002
  3.638318014735009E-002
  3.430575821101234E-002
  3.658853996360334E-002
  6.036788593054654E-002
  4.104770171081318E-002
  5.261519049094276E-002
  4.920188253168778E-002
  4.756885736080951E-002
  4.111454481024657E-002
  4.053427210756655E-002
  4.770112987856368E-002
  5.800561200237142E-002
  4.813182925527171E-002
  3.083940790666406E-002
  3.561870268619882E-002
  4.403231214800807E-002
  3.807344371893517E-002
  3.819629919558065E-002
  3.586672483071252E-002
  3.698868640034070E-002
  4.069881776728890E-002
  4.851394581398039E-002
  4.898559753328557E-002
  4.564715145583420E-002
  6.867967067527903E-002
  3.926682234857370E-002
  5.068700922898894E-002
  4.884739872694732E-002
  4.540528279009293E-002
  7.945921754282337E-002
  1.631350513977936E-002
  3.462684075802369E-002
  3.972431896612183E-002
  4.648858369550213E-002
  4.201501597620716E-002
  4.206580888226719E-002
  2.725907269316452E-002
  3.995379829558321E-002
  3.989985795527817E-002
  3.149278841124259E-002
  3.797373766269263E-002
  3.941529310465752E-002
  4.367789118477783E-002
  3.038319787117738E-002
  3.068762871690989E-002
  2.976228332147179E-002
  3.563257589592250E-002
  3.565428219359701E-002
  4.626330644981869E-002
  2.713505982399667E-002
  3.789497068762437E-002
  2.989750321305662E-002
  3.958074786836208E-002
  2.300688990558908E-002
  2.708529539200288E-002
  3.851070572847159E-002
  3.999196129230320E-002
  4.230380727375493E-002
  3.834065406277887E-002
  3.551620238603403E-002
  1.971788895521864E-002
  2.417322220196338E-002
  4.133425855825157E-002
  3.237855490996289E-002
  4.212728509959462E-002
  2.444975562606866E-002
  3.055082056736957E-002
