 excitation energies, transition moments and TDA amplitudes
 state    eV      nm       fL        Rv(corr)
    1    2.239   553.7     0.7854    -1.1430    -0.88( 144-> 145)  0.35( 143-> 146) -0.21( 143-> 147)
    2    2.357   526.0     0.1263    -2.5244    -0.85( 143-> 145) -0.37( 144-> 146)  0.21( 144-> 147)
    3    3.078   402.9     0.0175     0.3747     0.95( 141-> 145) -0.14( 144-> 147)  0.09( 143-> 145)
    4    3.118   397.6     0.0221     0.9823    -0.77( 144-> 148)  0.57( 144-> 147) -0.18( 144-> 146)
    5    3.399   364.8     0.0546   -10.1151     0.77( 143-> 148) -0.57( 143-> 147)  0.21( 143-> 146)
    6    3.537   350.6     0.0253    -0.3416     0.88( 140-> 145)  0.27( 144-> 146) -0.21( 144-> 148)
    7    3.849   322.1     0.0170     1.4528     0.68( 139-> 145) -0.58( 138-> 145)  0.24( 144-> 146)
    8    3.952   313.7     0.1755   -11.7430     0.57( 144-> 146)  0.53( 144-> 147) -0.31( 143-> 146)
    9    3.993   310.5     0.0875     7.2334     0.55( 143-> 146)  0.53( 143-> 147)  0.35( 144-> 146)
