           6           1  0.361488464616881     
           7           2   1.37761344248824     
           7           6   1.25124172687968     
           8           7  0.908623088946871     
           9           8  0.944745615156407     
          10           3   1.44328506570296     
          10           6   1.27304869804326     
          10           9  0.890012563549908     
          11           9  0.986342678150452     
          12           8  0.975347135651284     
          13          12  0.968663856160812     
          14          13  0.911293828329245     
          15          14   1.85077120114935     
          16          14   1.07048984136959     
          17           1  0.543688465132243     
          18           3   1.26724938796828     
          18          17   1.12045537510700     
          19          18   1.22202148339427     
          20          19   1.39745638762116     
          21           4   1.34425696639843     
          21          17   1.20056440225223     
          21          20   1.05993202044418     
          22          19  0.956354451742351     
          23          20   1.05390986770263     
          24          23   1.82148000537043     
          25          23  0.916221846075294     
          26           1  0.414896537173863     
          27           4   1.36188052288488     
          27          26   1.25402850463456     
          28          27  0.926668437578226     
          29          28  0.970499541150117     
          30           5   1.48776871072190     
          30          26   1.21756514588620     
          30          29  0.921471254374556     
          31          28  0.958933976894204     
          32          29  0.934154191885627     
          33          32   1.00433135895473     
          34           1  0.443817982810534     
          35           5   1.22613833533760     
          35          34   1.13854929730637     
          36          35   1.23410586190540     
          37          36   1.34440757175953     
          38           2   1.18894593889156     
          38          34   1.26425213709805     
          38          37   1.16699551564580     
          39          36   1.00498271619990     
          40          37   1.04983217777866     
          41          40   1.84113390316879     
          42           2  0.921637682099435     
          42          40  0.863770452620934     
          43          42  0.961217321613425     
          44          43   1.80384739402521     
          45          43   1.05337475832955     
          46          45  0.984630673999153     
          47          16  0.949237100765179     
          48          47   1.02367605775042     
          49          48   1.84551499737187     
          50          49  0.965695608526675     
          51          49  0.988461831184298     
          52          51  0.973364961124007     
          53          52  0.978071382758086     
          54          53  0.977066871552517     
          55          54  0.971983694130312     
          56          54  0.977391295067618     
          57          56  0.987952105570052     
          58          57  0.988493163293684     
          59          58  0.966272294536797     
          60          59  0.997636148764038     
          61          59  0.945968827316114     
          62          61  0.972710781722401     
          63          62  0.989314348357742     
          64          63  0.984123431169969     
          65          64  0.978889839094295     
          66          64  0.986602760383249     
          67           3  0.929411012387216     
          68           4  0.924447436332951     
          69           5  0.936216264955081     
          70           8  0.934722639784932     
          71           9  0.945301377039054     
          72          11  0.977066311319742     
          73          11  0.971787144766769     
          74          11  0.979513658214392     
          75          12  0.956428088905281     
          76          12  0.955542118119469     
          77          13  0.951584931628795     
          78          13  0.964743296561646     
          79          22  0.974052680548273     
          80          22  0.976843158978213     
          81          22  0.974058144754916     
          82          25  0.976735739589204     
          83          25  0.971648154380657     
          84          25  0.964763875052688     
          85          28  0.942396901769933     
          86          29  0.939907267821477     
          87          31  0.974631074576683     
          88          31  0.979707563030644     
          89          31  0.975688683647859     
          90          32  0.966526401656390     
          91          32  0.969362131855340     
          92          33  0.979764921364225     
          93          33  0.985166344742200     
          94          33  0.982895990060482     
          95          39  0.968151484753758     
          96          39  0.975502894721088     
          97          39  0.961198248825982     
          98          42  0.919371314385589     
          99          46  0.985411428759410     
         100          46  0.978410122579787     
         101          46  0.987873336131862     
         102          47  0.957328889474879     
         103          47  0.940956510403668     
         104          48  0.935816638972579     
         105          50  0.975022180265820     
         106          50  0.974502146405611     
         107          50  0.977390033877459     
         108          51  0.954396649617509     
         109          51  0.950617128011784     
         110          52  0.966319657382938     
         111          52  0.959797052132865     
         112          53  0.955270217946740     
         113          53  0.963993832446144     
         114          54  0.949116565104089     
         115          55  0.980378929261978     
         116          55  0.975850975840330     
         117          55  0.985887704137355     
         118          56  0.961564533621824     
         119          56  0.956721502983570     
         120          57  0.964583550012773     
         121          57  0.965721179787876     
         122          58  0.950374998753579     
         123          58  0.965005235082007     
         124          59  0.954168781696546     
         125          60  0.979281835031868     
         126          60  0.973343410151450     
         127          60  0.981691582112036     
         128          61  0.971833219510645     
         129          61  0.965956412766653     
         130          62  0.970769068486738     
         131          62  0.968492251554668     
         132          63  0.956503738964552     
         133          63  0.960442307680865     
         134          64  0.958874730445568     
         135          65  0.982279719550429     
         136          65  0.981327481432056     
         137          65  0.979274337891351     
         138          66  0.974863102476945     
         139          66  0.980426018870231     
         140          66  0.978157377528839     
