  0.298320111056800     
  1.000418575859818E-002
 -1.734418884190880E-002
 -2.563219623643320E-002
 -5.581928162079652E-002
 -0.134746095473408     
  2.996140287056459E-002
 -1.710136566360632E-002
 -1.325028191475131E-002
  4.912440505233873E-002
 -0.110659326007903     
 -4.230155561166082E-002
 -4.231706415231695E-002
  0.191442656591919     
 -0.270431760534628     
 -0.149482515665990     
 -0.199337168672034     
  4.358440886237469E-002
  4.770552902793046E-003
 -6.857900441085008E-002
  4.307597166752286E-002
 -8.730278336265229E-002
  0.152467830025077     
 -0.231410478098272     
 -9.888024520040251E-002
 -0.193646973195855     
  3.975328515692755E-002
 -1.450319473115247E-002
 -2.324098844033085E-002
  7.574403186469958E-003
 -8.864183557242544E-002
 -4.566973580941802E-002
 -8.807068906512683E-002
 -0.211143591850615     
  1.035531910989818E-003
 -1.997941652903457E-002
 -5.243252682272459E-002
  9.066677059689443E-003
 -5.205365453654043E-002
  0.146671394349647     
 -0.217980979646463     
 -4.735907807201478E-002
  0.209351604371083     
 -0.303916336156661     
 -0.137841921213123     
  2.627374889714540E-002
  4.832291980594983E-002
 -9.304146635409971E-002
 -2.548418914480788E-002
 -8.316441730993240E-002
 -7.827778586028789E-002
 -6.890500996478455E-002
 -6.813468104865894E-002
 -3.908496216839197E-002
 -9.996439271281687E-002
 -7.556654048773481E-002
 -5.860072095917435E-002
 -6.580059659691617E-002
 -2.041795851868944E-002
 -0.110479337640078     
 -6.977426959462729E-002
 -5.959132226286545E-002
 -7.017846848882758E-002
 -2.107799801647658E-002
 -0.104852318835063     
 -0.115919989967719     
  5.488769612264321E-002
  6.112015064844134E-002
  5.658036150165546E-002
  4.897128775027060E-002
  4.928766889497593E-002
  3.622920611992608E-002
  3.554794886214363E-002
  3.245427387450128E-002
  4.152493633504406E-002
  5.170968155912947E-002
  4.004946359099093E-002
  4.824670285520150E-002
  4.076188420426186E-002
  4.746892583067397E-002
  4.304042194912194E-002
  5.518646404063043E-002
  4.426440428069967E-002
  4.690390320285431E-002
  5.441331454291742E-002
  6.486611007822618E-002
  4.376585518696041E-002
  4.132021399391350E-002
  3.039325390302061E-002
  4.690689913154722E-002
  3.240461515372728E-002
  4.027764515881904E-002
  3.347254755933748E-002
  4.375261590190771E-002
  5.833110591703017E-002
  5.116836863082919E-002
  4.905699387289753E-002
  5.800019064604167E-002
  4.985466863500487E-002
  5.959452930582820E-002
  6.209899112028305E-002
  6.710822580184250E-002
  4.946074773794018E-002
  4.271378598645359E-002
  5.160425031438165E-002
  4.724288420408851E-002
  3.897257236702134E-002
  2.917403680581454E-002
  2.920198497932636E-002
  2.898828938484277E-002
  3.036780632053093E-002
  2.963757039529236E-002
  4.141492117955425E-002
  3.378683284970707E-002
  4.181205943455990E-002
  2.904601495913328E-002
  3.788821368153428E-002
  3.714034143355505E-002
  3.903507352875990E-002
  3.600498184974421E-002
  3.660961817439423E-002
  3.960605753582846E-002
  4.026224510675691E-002
  4.103242403877949E-002
  3.752662094140602E-002
  3.193173109098091E-002
  2.594428560803974E-002
  3.574423872297738E-002
  2.958069008158559E-002
  3.916970674802944E-002
  4.009681042117119E-002
  3.754934201876836E-002
  3.548586201574067E-002
  2.589643992877100E-002
  2.929525742223471E-002
  4.249394177091104E-002
  2.776597454158491E-002
  2.081694553506575E-002
  3.334647444408256E-002
  3.392300979250118E-002
