 excitation energies, transition moments and TDA amplitudes
 state    eV      nm       fL        Rv(corr)
    1    2.122   584.4     0.5886    -1.6189    -0.86( 142-> 143)  0.41( 141-> 144) -0.17( 140-> 143)
    2    2.362   525.0     0.1158     4.3927     0.81( 141-> 143)  0.50( 142-> 144)  0.13( 140-> 143)
    3    3.112   398.4     0.0278     5.6996     0.92( 140-> 143) -0.20( 142-> 144)  0.15( 141-> 144)
    4    3.638   340.8     0.1276    13.2096     0.51( 142-> 144)  0.49( 137-> 143)  0.43( 142-> 145)
    5    3.797   326.5     0.1333   -22.9882    -0.77( 142-> 145)  0.43( 137-> 143) -0.22( 135-> 143)
    6    3.886   319.1     0.0436    30.6899    -0.64( 138-> 143) -0.43( 136-> 143)  0.22( 141-> 145)
    7    3.980   311.5     0.1852   -15.5694     0.67( 142-> 148)  0.34( 136-> 143)  0.28( 135-> 143)
    8    3.998   310.1     0.0198     6.3387    -0.53( 138-> 143)  0.43( 136-> 143) -0.35( 135-> 143)
    9    4.135   299.9     0.2940   -22.0130     0.61( 142-> 148) -0.33( 141-> 145) -0.30( 142-> 144)
