           6           1  0.306077676163344     
           7           2   1.43910257334248     
           7           6   1.28248902923623     
           8           7  0.902747202269154     
           9           8  0.953385957082022     
          10           3   1.43831317988108     
          10           6   1.24596668949155     
          10           9  0.932256471444327     
          11           9  0.957897505747361     
          12           8  0.962619033335348     
          13          12  0.992435911565555     
          14          13  0.940045887124568     
          15          14   1.81389514840273     
          16          14   1.06252616862479     
          17           1  0.485942200454143     
          18           3   1.23351875338058     
          18          17   1.17887979576434     
          19          18   1.16997753041019     
          20          19   1.48914595682387     
          21           4   1.31696034814396     
          21          17   1.18612460958788     
          21          20   1.07921077941929     
          22          19  0.990511824324304     
          23          20  0.925086213780106     
          24          23   1.88533214345330     
          25          23  0.958755161531964     
          26           1  0.441977561125145     
          27           4   1.40545463116961     
          27          26   1.22152696447506     
          28          27  0.933451565825592     
          29          28  0.946952320837065     
          30           5   1.39942289124963     
          30          26   1.23253518232103     
          30          29  0.912171791765772     
          31          28  0.963318351572794     
          32          29  0.952771179408536     
          33          32   1.00377255676587     
          34           1  0.585147045108042     
          35           5   1.30494953262323     
          35          34   1.08889107116810     
          36          35   1.19742400224681     
          37          36   1.34661421601129     
          38           2   1.16345978003797     
          38          34   1.20351818096271     
          38          37   1.19343284830618     
          39          36   1.01522615905782     
          40          37   1.05500915268723     
          41          40   1.84636276000360     
          42           2  0.937153541897470     
          42          40  0.825476630285854     
          43          42  0.911097182878881     
          44          43   1.76022253220611     
          45          43   1.15337573862835     
          46          45  0.945483043759828     
          47          16  0.964456824129147     
          48          47  0.985781174051589     
          49          48   1.86991576439049     
          50          49   1.00263399498098     
          51          49  0.963382778587458     
          52          51  0.968556614256709     
          53          52  0.984445103240107     
          54          53  0.969679759437363     
          55          54  0.990731510646839     
          56          54  0.956020054230089     
          57          56  0.974266237707294     
          58          57  0.988377550479208     
          59          58  0.969573591708433     
          60          59  0.989093851022046     
          61          59  0.967059406736770     
          62          61  0.999471960787642     
          63          62  0.978584851145948     
          64          63  0.979205055992361     
          65          64  0.989402589130693     
          66          64  0.991576932908903     
          67           3  0.938935655039173     
          68           4  0.932720844662078     
          69           5  0.933526802902036     
          70           8  0.937878452755066     
          71           9  0.941407331290766     
          72          11  0.977763683146710     
          73          11  0.976195278051309     
          74          11  0.975645587996605     
          75          12  0.958935826072426     
          76          12  0.954978841892949     
          77          13  0.943102396954025     
          78          13  0.947804918960546     
          79          22  0.974974142658207     
          80          22  0.963881302984009     
          81          22  0.966210043017305     
          82          25  0.959311392743968     
          83          25  0.961670491551957     
          84          25  0.970757851518920     
          85          28  0.946660548598592     
          86          29  0.934184841696711     
          87          31  0.978877210353706     
          88          31  0.975473987897400     
          89          31  0.977078340941923     
          90          32  0.962992614822691     
          91          32  0.966336306831615     
          92          33  0.971121727073681     
          93          33  0.982761779429458     
          94          33  0.981634272562405     
          95          39  0.972507852827477     
          96          39  0.957835281092487     
          97          39  0.962668724323505     
          98          42  0.934841677533775     
          99          46  0.991228681107588     
         100          46  0.981351705804594     
         101          46  0.984120536582405     
         102          47  0.949379587430367     
         103          47  0.962641882603116     
         104          48  0.937742464591757     
         105          50  0.961233066389217     
         106          50  0.971196876572328     
         107          50  0.972663580232703     
         108          51  0.961248857746525     
         109          51  0.962102428633582     
         110          52  0.969208772329963     
         111          52  0.970251470282256     
         112          53  0.965343498486611     
         113          53  0.958112687148963     
         114          54  0.951789969596575     
         115          55  0.974421108338948     
         116          55  0.981603429476131     
         117          55  0.979729947633950     
         118          56  0.963688456983970     
         119          56  0.964770586667528     
         120          57  0.965211241155012     
         121          57  0.969699492516817     
         122          58  0.966000406534592     
         123          58  0.961502635607470     
         124          59  0.950480853253035     
         125          60  0.973155191084016     
         126          60  0.976357005504255     
         127          60  0.980367344556193     
         128          61  0.963305078558861     
         129          61  0.958522328511084     
         130          62  0.962948392266851     
         131          62  0.963447047847907     
         132          63  0.958062060473392     
         133          63  0.961626654350802     
         134          64  0.950303576917921     
         135          65  0.980989488073872     
         136          65  0.975684867852033     
         137          65  0.980300027336880     
         138          66  0.983386393916477     
         139          66  0.977526201411495     
         140          66  0.975074749942766     
