  0.283587271175332     
  8.226766857983847E-003
 -1.154014350362687E-002
 -3.259526777953692E-002
 -1.734919247095679E-002
 -0.141462355541328     
  1.763272082086242E-002
 -1.272297760087682E-002
 -2.178684391010588E-002
 -1.965567042060634E-003
 -9.428208294173857E-002
 -3.770402814441720E-002
 -5.984122783103629E-002
  0.236192187438226     
 -0.302114954599114     
 -0.148676702865361     
 -0.211713143148521     
 -4.655103198073718E-003
 -3.194875157829102E-002
 -8.167429434474993E-002
  2.685880408492825E-002
 -6.526478815815739E-002
  0.155153841679521     
 -0.212038766971540     
 -9.163854311175523E-002
 -0.165113946053319     
  5.013403375846659E-002
 -4.882300489564173E-003
 -2.794787612224159E-002
  4.706241581407555E-002
 -9.662021091517037E-002
 -3.996805623724242E-002
 -9.020392847318082E-002
 -0.215083691615629     
  3.140888971143063E-002
 -3.929728295132939E-003
 -2.432925938950969E-002
  2.666885942013097E-002
 -6.716577916918709E-002
  0.119776829596423     
 -0.254515116253567     
 -2.174704317786347E-002
  0.244198482228602     
 -0.302851178929849     
 -0.138905685553193     
  2.116398868638791E-002
  6.341486499599869E-002
 -6.795181000344286E-002
 -3.593979986829776E-002
 -0.100652887285910     
 -5.822206060202717E-002
 -5.435375211792604E-002
 -6.816357435544074E-002
 -3.539010283226940E-002
 -9.729225374598993E-002
 -8.538562607240507E-002
 -6.801853423214688E-002
 -6.551638352830658E-002
 -3.613763374239998E-002
 -0.112839667877751     
 -7.547685567789664E-002
 -5.796260504912798E-002
 -6.317441716954431E-002
 -9.957275091005968E-003
 -0.113170407551300     
 -0.103926979261311     
  5.448655413085268E-002
  4.890498540258259E-002
  4.821776377523224E-002
  6.153091691807311E-002
  5.115633832839184E-002
  3.710122315116193E-002
  3.831183834137586E-002
  3.909283184060919E-002
  3.973885010299827E-002
  4.502240047298722E-002
  4.053041962340165E-002
  4.649087240754046E-002
  4.968825120146192E-002
  5.174334514294221E-002
  5.419885833713156E-002
  3.788071416149896E-002
  6.493087410274057E-002
  5.288490188151851E-002
  5.336362353190482E-002
  3.534691560458947E-002
  3.988873424671768E-002
  3.788789692156425E-002
  3.548336405272301E-002
  4.315749735273100E-002
  3.062035200235447E-002
  2.910224122266447E-002
  4.417106611111044E-002
  3.083683874140009E-002
  4.569463919075156E-002
  5.043845383056056E-002
  5.107926132438190E-002
  6.256631599546059E-002
  4.157504539365497E-002
  6.330699084086766E-002
  4.509884124723429E-002
  5.738067538401459E-002
  6.060511338701435E-002
  3.884210889592599E-002
  4.070187303902439E-002
  4.820588005418169E-002
  3.325909226692869E-002
  4.225539087582508E-002
  3.591998984630018E-002
  4.420599897603650E-002
  3.094574972914199E-002
  2.548871407265785E-002
  4.588241088516765E-002
  2.328652206629556E-002
  4.380891620517446E-002
  3.791279546946491E-002
  1.902030587448633E-002
  3.457732456782092E-002
  3.005261263833692E-002
  3.550320344416280E-002
  3.396229759433245E-002
  3.540882879114771E-002
  3.315431097639421E-002
  3.836069155303135E-002
  3.405332655380433E-002
  3.079563326614243E-002
  4.323048242105088E-002
  2.892827573696322E-002
  3.946399633676523E-002
  3.449309382849663E-002
  4.208855351512930E-002
  3.462218129673211E-002
  4.202357235593202E-002
  3.426825878468165E-002
  3.167147981717899E-002
  3.530824916228770E-002
  1.475140899063576E-002
  3.451572209996112E-002
  3.151904028720975E-002
  3.028710723300454E-002
