 excitation energies, transition moments and TDA amplitudes
 state    eV      nm       fL        Rv(corr)
    1    2.232   555.6     0.7332    -3.9856    -0.88( 143-> 144) -0.41( 142-> 146)  0.08( 141-> 144)
    2    2.363   524.8     0.1311     0.0199    -0.85( 142-> 144)  0.42( 143-> 146) -0.15( 140-> 144)
    3    3.071   403.7     0.0111    -1.3354     0.95( 141-> 144) -0.11( 142-> 144) -0.11( 140-> 144)
    4    3.503   354.0     0.0073    -3.5871    -0.68( 139-> 144)  0.60( 140-> 144)  0.34( 143-> 146)
    5    3.703   334.9     0.0987    26.1912     0.91( 143-> 145)  0.19( 143-> 148) -0.17( 143-> 147)
    6    3.883   319.3     0.1548   -25.4627    -0.58( 140-> 144)  0.45( 142-> 145) -0.31( 139-> 144)
    7    4.014   308.9     0.1277    13.7128     0.49( 137-> 144)  0.45( 143-> 146)  0.32( 139-> 144)
    8    4.031   307.6     0.0706    -7.5403    -0.62( 143-> 148) -0.56( 143-> 147)  0.27( 140-> 144)
    9    4.072   304.5     0.0087    18.5161    -0.51( 135-> 144) -0.46( 136-> 144)  0.33( 137-> 145)
