           6           1  0.367909522647640     
           7           2   1.36336000774990     
           7           6   1.26638234835730     
           8           7  0.932584819875634     
           9           8  0.968472113482580     
          10           3   1.43680925229954     
          10           6   1.22373279982488     
          10           9  0.910501106747205     
          11           9  0.947237528668073     
          12           8  0.940791591365286     
          13          12  0.985523115400161     
          14          13  0.958672667945106     
          15          14   1.80710178424173     
          16          14   1.09328774861925     
          17           1  0.509854896517584     
          18           3   1.34005632104233     
          18          17   1.07600289927979     
          19          18   1.17623763387734     
          20          19   1.47409150967031     
          21           4   1.20868410795513     
          21          17   1.26531922080271     
          21          20   1.12964106233777     
          22          19  0.980763298106774     
          23          20  0.896645669889583     
          24          23   1.90138271773191     
          25          23  0.969628708190580     
          26           1  0.408770176027177     
          27           4   1.43836440484325     
          27          26   1.22913316515962     
          28          27  0.984998386157095     
          29          28  0.934101017814650     
          30           5   1.51186244838665     
          30          26   1.17881887696276     
          30          29  0.940950205015802     
          31          28  0.941747418699912     
          32          29  0.954362000880255     
          33          32   1.00377589967432     
          34           1  0.570518975006270     
          35           5   1.23032463959520     
          35          34   1.12972069418777     
          36          35   1.23992363178335     
          37          36   1.28652726045288     
          38           2   1.19398844519939     
          38          34   1.13874598825141     
          38          37   1.28088920378705     
          39          36  0.981645579955099     
          40          37   1.08139706006521     
          41          40   1.77726905805251     
          42           2  0.954270457698911     
          42          40  0.853363035803462     
          43          42  0.948040979181253     
          44          43   1.77274887155360     
          45          43   1.11152418416960     
          46          45  0.965900686505034     
          47          16  0.963862447289557     
          48          47  0.981382234165304     
          49          48   1.91336324791703     
          50          49  0.975012901194520     
          51          49  0.953359670021683     
          52          51  0.990906109975386     
          53          52  0.972829819450050     
          54          53  0.970978742897767     
          55          54  0.989625077695706     
          56          54  0.971418496352470     
          57          56  0.962072334268437     
          58          57  0.993882488923090     
          59          58  0.970351763977826     
          60          59  0.980940358817478     
          61          59  0.962888332685948     
          62          61  0.973351331312804     
          63          62  0.986474899897610     
          64          63  0.984759280070120     
          65          64  0.988426152178047     
          66          64  0.985974692479123     
          67           3  0.918784463553726     
          68           4  0.934876956767202     
          69           5  0.928861783127421     
          70           8  0.932838684232589     
          71           9  0.947213344879359     
          72          11  0.982039510390676     
          73          11  0.978852623780045     
          74          11  0.980441004404377     
          75          12  0.960629353874308     
          76          12  0.955387345529835     
          77          13  0.956111894630817     
          78          13  0.940573828337907     
          79          22  0.968275918031205     
          80          22  0.970342517411377     
          81          22  0.975829756943881     
          82          25  0.968671401683680     
          83          25  0.948335209787234     
          84          25  0.968547831102504     
          85          28  0.937891354969588     
          86          29  0.939895483485485     
          87          31  0.978460235974439     
          88          31  0.977275423652035     
          89          31  0.982250159497597     
          90          32  0.964155545955307     
          91          32  0.966620193114250     
          92          33  0.980259412400215     
          93          33  0.981847372155084     
          94          33  0.977409004390780     
          95          39  0.976958137914916     
          96          39  0.967401766282251     
          97          39  0.978082837054947     
          98          42  0.924226257500241     
          99          46  0.991317818375208     
         100          46  0.978936967643338     
         101          46  0.984496686963412     
         102          47  0.964674809900956     
         103          47  0.956878498482430     
         104          48  0.936712638970170     
         105          50  0.973456641987964     
         106          50  0.974938286504970     
         107          50  0.977373400465504     
         108          51  0.953724341061775     
         109          51  0.962185449767547     
         110          52  0.963142122072916     
         111          52  0.967359486518197     
         112          53  0.971419945678862     
         113          53  0.959911138028270     
         114          54  0.950942689065083     
         115          55  0.977195278300437     
         116          55  0.973419697951190     
         117          55  0.983476389683973     
         118          56  0.963114442149680     
         119          56  0.965364285076604     
         120          57  0.959580539844068     
         121          57  0.969014562396418     
         122          58  0.959537450083729     
         123          58  0.954788901566573     
         124          59  0.950385767218375     
         125          60  0.977142108072877     
         126          60  0.977600782776157     
         127          60  0.980379711005170     
         128          61  0.965217546051009     
         129          61  0.961659599862286     
         130          62  0.967807970189127     
         131          62  0.965650429507708     
         132          63  0.953205142478344     
         133          63  0.953110816086411     
         134          64  0.950404471671717     
         135          65  0.975738386975178     
         136          65  0.976269007297460     
         137          65  0.981350047287872     
         138          66  0.975360027798036     
         139          66  0.981114012308096     
         140          66  0.978173142605006     
