  0.312097724572449     
  8.781226677354148E-003
 -4.994899417244003E-002
 -1.988326858877620E-002
 -2.057663529736775E-002
 -0.151448070611272     
  2.070566631969317E-002
 -1.785249750604923E-002
 -2.797428579166716E-002
  2.225846877511684E-002
 -8.460710508360858E-002
 -5.175724965777917E-002
 -5.202047282258704E-002
  0.196484503068858     
 -0.269990073898099     
 -0.137768203296586     
 -0.207161129627533     
  3.726811457868662E-002
 -6.931539308775125E-002
 -4.094123908118430E-002
  2.318079961677855E-002
 -6.837424880631637E-002
  0.117500455035407     
 -0.259876984090765     
 -8.203311214498044E-002
 -0.147768953967630     
  3.746694099907488E-002
 -4.448713583621533E-003
 -3.249798629903022E-002
  3.838729164897980E-002
 -8.850631309576507E-002
 -5.292297655919054E-002
 -8.950137657163904E-002
 -0.203204602115129     
  3.608981260068278E-002
  4.078008654150089E-003
 -5.530067270608363E-002
  3.447942097759160E-002
 -6.838106700722690E-002
  0.142529136425410     
 -0.221550936077045     
 -3.492069923745422E-002
  0.214957803009831     
 -0.269641882078353     
 -0.158363610606571     
  7.756150868367673E-003
  4.276686490176207E-002
 -8.184518355491743E-002
 -3.034899834659743E-002
 -8.730413036467155E-002
 -6.718971987887379E-002
 -7.111882657416846E-002
 -7.046184536532962E-002
 -2.518008545321226E-002
 -9.792465633172842E-002
 -5.722354867928559E-002
 -7.665217738066321E-002
 -8.383109867731342E-002
 -1.729227464791627E-002
 -0.105970925144283     
 -6.840704827285826E-002
 -6.589040059840290E-002
 -6.863188798359676E-002
 -1.973461198454629E-002
 -0.113387106310827     
 -0.101746585677722     
  5.655705844625225E-002
  5.783580383237852E-002
  5.549175996431011E-002
  5.415063587765823E-002
  4.225180996232214E-002
  3.270706844291316E-002
  4.565497244105587E-002
  3.953658972174523E-002
  3.650141332903845E-002
  4.693175562677365E-002
  5.509578599590326E-002
  3.944044133465574E-002
  5.507800944015673E-002
  5.102537044606370E-002
  4.857248786377000E-002
  4.137817085464757E-002
  5.186406762731910E-002
  5.471785302088417E-002
  4.947103196149816E-002
  5.222500954849796E-002
  4.197467993766557E-002
  3.826815745776757E-002
  3.477877522994777E-002
  3.100182418106567E-002
  4.837839429834745E-002
  4.562507106582470E-002
  3.833899058192858E-002
  3.913151793243053E-002
  3.962517989320158E-002
  5.569593034934872E-002
  5.089814659904790E-002
  6.128049023176074E-002
  5.847209063075864E-002
  4.905826717587414E-002
  3.705944247697657E-002
  6.817814915858877E-002
  4.653014591867322E-002
  3.777877383767037E-002
  4.297524865919333E-002
  3.905141762638020E-002
  4.166038860350818E-002
  3.175649819378812E-002
  4.119612670775430E-002
  3.639125261471732E-002
  3.866203901653265E-002
  2.276360416772005E-002
  4.306592111046204E-002
  3.061145520643604E-002
  4.304851226301210E-002
  2.768457476933472E-002
  3.853918494782660E-002
  3.934828907454158E-002
  4.202511929698360E-002
  3.187341564908930E-002
  2.545454318928864E-002
  2.984545107410441E-002
  3.310484042623474E-002
  3.796881616521919E-002
  3.914603188934795E-002
  2.875837899928479E-002
  3.030271793591588E-002
  3.404884861443702E-002
  3.326361606515416E-002
  3.049199845276540E-002
  3.634763016228937E-002
  3.101634754781990E-002
  3.731514288775806E-002
  4.172900692839410E-002
  4.459507800949647E-002
  3.528903650216508E-002
  2.643916888728537E-002
  2.473086586295503E-002
  3.735211203552458E-002
  3.547767372875166E-002
