 excitation energies, transition moments and TDA amplitudes
 state    eV      nm       fL        Rv(corr)
    1    2.222   557.9     0.7152    10.9491     0.87( 144-> 145)  0.36( 143-> 147)  0.15( 143-> 145)
    2    2.328   532.6     0.2038    -2.2356     0.85( 143-> 145) -0.37( 144-> 147) -0.15( 144-> 146)
    3    3.158   392.6     0.0113    19.1830     0.92( 142-> 145) -0.19( 140-> 145) -0.13( 138-> 145)
    4    3.535   350.8     0.0010     3.4037     0.75( 144-> 148) -0.57( 144-> 149)  0.26( 140-> 145)
    5    3.596   344.8     0.0034     0.9633    -0.66( 140-> 145)  0.41( 144-> 147) -0.36( 139-> 145)
    6    3.653   339.4     0.0453     3.6300     0.87( 144-> 146)  0.28( 143-> 146) -0.16( 144-> 149)
    7    3.786   327.5     0.0598     0.3994    -0.57( 138-> 145) -0.53( 143-> 146) -0.28( 137-> 145)
    8    3.896   318.2     0.0021    -1.5710    -0.60( 143-> 146)  0.44( 138-> 145)  0.39( 137-> 145)
    9    3.952   313.7     0.0054   -21.3726     0.76( 143-> 148) -0.59( 143-> 149)  0.11( 139-> 145)
