           6           1  0.342404248781363     
           7           2   1.36020792090483     
           7           6   1.21237630387481     
           8           7  0.945919273629932     
           9           8  0.956502450250817     
          10           3   1.36806433217998     
          10           6   1.31900310595316     
          10           9  0.900184752986159     
          11           9  0.967683237978641     
          12           8  0.921918007325070     
          13          12  0.959312237523778     
          14          13  0.944999604630312     
          15          14   1.82389826445700     
          16          14   1.06260047116006     
          17           1  0.459362696350157     
          18           3   1.29384685437629     
          18          17   1.21584706499899     
          19          18   1.13356550103008     
          20          19   1.43359400127658     
          21           4   1.23448815910224     
          21          17   1.20455884637789     
          21          20   1.11554110265153     
          22          19  0.971555440329113     
          23          20   1.03674738620803     
          24          23   1.77847848822463     
          25          23  0.975372503531003     
          26           1  0.433925843801491     
          27           4   1.45129714940156     
          27          26   1.22620178810572     
          28          27  0.955532228968899     
          29          28  0.950879462589938     
          30           5   1.51620164497498     
          30          26   1.17531455831829     
          30          29  0.943344299737257     
          31          28  0.956465531958893     
          32          29  0.940508867734126     
          33          32  0.997553467821555     
          34           1  0.555576948318757     
          35           5   1.20386219249684     
          35          34   1.13710248128689     
          36          35   1.25023232786662     
          37          36   1.32590618928216     
          38           2   1.20307641600343     
          38          34   1.21755395906186     
          38          37   1.16968561182044     
          39          36  0.996834068494844     
          40          37   1.09093924478399     
          41          40   1.82393522761532     
          42           2  0.987336727709057     
          42          40  0.809640401375416     
          43          42  0.938848031495636     
          44          43   1.81250856834963     
          45          43   1.05285956611464     
          46          45  0.980408731159393     
          47          16  0.969785985509564     
          48          47  0.974775082677304     
          49          48   1.89274862137971     
          50          49  0.981638191719109     
          51          49  0.973175154623109     
          52          51  0.984682574303085     
          53          52  0.967130123010273     
          54          53  0.972727712879798     
          55          54  0.982171474512597     
          56          54  0.978040243993761     
          57          56  0.965628872018981     
          58          57  0.981515806007374     
          59          58  0.969772590342016     
          60          59  0.987592830673372     
          61          59  0.958753238489678     
          62          61  0.981530423035273     
          63          62  0.978662315725347     
          64          63  0.979660615545504     
          65          64  0.976474111437415     
          66          64  0.993074782675608     
          67           3  0.939129160310054     
          68           4  0.932554609920025     
          69           5  0.932935169506873     
          70           8  0.937429777916788     
          71           9  0.945815101279008     
          72          11  0.981342915508072     
          73          11  0.980508687202153     
          74          11  0.977162778980957     
          75          12  0.964565582664245     
          76          12  0.964374059416366     
          77          13  0.943299712279819     
          78          13  0.964831921926786     
          79          22  0.972861493466931     
          80          22  0.975092475720951     
          81          22  0.967703050796949     
          82          25  0.964645312548624     
          83          25  0.972277437696384     
          84          25  0.951908891697033     
          85          28  0.941645414752397     
          86          29  0.937367094076436     
          87          31  0.976422055784947     
          88          31  0.982205828405442     
          89          31  0.980787503968667     
          90          32  0.972739630498161     
          91          32  0.965045915789363     
          92          33  0.960811261442143     
          93          33  0.987190840692345     
          94          33  0.983093452910254     
          95          39  0.972754426232963     
          96          39  0.962335105348160     
          97          39  0.975475407825985     
          98          42  0.918325461388540     
          99          46  0.977804213018364     
         100          46  0.983302320173683     
         101          46  0.992134970532529     
         102          47  0.953262322900919     
         103          47  0.967362915909339     
         104          48  0.943047185252909     
         105          50  0.974965981168668     
         106          50  0.976817981800234     
         107          50  0.969084591457636     
         108          51  0.960353452304532     
         109          51  0.949978920468084     
         110          52  0.964305027646478     
         111          52  0.962444243332211     
         112          53  0.967095362834014     
         113          53  0.958743696736667     
         114          54  0.951097217191786     
         115          55  0.981359940289959     
         116          55  0.979162799484611     
         117          55  0.974964430909404     
         118          56  0.960524043999336     
         119          56  0.961017064832244     
         120          57  0.966799508902626     
         121          57  0.973121345969803     
         122          58  0.967355371210866     
         123          58  0.964496132872095     
         124          59  0.954889767416206     
         125          60  0.972660047628213     
         126          60  0.980248601358926     
         127          60  0.979989178104241     
         128          61  0.965277136598973     
         129          61  0.966260215244152     
         130          62  0.967374302095000     
         131          62  0.968614666549901     
         132          63  0.968551475240209     
         133          63  0.957900512748356     
         134          64  0.953106223393003     
         135          65  0.978326982309354     
         136          65  0.983204018663357     
         137          65  0.981171284148551     
         138          66  0.980796084583530     
         139          66  0.976499688737928     
         140          66  0.979507248988524     
