  0.321648762638682     
 -6.325399172637525E-003
 -2.368603659198243E-002
 -2.057538816945215E-002
 -2.950070963785745E-002
 -0.114814444308371     
  1.012284528206386E-002
  1.266651580660305E-003
 -1.711417744145827E-002
  2.029382945415614E-002
 -7.781938516538922E-002
 -4.977825151295079E-002
 -5.328822416648205E-002
  0.207892720743357     
 -0.263946359584368     
 -0.181764715942793     
 -0.211581516264598     
  4.351204003447862E-002
 -2.097526655930082E-002
 -5.550963992824709E-002
  5.736159601712965E-002
 -8.229181587772239E-002
  0.107302763597665     
 -0.258600729586160     
 -8.617585529226535E-002
 -0.190880944214205     
  4.925011204724372E-002
 -1.985650162134611E-002
 -1.191161601083479E-002
  2.109466790212045E-002
 -0.106561811741598     
 -6.280771417639119E-002
 -9.758663978547677E-002
 -0.224228981763495     
  1.297994384754819E-002
 -4.437281722368258E-002
 -6.336515924187669E-002
  3.805245998945894E-002
 -6.292871399782562E-002
  0.166242322990410     
 -0.244102263790960     
 -3.378097469813213E-002
  0.256490078004883     
 -0.266192695493597     
 -0.147946100037664     
  1.340335590899500E-002
  3.805284133940123E-002
 -6.802649859644028E-002
 -5.499975970607807E-003
 -8.869905414952051E-002
 -4.962733578625933E-002
 -7.351464401015395E-002
 -8.215502314391632E-002
 -2.460611498640031E-002
 -9.722387648356090E-002
 -5.855734251068512E-002
 -6.496744665747745E-002
 -8.087215996963781E-002
 -1.272366971652872E-002
 -0.114355485978313     
 -6.965503054174427E-002
 -7.268395773593728E-002
 -6.854241609720635E-002
 -1.176650633692766E-003
 -9.449229832567596E-002
 -0.111975157547864     
  4.666745665929994E-002
  5.942740857611217E-002
  5.704728816917459E-002
  5.069900722669785E-002
  5.576726542373789E-002
  4.509955036126778E-002
  3.977401217452103E-002
  4.047754507422296E-002
  3.624750493572404E-002
  4.772522833918713E-002
  5.167360320423375E-002
  3.691052433461695E-002
  4.908188121582358E-002
  4.867887611448529E-002
  4.230014607409316E-002
  4.556385547344444E-002
  5.638499056321977E-002
  5.436658785221349E-002
  5.613484581407469E-002
  6.752879755322239E-002
  4.972876811252325E-002
  2.562559244781881E-002
  2.771829676168158E-002
  3.288010739065939E-002
  4.264651853749446E-002
  3.000370360918247E-002
  4.169306170627041E-002
  3.322504348832889E-002
  4.991887146383744E-002
  4.860404667538387E-002
  5.941511486239570E-002
  6.070708428237714E-002
  3.958610239879046E-002
  5.633017158499654E-002
  5.194925107647774E-002
  6.096512258452946E-002
  5.602801040978178E-002
  3.950031011808530E-002
  4.038310710218496E-002
  3.955443195290409E-002
  4.570250241178764E-002
  4.292299613802120E-002
  3.678981501128920E-002
  4.390015510292145E-002
  2.138599119045015E-002
  2.874675790578907E-002
  2.019634719857055E-002
  5.171936238984376E-002
  3.546246024958455E-002
  4.282898013127967E-002
  3.090258392506939E-002
  3.486376445004236E-002
  4.083915469928479E-002
  2.193389636223408E-002
  3.174909921998215E-002
  2.832294676750402E-002
  2.540086890072912E-002
  3.951780007648997E-002
  2.809772037319536E-002
  3.929891126404028E-002
  3.275840833490884E-002
  3.062085789589986E-002
  3.978198372289643E-002
  2.495869141579687E-002
  3.141990346004131E-002
  2.756185797509092E-002
  2.863156717849524E-002
  2.963204246655815E-002
  4.173568322682986E-002
  4.245937622992202E-002
  2.005147114112971E-002
  3.389950707785760E-002
  3.052926046161375E-002
  2.601618040231268E-002
