 excitation energies, transition moments and TDA amplitudes
 state    eV      nm       fL        Rv(corr)
    1    2.244   552.5     0.8461    -6.1814     0.88( 142-> 143)  0.41( 141-> 145)  0.11( 135-> 144)
    2    2.347   528.2     0.0830    -2.1066    -0.84( 141-> 143)  0.45( 142-> 145) -0.20( 139-> 143)
    3    3.192   388.4     0.0086   -25.9538    -0.90( 140-> 143) -0.28( 139-> 143) -0.14( 139-> 144)
    4    3.457   358.7     0.0371    -3.5608    -0.52( 142-> 146) -0.47( 139-> 143) -0.46( 142-> 145)
    5    3.601   344.3     0.0788    10.6299     0.68( 142-> 146) -0.50( 139-> 143)  0.36( 138-> 143)
    6    3.688   336.2     0.1220     4.3408     0.83( 142-> 144)  0.30( 139-> 143)  0.27( 142-> 145)
    7    3.848   322.2     0.0197    13.1648     0.70( 136-> 143)  0.38( 138-> 143) -0.25( 141-> 146)
    8    3.886   319.1     0.3264    21.7993     0.73( 141-> 146)  0.43( 141-> 145)  0.28( 136-> 143)
    9    3.989   310.8     0.0132   -10.1944     0.67( 141-> 144) -0.31( 135-> 143) -0.24( 136-> 143)
