           6           1  0.430891601682114     
           7           2   1.36308772505847     
           7           6   1.24170994804295     
           8           7  0.959526496045438     
           9           8  0.934898300223524     
          10           3   1.47964099910107     
          10           6   1.18053145360636     
          10           9  0.920807736323080     
          11           9  0.969465728778784     
          12           8  0.966893275509427     
          13          12  0.980585608894094     
          14          13  0.925289123433954     
          15          14   1.85740952004839     
          16          14   1.04690479772976     
          17           1  0.499067125671163     
          18           3   1.22454282525762     
          18          17   1.18732746200439     
          19          18   1.20585804626116     
          20          19   1.34148773027304     
          21           4   1.31265359759425     
          21          17   1.17084213099650     
          21          20   1.14089413974560     
          22          19  0.984964657574255     
          23          20   1.02401885174041     
          24          23   1.80374030391318     
          25          23  0.945468692927852     
          26           1  0.437280997775571     
          27           4   1.35226476587947     
          27          26   1.28848919461193     
          28          27  0.933909604678883     
          29          28  0.962182098827914     
          30           5   1.43756787649366     
          30          26   1.18302191603924     
          30          29  0.953015291007201     
          31          28  0.955068238411594     
          32          29  0.913893297930140     
          33          32  0.999676308995662     
          34           1  0.432854907708303     
          35           5   1.31032801001783     
          35          34   1.15986389377642     
          36          35   1.13381068200381     
          37          36   1.41365626611947     
          38           2   1.25995398824172     
          38          34   1.24641197554691     
          38          37   1.14343394037561     
          39          36  0.983731467585970     
          40          37   1.04622783841461     
          41          40   1.80841014443863     
          42           2  0.916975387693078     
          42          40  0.901392264069586     
          43          42  0.919450449235566     
          44          43   1.82627545696356     
          45          43   1.08973805161046     
          46          45  0.972593938199147     
          47          16  0.956085878321764     
          48          47  0.971594596522951     
          49          48   1.88156558266180     
          50          49  0.992726253290159     
          51          49  0.995785111197804     
          52          51  0.936435644367237     
          53          52  0.993644357029647     
          54          53  0.954392899037150     
          55          54  0.977954399845245     
          56          54  0.958620133235189     
          57          56   1.00500382795716     
          58          57  0.964927278085240     
          59          58  0.987758794074370     
          60          59  0.961195586821148     
          61          59  0.963785566960970     
          62          61  0.975317104484126     
          63          62  0.972126084337157     
          64          63  0.986455007248113     
          65          64   1.00924167158526     
          66          64  0.967562884521101     
          67           3  0.937002951996516     
          68           4  0.935121321297498     
          69           5  0.931695722337981     
          70           8  0.928259160110778     
          71           9  0.940068499231003     
          72          11  0.977017534371286     
          73          11  0.980951228192426     
          74          11  0.979025854609016     
          75          12  0.954387646854498     
          76          12  0.949481488473104     
          77          13  0.946681357009870     
          78          13  0.960622003975953     
          79          22  0.965800491384452     
          80          22  0.967491112265983     
          81          22  0.975924247536266     
          82          25  0.975128713659427     
          83          25  0.963160609686482     
          84          25  0.968675214589687     
          85          28  0.942673822749137     
          86          29  0.937467536366130     
          87          31  0.974064030428804     
          88          31  0.981451360272833     
          89          31  0.980924016095535     
          90          32  0.967057782434246     
          91          32  0.968545272067274     
          92          33  0.980352797044993     
          93          33  0.983953074827045     
          94          33  0.981766124766695     
          95          39  0.970481665659108     
          96          39  0.968980899845299     
          97          39  0.977044499377652     
          98          42  0.925838643163625     
          99          46  0.989733895734323     
         100          46  0.985097356313365     
         101          46  0.978326187408993     
         102          47  0.962628885677746     
         103          47  0.965288405693205     
         104          48  0.942660484982008     
         105          50  0.973922923066911     
         106          50  0.964326309176462     
         107          50  0.972354153983218     
         108          51  0.957310327906699     
         109          51  0.960493410114979     
         110          52  0.965341608788804     
         111          52  0.967541936574938     
         112          53  0.962372151222517     
         113          53  0.970437615783585     
         114          54  0.948871210665076     
         115          55  0.979145118430613     
         116          55  0.976294251829447     
         117          55  0.982563713641848     
         118          56  0.959660723908085     
         119          56  0.964237784592772     
         120          57  0.972663759004512     
         121          57  0.966127675128079     
         122          58  0.958310651325962     
         123          58  0.963594057877633     
         124          59  0.952620788937199     
         125          60  0.984436974892157     
         126          60  0.975688772739900     
         127          60  0.979989903532747     
         128          61  0.967128787530024     
         129          61  0.959103356415523     
         130          62  0.971128900353879     
         131          62  0.970098582829751     
         132          63  0.960558098844703     
         133          63  0.962830895957580     
         134          64  0.950490679376606     
         135          65  0.968428587265868     
         136          65  0.971545836896014     
         137          65  0.975113406869854     
         138          66  0.978702301737692     
         139          66  0.983305200625715     
         140          66  0.981745500340361     
