  0.307613808678413     
  3.012857394699830E-002
 -3.405149399735485E-002
 -4.569689188154591E-002
 -2.513384093237914E-002
 -0.139584308031310     
  3.103389052930572E-002
 -3.740473576840042E-002
 -2.623251443690044E-002
  8.261412204901397E-003
 -8.250319802876671E-002
 -4.680302222965427E-002
 -4.023249672393181E-002
  0.220633074674830     
 -0.259911679682542     
 -0.161786746497226     
 -0.227576745476082     
  2.360039113057599E-003
 -2.681896759486957E-002
 -7.524048172728381E-002
  2.511905080952292E-002
 -8.749145710375306E-002
  0.163872920203544     
 -0.219985827497880     
 -8.415483321885731E-002
 -0.158862711815864     
  1.897444821337135E-002
 -2.430288770234679E-002
 -2.403905677933693E-002
  4.642959952560100E-002
 -8.349626721930115E-002
 -4.442161562668989E-002
 -9.171783085771157E-002
 -0.206266893236373     
  2.880132368111488E-002
  2.499428847883989E-002
 -6.583280619482768E-002
  2.165355700276095E-002
 -7.201845368279791E-002
  0.122942898597887     
 -0.237775320668062     
 -2.025919626504180E-002
  0.212476262198079     
 -0.275444629581236     
 -0.138633093953901     
  6.361939559841545E-003
  5.346629923223345E-002
 -8.180571896965461E-002
 -4.130601549514257E-002
 -8.851944524151367E-002
 -7.788183662394843E-002
 -5.659378977657159E-002
 -6.684324687913179E-002
 -2.841896992474346E-002
 -0.119130467233487     
 -5.223686382992732E-002
 -6.853475347771187E-002
 -8.109142035455275E-002
 -1.540661531564691E-002
 -0.105046556207954     
 -5.945463825921404E-002
 -5.941851252777841E-002
 -7.550416153841866E-002
 -8.233679684673589E-003
 -0.124937332415689     
 -9.878520171182270E-002
  6.088491141107155E-002
  5.939975053828894E-002
  5.792314087297423E-002
  5.889771449191938E-002
  4.816931130332347E-002
  2.923035591262557E-002
  4.953638449050934E-002
  4.468538761601692E-002
  3.007011588322517E-002
  5.546522689161748E-002
  5.197866126097694E-002
  4.769801559009046E-002
  4.551362136063020E-002
  4.490445089150519E-002
  4.707082433824694E-002
  5.979981972266968E-002
  4.561777385934618E-002
  5.125676316464844E-002
  5.507698091490509E-002
  5.057692531749203E-002
  3.446894116178501E-002
  3.950397257905414E-002
  4.377731752895131E-002
  3.397296958449059E-002
  3.626571913813215E-002
  2.990148284027883E-002
  3.933463033107676E-002
  3.877124546225397E-002
  5.155457730375979E-002
  4.332890734405437E-002
  4.619875627756020E-002
  6.653916233689150E-002
  3.745405599591711E-002
  5.898912966303449E-002
  4.544831946581318E-002
  5.483753766119337E-002
  5.449851787877846E-002
  2.724243091226053E-002
  4.033757572043806E-002
  4.607401275433942E-002
  5.117292942921858E-002
  3.297600398230105E-002
  3.404996136752514E-002
  4.239868188971796E-002
  2.970169255540223E-002
  3.666227359479757E-002
  4.083021110087692E-002
  4.098358479014785E-002
  2.395985223179264E-002
  2.991945816333197E-002
  3.567656995775137E-002
  3.900307208373954E-002
  4.267741559317206E-002
  3.555932781053373E-002
  2.775088751672949E-002
  2.343135325701284E-002
  3.058115079224499E-002
  4.319426586378072E-002
  3.845894437106878E-002
  3.510590338188135E-002
  3.001395265652540E-002
  4.499788257608872E-002
  3.862592423563749E-002
  3.898639849408347E-002
  3.672827290199498E-002
  3.214374876439297E-002
  2.730163771636984E-002
  3.929904641818094E-002
  2.810798506450873E-002
  3.413348982323228E-002
  2.175914041440752E-002
  3.469817176701806E-002
  4.142993997526467E-002
  2.313131491664178E-002
