 excitation energies, transition moments and TDA amplitudes
 state    eV      nm       fL        Rv(corr)
    1    2.324   533.5     0.3863    -4.9142     0.68( 139-> 140) -0.56( 138-> 140) -0.30( 138-> 142)
    2    2.432   509.9     0.3824     7.4956     0.64( 138-> 140)  0.57( 139-> 140)  0.35( 139-> 142)
    3    3.381   366.7     0.0436    10.2742     0.82( 137-> 140) -0.36( 135-> 140) -0.24( 134-> 140)
    4    3.631   341.4     0.1897    14.3007     0.65( 139-> 141) -0.48( 139-> 142)  0.36( 139-> 143)
    5    3.671   337.8     0.0601     0.4466    -0.57( 135-> 140) -0.43( 139-> 141) -0.36( 137-> 140)
    6    3.808   325.6     0.0070    -3.8404    -0.66( 139-> 144)  0.58( 139-> 143) -0.39( 139-> 141)
    7    3.923   316.1     0.2020    -8.7545     0.46( 133-> 140) -0.45( 139-> 142) -0.44( 138-> 143)
    8    4.005   309.6     0.2225    25.4415     0.68( 138-> 141) -0.43( 138-> 142)  0.35( 139-> 144)
    9    4.088   303.3     0.1061    -1.2232     0.52( 138-> 144) -0.48( 138-> 143) -0.38( 133-> 140)
