           6           1  0.343852060240555     
           7           2   1.44130705656032     
           7           6   1.22102528313946     
           8           7  0.940264704579214     
           9           8  0.937318614858653     
          10           3   1.39605958039272     
          10           6   1.27966747793348     
          10           9  0.933626897112274     
          11           9  0.963200818729867     
          12           8  0.936691556889710     
          13          12  0.980648138734353     
          14          13  0.934354722901693     
          15          14   1.83909853458852     
          16          14   1.07461876451149     
          17           1  0.511725196553246     
          18           3   1.28856362935158     
          18          17   1.17712918570538     
          19          18   1.10344001539183     
          20          19   1.56533108845210     
          21           4   1.38041364363699     
          21          17   1.18873023473373     
          21          20   1.01932030728444     
          22          19  0.987384066083825     
          23          20  0.940399569892591     
          24          23   1.86805000533239     
          25          23  0.977934519193485     
          26           1  0.408579094474177     
          27           4   1.31905173748486     
          27          26   1.31699178148288     
          28          27  0.907859643067334     
          29          28  0.949228709388153     
          30           5   1.45180238991745     
          30          26   1.19665390795923     
          30          29  0.941523141560784     
          31          28  0.975315526896734     
          32          29  0.952550470020098     
          33          32   1.01098153030696     
          34           1  0.538377699106589     
          35           5   1.23224185467652     
          35          34   1.09946242723159     
          36          35   1.27733003989579     
          37          36   1.31923645861252     
          38           2   1.18177298623406     
          38          34   1.23590683964846     
          38          37   1.16353125764485     
          39          36   1.02096711974600     
          40          37   1.06307293599228     
          41          40   1.80730827294400     
          42           2  0.967529842463483     
          42          40  0.838896287778289     
          43          42  0.946965637040723     
          44          43   1.78506909443847     
          45          43   1.07240210253596     
          46          45  0.977933745832731     
          47          16  0.961287634261869     
          48          47   1.00266783248201     
          49          48   1.88747406112101     
          50          49  0.982792706525298     
          51          49  0.960420278242681     
          52          51  0.965904566397555     
          53          52  0.992707913230016     
          54          53  0.965354835665899     
          55          54  0.978502633588957     
          56          54  0.965819491870186     
          57          56  0.980412854851716     
          58          57  0.972440264398367     
          59          58  0.972011896588546     
          60          59  0.972837681094342     
          61          59  0.982090497606905     
          62          61  0.997734203058591     
          63          62  0.972790964013023     
          64          63  0.966205815242957     
          65          64  0.995565753701385     
          66          64  0.988321890539944     
          67           3  0.934825802274087     
          68           4  0.931555378483887     
          69           5  0.937695085013754     
          70           8  0.936656403942611     
          71           9  0.942618885529255     
          72          11  0.981482752239468     
          73          11  0.975692619234906     
          74          11  0.974470832156039     
          75          12  0.967042996661636     
          76          12  0.955168931420729     
          77          13  0.957473355222375     
          78          13  0.960008326051827     
          79          22  0.968168281171341     
          80          22  0.963779915569711     
          81          22  0.973148145503532     
          82          25  0.952306605232123     
          83          25  0.965782295095536     
          84          25  0.962357089951674     
          85          28  0.943272976305251     
          86          29  0.937821032423311     
          87          31  0.978607071885661     
          88          31  0.980310408677995     
          89          31  0.975844683752717     
          90          32  0.967177881751288     
          91          32  0.964008350561565     
          92          33  0.984101706640349     
          93          33  0.968737115677234     
          94          33  0.981909190068915     
          95          39  0.973154847824833     
          96          39  0.959976443066371     
          97          39  0.957169638765255     
          98          42  0.918124029202261     
          99          46  0.989743432247767     
         100          46  0.976070932894409     
         101          46  0.983094156263654     
         102          47  0.954460295437537     
         103          47  0.954035362178374     
         104          48  0.941195483310429     
         105          50  0.976160185700080     
         106          50  0.973138734474148     
         107          50  0.969511274215850     
         108          51  0.962738884821855     
         109          51  0.954492541850934     
         110          52  0.962254378472688     
         111          52  0.965477907183967     
         112          53  0.954408950336996     
         113          53  0.956626857326051     
         114          54  0.950476688369371     
         115          55  0.978967553525974     
         116          55  0.975809837075407     
         117          55  0.980054809483868     
         118          56  0.967127172187881     
         119          56  0.961342943138180     
         120          57  0.968389309334610     
         121          57  0.973092481928596     
         122          58  0.967517087496214     
         123          58  0.965481756724410     
         124          59  0.948429051684920     
         125          60  0.978336831902901     
         126          60  0.982903415811877     
         127          60  0.980662805063610     
         128          61  0.948956454969327     
         129          61  0.953032280699350     
         130          62  0.961981021477043     
         131          62  0.962448376595010     
         132          63  0.966689709837418     
         133          63  0.968431031644035     
         134          64  0.952918682103586     
         135          65  0.976412414506540     
         136          65  0.971056581251480     
         137          65  0.976200056434793     
         138          66  0.980235978937247     
         139          66  0.974275418720402     
         140          66  0.982086062281549     
