 excitation energies, transition moments and TDA amplitudes
 state    eV      nm       fL        Rv(corr)
    1    2.229   556.3     0.5873     0.9782     0.85( 142-> 143)  0.42( 141-> 144)  0.17( 141-> 145)
    2    2.400   516.7     0.0920    -0.6513    -0.82( 141-> 143)  0.49( 142-> 144)  0.16( 139-> 143)
    3    3.355   369.6     0.0084     4.3838    -0.86( 140-> 143)  0.29( 142-> 144)  0.21( 141-> 144)
    4    3.596   344.8     0.0727     4.8216    -0.59( 139-> 143)  0.41( 142-> 144)  0.37( 140-> 143)
    5    3.771   328.8     0.0099    -5.9130    -0.62( 142-> 145) -0.54( 142-> 146) -0.43( 139-> 143)
    6    3.853   321.8     0.1017     0.3339     0.66( 142-> 146) -0.54( 142-> 145)  0.32( 142-> 144)
    7    3.911   317.0     0.1616    -2.2093     0.51( 141-> 145) -0.42( 139-> 143) -0.34( 142-> 144)
    8    4.040   306.9     0.0601     6.5880     0.52( 135-> 143) -0.28( 134-> 143) -0.25( 133-> 143)
    9    4.113   301.5     0.2456   -66.1621    -0.53( 141-> 145) -0.43( 141-> 146) -0.40( 137-> 143)
