  0.323862130912351     
  2.863341517174200E-002
 -3.233739726543394E-002
 -3.875002440005293E-002
 -2.499205834976248E-002
 -0.149231051177297     
  3.281453694573999E-002
 -1.488386289798882E-002
 -1.104210513304604E-002
  3.272477283059994E-002
 -8.967193005763541E-002
 -4.533940540061554E-002
 -8.820408603738539E-002
  0.203700503467974     
 -0.286560207088944     
 -0.130497726844338     
 -0.233279740376958     
  3.721850501388957E-002
 -2.868785033116161E-002
 -5.163951154418900E-002
  5.932169937278076E-003
 -7.380393884569880E-002
  9.490991417963901E-002
 -0.242993551351524     
 -7.604559285810897E-002
 -0.162471472170174     
  3.178768418839040E-002
 -1.790019880768412E-002
 -2.389514750384691E-002
  4.028040411180855E-002
 -9.560437340924466E-002
 -5.017573673423215E-002
 -7.731851762807995E-002
 -0.228613476705024     
  4.520167465979874E-002
  7.933245177700776E-003
 -5.996731921053922E-002
  3.642151758853451E-002
 -6.365667926554952E-002
  0.121283833594902     
 -0.242391721709035     
 -4.700774297474464E-002
  0.218744292423857     
 -0.292475735128011     
 -0.125487225431355     
  2.172021462205187E-002
  6.609685631381401E-002
 -7.705572876788302E-002
 -8.826019437731425E-003
 -9.506809924351778E-002
 -6.153312299952685E-002
 -6.441654397475549E-002
 -5.040967877069136E-002
 -4.487123733604381E-002
 -9.611972122058887E-002
 -7.320612284447581E-002
 -5.755098594334829E-002
 -8.288451015123588E-002
 -2.972482896441164E-002
 -9.969269179239504E-002
 -8.036022559808664E-002
 -5.282899930706630E-002
 -8.546742687252440E-002
 -2.669837430021893E-002
 -0.110152981847166     
 -9.387806661795040E-002
  6.107586207286353E-002
  5.939570801582461E-002
  5.777503350754221E-002
  5.835480210778354E-002
  5.094407704511217E-002
  3.582983159861797E-002
  3.897637293019773E-002
  3.540585954696573E-002
  5.427182574273803E-002
  4.166671674159417E-002
  3.555276800995921E-002
  3.913858754095445E-002
  5.218632244129751E-002
  4.652837297941992E-002
  4.718606009314397E-002
  5.230946271482784E-002
  4.722115844042141E-002
  5.498906376182522E-002
  4.894733885156410E-002
  5.286414820129381E-002
  3.012836612209402E-002
  4.698068763633789E-002
  3.636868169447360E-002
  2.931280469501496E-002
  3.459234570852121E-002
  4.570673119801327E-002
  3.149320192680760E-002
  3.106712449658422E-002
  5.101021669864225E-002
  5.554106025550232E-002
  5.294484701574298E-002
  6.038956013375285E-002
  4.978337908075925E-002
  5.306743017661608E-002
  4.912033676297523E-002
  5.851068853033570E-002
  5.541844472560364E-002
  2.516243998181034E-002
  3.573331146783676E-002
  4.414010171711180E-002
  4.813492272777320E-002
  4.762357838758258E-002
  2.828424414387065E-002
  3.469309682930521E-002
  2.343261204833869E-002
  4.138689196712375E-002
  3.240819294723207E-002
  1.885355424333823E-002
  4.278191505364148E-002
  3.839208619522083E-002
  3.060719022641012E-002
  3.757418884818542E-002
  3.566653611608783E-002
  3.774457675842768E-002
  3.799934415982820E-002
  3.309989061733121E-002
  3.322120735006440E-002
  4.215742130777267E-002
  3.598211487830583E-002
  3.076850845324408E-002
  2.938460438507884E-002
  3.497074101092090E-002
  3.926531946050416E-002
  3.844242930843955E-002
  5.004073045256507E-002
  2.722254859150008E-002
  3.656319175870970E-002
  3.222509122480166E-002
  2.602683423581353E-002
  3.357418469265572E-002
  2.974067937662961E-002
  4.421436218844554E-002
  3.450325314158020E-002
  3.232790603205549E-002
