 excitation energies, transition moments and TDA amplitudes
 state    eV      nm       fL        Rv(corr)
    1    2.205   562.2     0.4099     2.3347    -0.67( 144-> 145) -0.52( 143-> 145)  0.31( 143-> 147)
    2    2.286   542.3     0.4937     9.6570    -0.59( 143-> 145)  0.57( 144-> 145) -0.34( 142-> 145)
    3    2.629   471.6     0.0827    23.5068     0.86( 142-> 145) -0.37( 143-> 145) -0.23( 144-> 147)
    4    3.421   362.5     0.0075    11.4038     0.85( 141-> 145)  0.33( 144-> 147)  0.23( 138-> 145)
    5    3.549   349.3     0.2956   -31.1417    -0.58( 144-> 148)  0.49( 144-> 147) -0.30( 144-> 146)
    6    3.771   328.8     0.2500   -37.3997     0.44( 144-> 146)  0.42( 143-> 148) -0.41( 143-> 147)
    7    3.834   323.4     0.0178    53.4599     0.65( 144-> 146) -0.41( 139-> 145)  0.31( 143-> 147)
    8    3.887   319.0     0.0430     2.3379    -0.63( 139-> 145)  0.41( 138-> 145)  0.31( 143-> 148)
    9    3.986   311.1     0.1484    42.4025    -0.63( 137-> 145) -0.33( 143-> 146)  0.31( 135-> 145)
