           6           1  0.364053003307937     
           7           2   1.47347506661478     
           7           6   1.21322568246774     
           8           7  0.891536947540214     
           9           8  0.974971552117087     
          10           3   1.40270514472051     
          10           6   1.28018696764002     
          10           9  0.916686713034293     
          11           9  0.980390843455658     
          12           8  0.956948131341559     
          13          12  0.974828056667781     
          14          13  0.886155207569250     
          15          14   1.80741277253885     
          16          14   1.14191930335401     
          17           1  0.588124701205004     
          18           3   1.24906995063430     
          18          17   1.14733668645396     
          19          18   1.24621875885419     
          20          19   1.34481793684612     
          21           4   1.22713371127811     
          21          17   1.14666809093203     
          21          20   1.17843396341662     
          22          19  0.978523491121382     
          23          20  0.985877280094127     
          24          23   1.82577899982454     
          25          23  0.956476901896849     
          26           1  0.417623839144469     
          27           4   1.46168549974376     
          27          26   1.25858088400673     
          28          27  0.885920704965861     
          29          28  0.952271627856851     
          30           5   1.45933413625633     
          30          26   1.17930512490484     
          30          29  0.940520608753941     
          31          28  0.961068263159348     
          32          29  0.942739807979430     
          33          32   1.02153624079783     
          34           1  0.428038593431031     
          35           5   1.26084373844792     
          35          34   1.12865004827304     
          36          35   1.26027414687067     
          37          36   1.29394440528729     
          38           2   1.21817412293124     
          38          34   1.25127599373662     
          38          37   1.12666298455845     
          39          36  0.995593204463199     
          40          37   1.14947276682303     
          41          40   1.77719407848644     
          42           2  0.922884215361195     
          42          40  0.826690403837298     
          43          42  0.933958356862242     
          44          43   1.76983967878072     
          45          43   1.12956499936615     
          46          45  0.968583611121730     
          47          16  0.914382548103964     
          48          47   1.02898814739037     
          49          48   1.85230441218338     
          50          49  0.975336330445069     
          51          49  0.990411262903502     
          52          51  0.950348578232720     
          53          52  0.995428902252282     
          54          53  0.960392028226203     
          55          54  0.992823464012312     
          56          54  0.955109727341655     
          57          56  0.979723889179499     
          58          57  0.984806071479833     
          59          58  0.968405036429241     
          60          59  0.992240134030427     
          61          59  0.960966357120087     
          62          61  0.981097046858452     
          63          62  0.988569402095735     
          64          63  0.966436189673053     
          65          64  0.986594187375850     
          66          64  0.980333570740666     
          67           3  0.935143385687956     
          68           4  0.931225607281200     
          69           5  0.933671985161268     
          70           8  0.935124928501019     
          71           9  0.937457671252548     
          72          11  0.978082738410271     
          73          11  0.978044787467587     
          74          11  0.975281593032915     
          75          12  0.961464775503072     
          76          12  0.967256333651276     
          77          13  0.954012871199314     
          78          13  0.963296421173919     
          79          22  0.968281002171926     
          80          22  0.974044970925414     
          81          22  0.973422206133230     
          82          25  0.965315964588845     
          83          25  0.959850154877379     
          84          25  0.973182454236029     
          85          28  0.951200930474014     
          86          29  0.935388639343977     
          87          31  0.982305846008831     
          88          31  0.976566553218333     
          89          31  0.980920320097239     
          90          32  0.963041002307407     
          91          32  0.962735009452935     
          92          33  0.971820558478096     
          93          33  0.984713229909757     
          94          33  0.975825011998936     
          95          39  0.974109004599003     
          96          39  0.961295442563854     
          97          39  0.973187242501785     
          98          42  0.931235556718740     
          99          46  0.988095121794717     
         100          46  0.978597820124139     
         101          46  0.987905594858424     
         102          47  0.962850027299658     
         103          47  0.958354478421255     
         104          48  0.938574547841733     
         105          50  0.974013209203804     
         106          50  0.970947185133649     
         107          50  0.976584358679143     
         108          51  0.952885874043343     
         109          51  0.960168576501784     
         110          52  0.965876941047817     
         111          52  0.974573067480788     
         112          53  0.964310661107500     
         113          53  0.968024501447857     
         114          54  0.960474458139724     
         115          55  0.980355382390285     
         116          55  0.977011945945756     
         117          55  0.976089125016875     
         118          56  0.963966111192758     
         119          56  0.969153097724289     
         120          57  0.969034537414372     
         121          57  0.962346912949766     
         122          58  0.959492885636821     
         123          58  0.959893038292389     
         124          59  0.945984202726134     
         125          60  0.976519773442542     
         126          60  0.981746145213532     
         127          60  0.977791155983250     
         128          61  0.958465894275651     
         129          61  0.961608659437611     
         130          62  0.965172622779874     
         131          62  0.962281860340998     
         132          63  0.961487871541128     
         133          63  0.951320929919389     
         134          64  0.957791220678789     
         135          65  0.978652821457979     
         136          65  0.981667498532141     
         137          65  0.977749767144578     
         138          66  0.975361958643758     
         139          66  0.981382929838821     
         140          66  0.983234310393584     
