  0.332213230019583     
  1.581296195891557E-002
 -4.134030777734399E-002
 -3.483766663008669E-002
 -3.378236966479076E-002
 -0.163255178563816     
  5.086658145422973E-002
 -2.993973860000576E-002
 -2.088750579303422E-002
  3.413614345504090E-002
 -9.964436930259168E-002
 -5.569760112828703E-002
 -4.392362629627211E-002
  0.220959988153510     
 -0.274203266086000     
 -0.166335793773050     
 -0.204989486624211     
  2.840466010695764E-002
 -2.745791860444857E-002
 -7.014836739883545E-002
 -1.015186060552598E-002
 -7.469703898313007E-002
  0.162332248452340     
 -0.232569195657709     
 -8.445657372224424E-002
 -0.173698222506474     
  3.682579224045979E-002
 -4.630834687151086E-003
 -2.547023298228890E-002
  5.063405396156906E-002
 -9.501123197645178E-002
 -6.413455516482536E-002
 -0.100621327757327     
 -0.211608398610760     
  2.582618585878826E-002
  1.391308334134633E-002
 -5.131590400464603E-002
  4.613637154797656E-002
 -5.463317779141530E-002
  0.142157192188279     
 -0.232745340774490     
 -5.014776271510790E-002
  0.216361076071887     
 -0.246820621323284     
 -0.179554072224043     
  6.772419738115598E-003
  4.370583861584576E-002
 -7.389345877869236E-002
 -1.895233451753064E-002
 -8.654980036417381E-002
 -6.194527337586475E-002
 -6.066579089509450E-002
 -8.444958087149335E-002
 -2.966951060723932E-002
 -9.962678905179967E-002
 -7.065746255849348E-002
 -6.340590173961136E-002
 -7.984159347138409E-002
 -3.371213653243998E-002
 -0.106577660802465     
 -6.112612823398944E-002
 -6.825297797300678E-002
 -8.547598795632272E-002
 -2.981316600208395E-002
 -0.103173909176407     
 -0.105472496662064     
  5.696823470310575E-002
  5.720457678744417E-002
  5.880152394658567E-002
  4.712429996256984E-002
  5.480463448847894E-002
  4.159003805547046E-002
  3.054699374402281E-002
  4.682203331610602E-002
  4.041092563289672E-002
  4.602275956138668E-002
  4.821876030502070E-002
  4.583961640772327E-002
  4.248055343837520E-002
  4.824357886850383E-002
  4.745648766023491E-002
  4.618495935095901E-002
  5.050005005497415E-002
  5.642834662198881E-002
  5.159661670162075E-002
  5.085036193233750E-002
  3.619075781999614E-002
  3.592151222484907E-002
  3.367646207909214E-002
  3.967561541343934E-002
  2.701086307427503E-002
  3.446102520457905E-002
  2.888539650549993E-002
  3.764109416716488E-002
  5.205275923188735E-002
  5.948438974239767E-002
  5.074629199592740E-002
  5.533026394254748E-002
  4.770778242728757E-002
  5.335026630199813E-002
  6.095086897963808E-002
  4.896821954068087E-002
  5.882564014569192E-002
  3.607245302737827E-002
  4.130021046816290E-002
  4.772541518167850E-002
  4.441307083732704E-002
  4.768344215503251E-002
  4.210340566008242E-002
  3.360142894907769E-002
  3.399429306451796E-002
  3.355612108904860E-002
  2.884888983896572E-002
  3.901395754645121E-002
  3.503619937172786E-002
  3.623830642347614E-002
  3.336231083546459E-002
  3.221657885807550E-002
  3.428545723410348E-002
  3.453964396532416E-002
  3.710769884214349E-002
  2.642330278941918E-002
  3.293159515634370E-002
  3.134686842561263E-002
  3.230603587637682E-002
  3.582892025628481E-002
  2.865582473345973E-002
  5.035955628319055E-002
  2.447250747347507E-002
  3.667800932334042E-002
  3.417364289508362E-002
  3.837843020668308E-002
  3.854897478477903E-002
  3.793261258052971E-002
  3.341100019537180E-002
  3.275187192355111E-002
  3.600306669010667E-002
  3.405329477593055E-002
  3.470304633943588E-002
  3.588167574123613E-002
