 excitation energies, transition moments and TDA amplitudes
 state    eV      nm       fL        Rv(corr)
    1    2.300   539.1     0.7545     0.2821     0.87( 143-> 144) -0.37( 142-> 146)  0.15( 142-> 147)
    2    2.386   519.6     0.1464     0.6084     0.84( 142-> 144)  0.43( 143-> 146) -0.13( 141-> 144)
    3    3.198   387.6     0.0331     7.6136    -0.60( 143-> 147) -0.54( 143-> 146) -0.46( 141-> 144)
    4    3.248   381.7     0.0350   -15.3348    -0.83( 141-> 144)  0.38( 143-> 147) -0.18( 142-> 144)
    5    3.463   358.1     0.1197    13.3873    -0.75( 142-> 147) -0.59( 142-> 146) -0.18( 142-> 145)
    6    3.716   333.6     0.0014     9.5465    -0.71( 139-> 144) -0.44( 143-> 147) -0.23( 142-> 145)
    7    3.785   327.6     0.0893    -3.6495    -0.88( 143-> 145)  0.24( 143-> 146) -0.20( 139-> 144)
    8    4.002   309.8     0.0446     1.5733     0.57( 137-> 144) -0.49( 136-> 144)  0.29( 142-> 145)
    9    4.039   306.9     0.1506    -9.2371     0.63( 142-> 145) -0.43( 139-> 144) -0.37( 137-> 144)
