           6           1  0.382282797803336     
           7           2   1.41742902570107     
           7           6   1.22845280451835     
           8           7  0.945819360462103     
           9           8  0.956710856767011     
          10           3   1.43163043192695     
          10           6   1.24574858319816     
          10           9  0.942086203815231     
          11           9  0.958035327049799     
          12           8  0.941327834917751     
          13          12  0.974512150214086     
          14          13  0.945437647208339     
          15          14   1.83358890793089     
          16          14   1.06331509358543     
          17           1  0.520336755592985     
          18           3   1.25061659346794     
          18          17   1.23339278205943     
          19          18   1.13656861998120     
          20          19   1.47201567659103     
          21           4   1.25848215337727     
          21          17   1.13974345134449     
          21          20   1.10516199932418     
          22          19  0.983738845261253     
          23          20  0.947276221980409     
          24          23   1.85889040258341     
          25          23  0.983505493814867     
          26           1  0.381369004088542     
          27           4   1.47470810273550     
          27          26   1.20607765180825     
          28          27  0.923400669138739     
          29          28  0.956081494650541     
          30           5   1.44266504340913     
          30          26   1.28214566014308     
          30          29  0.897020577417930     
          31          28  0.980089632625114     
          32          29  0.961726123900488     
          33          32  0.992741291113993     
          34           1  0.505914904623169     
          35           5   1.25221289355682     
          35          34   1.12161386718200     
          36          35   1.20458416029342     
          37          36   1.35161357172298     
          38           2   1.21125069011150     
          38          34   1.24972482638392     
          38          37   1.13595472805937     
          39          36   1.00342116062777     
          40          37   1.11158286274251     
          41          40   1.80301400332348     
          42           2  0.955499671228266     
          42          40  0.832697521519919     
          43          42  0.899081820841498     
          44          43   1.86508853757885     
          45          43   1.04409052010129     
          46          45  0.969830074964899     
          47          16  0.949984018303798     
          48          47  0.986063081565244     
          49          48   1.88615565285778     
          50          49   1.00238875075372     
          51          49  0.957250345372277     
          52          51  0.963201289296885     
          53          52  0.998128864893148     
          54          53  0.967032439066805     
          55          54  0.985079851992606     
          56          54  0.966166107396364     
          57          56  0.972951607256841     
          58          57  0.989858392165624     
          59          58  0.952970596117555     
          60          59  0.985229491431621     
          61          59  0.979068828103705     
          62          61  0.985120074057521     
          63          62  0.992600307806760     
          64          63  0.958175924421941     
          65          64  0.996767786998725     
          66          64  0.986573924744530     
          67           3  0.940288720905946     
          68           4  0.924849634773853     
          69           5  0.939968686568366     
          70           8  0.932279518843780     
          71           9  0.938753181547934     
          72          11  0.978873218823945     
          73          11  0.977282180850599     
          74          11  0.973827379255926     
          75          12  0.955900468921698     
          76          12  0.953299594483217     
          77          13  0.959255567230727     
          78          13  0.951519038919283     
          79          22  0.970126835572520     
          80          22  0.974440127845397     
          81          22  0.969474759837635     
          82          25  0.970235032535037     
          83          25  0.959838031644373     
          84          25  0.954193676910768     
          85          28  0.939253162806205     
          86          29  0.939229860219507     
          87          31  0.974879273763277     
          88          31  0.979911642629548     
          89          31  0.973710715414507     
          90          32  0.964603494859930     
          91          32  0.967692792618101     
          92          33  0.980454360596931     
          93          33  0.984915519612113     
          94          33  0.982232494940466     
          95          39  0.970406495437357     
          96          39  0.956063791741912     
          97          39  0.975607169353771     
          98          42  0.930561134777320     
          99          46  0.985867531962188     
         100          46  0.985044289496603     
         101          46  0.986920994882659     
         102          47  0.972010092200390     
         103          47  0.958584091447931     
         104          48  0.944565204100438     
         105          50  0.969048042763089     
         106          50  0.964289831100403     
         107          50  0.972182230028371     
         108          51  0.960065071762102     
         109          51  0.964381457608784     
         110          52  0.961680260079967     
         111          52  0.959321051569367     
         112          53  0.950785473512814     
         113          53  0.955500790712054     
         114          54  0.951253591984416     
         115          55  0.978289022168162     
         116          55  0.980624895330031     
         117          55  0.978916630987950     
         118          56  0.960460880978212     
         119          56  0.966438038468012     
         120          57  0.971240511664020     
         121          57  0.962848163621241     
         122          58  0.962341407895953     
         123          58  0.966926008508098     
         124          59  0.954569716469755     
         125          60  0.982234424514990     
         126          60  0.976685336298559     
         127          60  0.980486665177710     
         128          61  0.948890334969163     
         129          61  0.965256164969063     
         130          62  0.960259218494944     
         131          62  0.963928419519352     
         132          63  0.962139023859427     
         133          63  0.957186525007345     
         134          64  0.954969533486022     
         135          65  0.980810486770095     
         136          65  0.977795710283550     
         137          65  0.973640510290592     
         138          66  0.982590143596525     
         139          66  0.976663187127642     
         140          66  0.977630817073543     
