  0.301993499572843     
  1.107278033992021E-002
 -4.285408043639105E-002
 -2.466443557761622E-002
 -5.042269815549094E-002
 -0.166369179900832     
  1.379457629505287E-002
 -4.323233470496390E-002
 -1.883550872421047E-002
  7.898798183476341E-002
 -8.642520694190114E-002
 -6.859501309963711E-002
 -5.600559021069440E-002
  0.221056410298335     
 -0.269503668072710     
 -0.145201255037716     
 -0.211051109069416     
  2.752147003966687E-002
 -1.634142049278609E-002
 -6.427448782554812E-002
  3.957326697391350E-002
 -7.602255845006756E-002
  0.165896669260622     
 -0.256730795100223     
 -0.102503527594031     
 -0.174357828882084     
  4.576841715315760E-002
 -1.571292381982836E-002
 -2.192598097903620E-002
  4.907579873115697E-002
 -9.376317965863290E-002
 -5.829702186204777E-002
 -9.040094572000346E-002
 -0.216521317500627     
  3.586506051948968E-002
 -6.975136167200802E-003
 -6.794070447521072E-002
  2.461138533640606E-002
 -6.113041513180661E-002
  0.161743102767826     
 -0.224506367553218     
  8.533714679113125E-004
  0.204664637580232     
 -0.296477558191055     
 -0.171521261483035     
  7.257210556079752E-003
  6.922527138495882E-002
 -7.030295477821991E-002
 -2.008393940146025E-002
 -0.112484613933240     
 -5.045435626873385E-002
 -5.544368032778291E-002
 -7.783591974755399E-002
 -1.525961344058135E-002
 -0.110508691373402     
 -6.613717603342817E-002
 -7.036537283444844E-002
 -7.880385931446732E-002
 -2.822738632140798E-002
 -9.801789678766770E-002
 -7.540258651905507E-002
 -6.156412317787030E-002
 -8.081678592935315E-002
 -2.487564062700098E-002
 -0.101860080814644     
 -9.983184716751303E-002
  4.539234742012055E-002
  5.491505708045608E-002
  4.294632031508816E-002
  5.424263812442154E-002
  3.891902420751092E-002
  4.659454965923338E-002
  4.288295057658464E-002
  3.083380325912455E-002
  3.149619457369712E-002
  4.534245244457502E-002
  5.711846107344509E-002
  3.752600138781115E-002
  5.317792346301886E-002
  4.584993769239232E-002
  5.148539927374651E-002
  5.502962990820393E-002
  3.790342584130779E-002
  4.643573397681189E-002
  4.619054536325029E-002
  4.802209845392336E-002
  3.506773760302795E-002
  4.178460927821559E-002
  3.577146584972102E-002
  4.422557406027217E-002
  2.766375075268535E-002
  4.614659293852608E-002
  3.260753431985874E-002
  4.090405041340950E-002
  4.613520967323936E-002
  5.615399003114252E-002
  5.347935535214599E-002
  6.932095907607050E-002
  6.574729875956509E-002
  5.923188585625294E-002
  5.646572065987376E-002
  6.470913798118672E-002
  6.412826727587384E-002
  3.303901811770715E-002
  3.730485646720205E-002
  3.593181493212227E-002
  3.831507624355124E-002
  3.885104414096330E-002
  4.601222601774924E-002
  5.014456979118420E-002
  3.085875141323158E-002
  3.746505582810056E-002
  3.519686574292313E-002
  3.359874890828707E-002
  1.920702152856812E-002
  3.407404721150753E-002
  3.675170355953927E-002
  2.874300731179669E-002
  3.683968986931918E-002
  4.175050993860352E-002
  3.178593478572089E-002
  3.623231650533287E-002
  3.493500094725732E-002
  3.722413929017676E-002
  2.928638468435929E-002
  3.202781025264989E-002
  3.030854402236949E-002
  3.828564548675639E-002
  3.830923753041549E-002
  4.034620189887028E-002
  3.511496638258060E-002
  3.231819738567265E-002
  3.238675056859996E-002
  2.751010952963318E-002
  3.104304141893865E-002
  3.758490751925347E-002
  2.928712368779596E-002
  2.564190289016199E-002
  3.668774021944154E-002
  3.563152949937476E-002
