 excitation energies, transition moments and TDA amplitudes
 state    eV      nm       fL        Rv(corr)
    1    2.161   573.8     0.6663     6.3592    -0.87( 140-> 141)  0.31( 139-> 143)  0.29( 139-> 142)
    2    2.300   539.1     0.0927    -3.1685     0.85( 139-> 141)  0.32( 140-> 142)  0.30( 140-> 143)
    3    3.232   383.6     0.0079     2.7897     0.91( 138-> 141)  0.19( 140-> 142)  0.18( 140-> 143)
    4    3.331   372.3     0.0677    34.3008    -0.67( 140-> 144) -0.65( 140-> 143) -0.16( 140-> 146)
    5    3.572   347.1     0.0574    10.5195    -0.74( 140-> 142)  0.40( 137-> 141)  0.31( 139-> 143)
    6    3.755   330.2     0.0074    31.9124    -0.44( 139-> 143)  0.43( 137-> 141) -0.40( 136-> 141)
    7    3.812   325.2     0.0829    -9.9892     0.52( 139-> 144)  0.45( 139-> 143)  0.31( 140-> 142)
    8    3.942   314.5     0.5467     6.8876     0.60( 139-> 142)  0.39( 139-> 144) -0.26( 140-> 144)
    9    4.013   309.0     0.0829   -46.6475    -0.55( 135-> 141) -0.54( 137-> 141) -0.40( 136-> 141)
