           6           1  0.338288804441944     
           7           2   1.38216386968385     
           7           6   1.15868748481036     
           8           7  0.971791781927627     
           9           8  0.954587223777609     
          10           3   1.32263047864294     
          10           6   1.37645611707187     
          10           9  0.954689531799064     
          11           9  0.961195253870334     
          12           8  0.919569176955376     
          13          12  0.965351932493384     
          14          13  0.922761606004756     
          15          14   1.80144068163448     
          16          14   1.13173139484589     
          17           1  0.535163055099701     
          18           3   1.31463679718262     
          18          17   1.09901964622610     
          19          18   1.20607571714637     
          20          19   1.45532576042801     
          21           4   1.26125257854989     
          21          17   1.25269174643864     
          21          20   1.06737781015808     
          22          19  0.975207641981605     
          23          20  0.997501046343719     
          24          23   1.83000413181221     
          25          23  0.972496605597899     
          26           1  0.420346749231750     
          27           4   1.44427012730132     
          27          26   1.19598581906389     
          28          27  0.952684710047818     
          29          28  0.966512976611120     
          30           5   1.41207882437084     
          30          26   1.26141812267866     
          30          29  0.943715236949354     
          31          28  0.934221541338512     
          32          29  0.937014138240708     
          33          32   1.00231002282753     
          34           1  0.506802296657523     
          35           5   1.25358422869101     
          35          34   1.19037786206272     
          36          35   1.17290463722222     
          37          36   1.36192850401433     
          38           2   1.28736012324048     
          38          34   1.16305022105977     
          38          37   1.16686984089508     
          39          36   1.00999134201621     
          40          37   1.05246012618469     
          41          40   1.83403356188611     
          42           2  0.927170024571988     
          42          40  0.849603021267787     
          43          42  0.966372950073131     
          44          43   1.75981579482102     
          45          43   1.09528373269116     
          46          45  0.945092129768374     
          47          16  0.937349769027027     
          48          47  0.997735105052974     
          49          48   1.91386382378576     
          50          49  0.958975661621524     
          51          49  0.971653834520908     
          52          51  0.982742832960829     
          53          52  0.968008334395383     
          54          53  0.974116617215726     
          55          54  0.984009624347180     
          56          54  0.963191301203595     
          57          56  0.990151251094182     
          58          57  0.978977419884781     
          59          58  0.965843560851580     
          60          59   1.01066999462407     
          61          59  0.947550611171588     
          62          61  0.977736198660332     
          63          62  0.995555532897779     
          64          63  0.944286837729065     
          65          64  0.981361386077912     
          66          64   1.00467319059047     
          67           3  0.937539143240533     
          68           4  0.932302906981026     
          69           5  0.941477417089789     
          70           8  0.929017412008609     
          71           9  0.941029531138213     
          72          11  0.973349959444948     
          73          11  0.974505276513531     
          74          11  0.981247492530749     
          75          12  0.968539124020665     
          76          12  0.960142504337091     
          77          13  0.951982095119130     
          78          13  0.970080155511587     
          79          22  0.970148473578150     
          80          22  0.976048923608598     
          81          22  0.968358571934368     
          82          25  0.953022300497177     
          83          25  0.970278666469198     
          84          25  0.962127416774833     
          85          28  0.942116777854392     
          86          29  0.935670952262811     
          87          31  0.981987570493874     
          88          31  0.977273544970683     
          89          31  0.981951656694393     
          90          32  0.959044860943067     
          91          32  0.967837516968787     
          92          33  0.978051006098440     
          93          33  0.981313399656049     
          94          33  0.985798163159241     
          95          39  0.958695138724264     
          96          39  0.973717303638910     
          97          39  0.963960232784119     
          98          42  0.925036118376779     
          99          46  0.979666765830587     
         100          46  0.981710056457857     
         101          46  0.987423427943954     
         102          47  0.956791572343729     
         103          47  0.958381275719946     
         104          48  0.932257556574417     
         105          50  0.976550996858410     
         106          50  0.982080050670763     
         107          50  0.973324169356241     
         108          51  0.957127267234644     
         109          51  0.948049905674936     
         110          52  0.958366960322765     
         111          52  0.968206265397521     
         112          53  0.963014356489485     
         113          53  0.960693789379139     
         114          54  0.949349877844257     
         115          55  0.979882556905905     
         116          55  0.977375369107059     
         117          55  0.974250159299612     
         118          56  0.960767684191667     
         119          56  0.960388666689889     
         120          57  0.965195749365370     
         121          57  0.967271455115140     
         122          58  0.964297107529405     
         123          58  0.957856119432776     
         124          59  0.948253720243390     
         125          60  0.977021250189691     
         126          60  0.972682076334549     
         127          60  0.973115530831326     
         128          61  0.966219607827004     
         129          61  0.966771790543335     
         130          62  0.966177968159309     
         131          62  0.969627467677305     
         132          63  0.969582026953921     
         133          63  0.965143272586044     
         134          64  0.960327433631193     
         135          65  0.983863358044331     
         136          65  0.978462946925822     
         137          65  0.983083381179946     
         138          66  0.974585758405670     
         139          66  0.977284404376608     
         140          66  0.974404466518197     
