  0.305493557830373     
  2.207628954788499E-002
 -3.926274903142613E-002
 -2.570693550561476E-002
 -3.207277864501545E-002
 -0.134529990555167     
  2.635510994138945E-002
  1.673888051912265E-003
 -1.670461934807754E-002
  2.215983194764037E-002
 -0.105134300567186     
 -4.987878995697059E-002
 -5.535314679301528E-002
  0.198000529648672     
 -0.294026113966246     
 -0.158752384569375     
 -0.205147028151559     
  7.134778499370054E-003
 -2.897342189936136E-002
 -5.784035172097379E-002
  7.975347909214836E-003
 -7.535646516157168E-002
  0.166381546621884     
 -0.249756834189499     
 -9.027924620365990E-002
 -0.179262216449094     
  2.755151986194848E-002
 -9.725623060516497E-003
 -5.431224089707065E-002
  1.864152185050694E-002
 -8.673508179128842E-002
 -4.263641539800300E-002
 -8.684001200995528E-002
 -0.217869552293309     
  5.566619739930490E-002
  8.814276216273065E-003
 -3.952592326211946E-002
  3.580815129495019E-002
 -6.611545091066962E-002
  0.111856890806803     
 -0.240459877794054     
 -4.121275376684608E-002
  0.232684947383557     
 -0.278987425654779     
 -0.139674475049526     
  1.534368351648974E-002
  3.434905023916457E-002
 -7.376064097582802E-002
 -1.598009909949294E-002
 -9.891973389199649E-002
 -5.415089615165058E-002
 -6.183045679112187E-002
 -8.613214462861141E-002
 -2.018004638054371E-002
 -9.198465736231931E-002
 -7.527252102609072E-002
 -5.260999562454405E-002
 -6.480085815255787E-002
 -1.988936436537170E-002
 -0.111809414250250     
 -7.804232953554635E-002
 -7.195675784614775E-002
 -6.268454747687002E-002
 -8.198188567143383E-003
 -0.115653621468468     
 -0.103331268452744     
  5.635292476155263E-002
  6.443114619119983E-002
  5.134362919097968E-002
  5.621474783316804E-002
  4.172436706709137E-002
  3.987397057954489E-002
  3.648790804577318E-002
  2.713988789045929E-002
  3.049935752854416E-002
  6.027320696623473E-002
  3.593614228372632E-002
  6.130372522359739E-002
  5.673689522218794E-002
  4.264490325224202E-002
  5.149702490058539E-002
  4.685993173843628E-002
  5.721288492174792E-002
  5.326925619334621E-002
  4.966277602198521E-002
  4.954068160420211E-002
  3.540435815426313E-002
  4.205978442210079E-002
  3.650323331373262E-002
  5.566556110101473E-002
  4.950341378552514E-002
  3.718564788695955E-002
  3.571350242848581E-002
  3.685145557085412E-002
  4.789434048951169E-002
  5.175926810348741E-002
  4.699763775819898E-002
  6.755335600686385E-002
  5.060558923403058E-002
  4.902068533512693E-002
  5.729253146327684E-002
  5.464408432259260E-002
  5.816113203166551E-002
  3.302245890818767E-002
  4.498646391957817E-002
  3.695065859002433E-002
  4.303426332241989E-002
  4.579368353808400E-002
  4.373162601449854E-002
  3.284316830589684E-002
  3.772832661315595E-002
  2.840729844560219E-002
  3.833340678741337E-002
  2.736636642828483E-002
  3.603136612293434E-002
  3.814301144358645E-002
  3.009642667652179E-002
  2.554909445744757E-002
  3.352364539073305E-002
  3.504428566179929E-002
  4.307416837389422E-002
  2.936972523891013E-002
  3.891368634347847E-002
  4.227534601725402E-002
  3.934786077766061E-002
  3.468312124478523E-002
  2.802710601699887E-002
  3.130116172138953E-002
  3.453477135555072E-002
  3.059704853366496E-002
  3.187211820088176E-002
  3.890514794761224E-002
  3.272073946930754E-002
  3.524515516775384E-002
  1.961991709761046E-002
  3.593626779577486E-002
  3.381684608502100E-002
  3.891604578155394E-002
  2.952503487565583E-002
  3.026486058671396E-002
