 excitation energies, transition moments and TDA amplitudes
 state    eV      nm       fL        Rv(corr)
    1    2.258   549.1     0.6294    -4.5838    -0.83( 139-> 140) -0.30( 138-> 140)  0.30( 138-> 142)
    2    2.396   517.4     0.1670    -1.4293     0.80( 138-> 140)  0.38( 139-> 142) -0.29( 139-> 140)
    3    3.452   359.2     0.0160    -5.6702     0.80( 137-> 140) -0.32( 139-> 141)  0.25( 138-> 142)
    4    3.574   346.9     0.1468     8.6122    -0.83( 139-> 141) -0.31( 137-> 140) -0.24( 136-> 140)
    5    3.682   336.7     0.1479    29.4687    -0.51( 139-> 142) -0.45( 136-> 140) -0.44( 139-> 143)
    6    3.760   329.7     0.0180     7.3180    -0.59( 139-> 144)  0.55( 139-> 143) -0.34( 136-> 140)
    7    3.839   323.0     0.1207    34.5577     0.63( 138-> 141) -0.43( 136-> 140) -0.37( 134-> 140)
    8    4.012   309.0     0.0891    28.3237     0.51( 134-> 140) -0.34( 139-> 142)  0.32( 138-> 141)
    9    4.141   299.4     0.0143    15.1654    -0.59( 131-> 140) -0.55( 133-> 140) -0.19( 134-> 142)
