           6           1  0.365395314902600     
           7           2   1.36796020766531     
           7           6   1.22556337729630     
           8           7  0.964563346082096     
           9           8  0.949438740424951     
          10           3   1.42946261096431     
          10           6   1.26739580058185     
          10           9  0.923747776633719     
          11           9  0.960965991433583     
          12           8  0.939041608301361     
          13          12  0.961715767842375     
          14          13  0.934177601678747     
          15          14   1.81369852228857     
          16          14   1.08581228604482     
          17           1  0.454415914276739     
          18           3   1.25586815507748     
          18          17   1.26148406932558     
          19          18   1.07062990165844     
          20          19   1.56248970221428     
          21           4   1.34957800140879     
          21          17   1.15393047952392     
          21          20   1.02916539489106     
          22          19  0.989115236440721     
          23          20  0.979516820995778     
          24          23   1.85370792446220     
          25          23  0.950874744253410     
          26           1  0.484820989018525     
          27           4   1.39939547875022     
          27          26   1.26922477394663     
          28          27  0.890243987388882     
          29          28  0.971622461601759     
          30           5   1.43255847856410     
          30          26   1.16570100045834     
          30          29  0.917526015593586     
          31          28  0.995226191610871     
          32          29  0.922550512917848     
          33          32   1.01733432959626     
          34           1  0.511002020546548     
          35           5   1.27323756019971     
          35          34   1.13215240096864     
          36          35   1.24120566410020     
          37          36   1.36527025082786     
          38           2   1.24838189903137     
          38          34   1.21294450665360     
          38          37   1.13644029785718     
          39          36  0.966700793952136     
          40          37   1.08911726558036     
          41          40   1.78530742314020     
          42           2  0.948831162919689     
          42          40  0.843071926670711     
          43          42  0.920321379701653     
          44          43   1.80345783480499     
          45          43   1.10655400974778     
          46          45  0.967096020795217     
          47          16  0.934421605629857     
          48          47  0.975018814823628     
          49          48   1.92642921454990     
          50          49  0.968260465395494     
          51          49  0.965802542594239     
          52          51  0.953709375807663     
          53          52  0.982409986451233     
          54          53  0.982264711193135     
          55          54  0.987884984576501     
          56          54  0.960879095434762     
          57          56  0.977858059613345     
          58          57  0.983257541749623     
          59          58  0.970172305226154     
          60          59  0.965725150845880     
          61          59  0.975396298752986     
          62          61  0.982886208106112     
          63          62  0.976613717004187     
          64          63  0.986094233421751     
          65          64  0.983943224921533     
          66          64  0.986569082081065     
          67           3  0.936886624541129     
          68           4  0.926251324514361     
          69           5  0.933462383437432     
          70           8  0.933808957592757     
          71           9  0.946679494322716     
          72          11  0.977336597403608     
          73          11  0.978700596942934     
          74          11  0.982015358017902     
          75          12  0.971677389890036     
          76          12  0.954801109484853     
          77          13  0.969149218085678     
          78          13  0.946808454403387     
          79          22  0.963877893113193     
          80          22  0.976093555043388     
          81          22  0.960803546230544     
          82          25  0.967131885070550     
          83          25  0.948861628122386     
          84          25  0.972898783309159     
          85          28  0.941266319962970     
          86          29  0.936958272007111     
          87          31  0.973626351149328     
          88          31  0.969078340664853     
          89          31  0.976526636694976     
          90          32  0.964810208929089     
          91          32  0.967243950430702     
          92          33  0.981595382413687     
          93          33  0.982335789677396     
          94          33  0.975658884138681     
          95          39  0.971107231289517     
          96          39  0.979386471929938     
          97          39  0.980265185655500     
          98          42  0.921376112712392     
          99          46  0.990258794412550     
         100          46  0.982016426183273     
         101          46  0.985464861448256     
         102          47  0.969184316352126     
         103          47  0.965303887189068     
         104          48  0.932457687009910     
         105          50  0.976676026318667     
         106          50  0.976348703470039     
         107          50  0.974375892835347     
         108          51  0.959727728013209     
         109          51  0.965737903692990     
         110          52  0.965460249767046     
         111          52  0.964930924983647     
         112          53  0.951590600868527     
         113          53  0.948431088889073     
         114          54  0.947471768418062     
         115          55  0.977926263743774     
         116          55  0.976230614260408     
         117          55  0.980354225666954     
         118          56  0.968158691108260     
         119          56  0.960300847927487     
         120          57  0.965442569686795     
         121          57  0.968716549016816     
         122          58  0.962154683776185     
         123          58  0.959024027969095     
         124          59  0.952017827202645     
         125          60  0.977002401538348     
         126          60  0.983298319603699     
         127          60  0.983365135570651     
         128          61  0.959729394503366     
         129          61  0.966087113266633     
         130          62  0.969494189488313     
         131          62  0.964664670573565     
         132          63  0.956945376963601     
         133          63  0.958526774302877     
         134          64  0.952816175613830     
         135          65  0.978038118234094     
         136          65  0.974400679652087     
         137          65  0.979160438935682     
         138          66  0.973561767953449     
         139          66  0.981654771116078     
         140          66  0.974732819607147     
